0,0.000000,0.000000,0.000000,0.000000,0.000000,0.000000,0.000000,0.000000,0.000000
0,0.000000,0.000000,0.000000,0.000000,0.000000,0.000000,0.000000,0.000000,0.000000
0,0.000000,0.000000,0.000000,0.000000,0.000000,0.000000,0.000000,0.000000,0.000000
0,0.000000,0.000000,0.000000,0.000000,0.000000,0.000000,0.000000,0.000000,0.000000
0,0.000000,0.000000,0.000000,0.000000,0.000000,0.000000,0.000000,0.000000,0.000000
0,0.000000,0.000000,0.000000,0.000000,0.000000,0.000000,0.000000,0.000000,0.000000
0,0.000000,0.000000,0.000000,0.000000,0.000000,0.000000,0.000000,0.000000,0.000000
0,0.000000,0.000000,0.000000,0.000000,0.000000,0.000000,0.000000,0.000000,0.000000
0,0.000000,0.000000,0.000000,0.000000,0.000000,0.000000,0.000000,0.000000,0.000000
0,0.000000,0.000000,0.000000,0.000000,0.000000,0.000000,0.000000,0.000000,0.000000
0,0.000000,0.000000,0.000000,0.000000,0.000000,0.000000,0.000000,0.000000,0.000000
0,0.000000,0.000000,0.000000,0.000000,0.000000,0.000000,0.000000,0.000000,0.000000
0,0.000000,0.000000,0.000000,0.000000,0.000000,0.000000,0.000000,0.000000,0.000000
0,0.000000,0.000000,0.000000,0.000000,0.000000,0.000000,0.000000,0.000000,0.000000
0,0.000000,0.000000,0.000000,0.000000,0.000000,0.000000,0.000000,0.000000,0.000000
0,0.000000,0.000000,0.000000,0.000000,0.000000,0.000000,0.000000,0.000000,0.000000
0,0.000000,0.000000,0.000000,0.000000,0.000000,0.000000,0.000000,0.000000,0.000000
0,0.000000,0.000000,0.000000,0.000000,0.000000,0.000000,0.000000,0.000000,0.000000
0,0.000000,0.000000,0.000000,0.000000,0.000000,0.000000,0.000000,0.000000,0.000000
0,0.000000,0.000000,0.000000,0.000000,0.000000,0.000000,0.000000,0.000000,0.000000
0,0.000000,0.000000,0.000000,0.000000,0.000000,0.000000,0.000000,0.000000,0.000000
0,0.000000,0.000000,0.000000,0.000000,0.000000,0.000000,0.000000,0.000000,0.000000
0,0.000000,0.000000,0.000000,0.000000,0.000000,0.000000,0.000000,0.000000,0.000000
0,0.000000,0.000000,0.000000,0.000000,0.000000,0.000000,0.000000,0.000000,0.000000
0,0.000000,0.000000,0.000000,0.000000,0.000000,0.000000,0.000000,0.000000,0.000000
0,0.000000,0.000000,0.000000,0.000000,0.000000,0.000000,0.000000,0.000000,0.000000
0,0.000000,0.000000,0.000000,0.000000,0.000000,0.000000,0.000000,0.000000,0.000000
0,0.000000,0.000000,0.000000,0.000000,0.000000,0.000000,0.000000,-0.000343,-0.000343
311159,0.112663,0.915766,-0.311668,0.006790,0.329169,-0.119620,-0.936639,-0.000343,0.000000
311163,0.112665,0.915763,-0.311650,0.006760,0.329129,-0.119638,-0.936651,-0.000343,-0.000343
311166,0.112668,0.915721,-0.311622,0.006926,0.328974,-0.119903,-0.936671,-0.000343,0.000000
311170,0.112685,0.915753,-0.311636,0.006748,0.329184,-0.119593,-0.936638,-0.000343,0.000000
311174,0.112702,0.915764,-0.311642,0.006846,0.329136,-0.119536,-0.936661,-0.000343,-0.000343
311177,0.112700,0.915769,-0.311649,0.006862,0.329064,-0.119646,-0.936672,-0.000343,0.000000
311180,0.112693,0.915765,-0.311681,0.007213,0.328609,-0.120284,-0.936748,-0.000343,0.000000
311184,0.112674,0.915726,-0.311645,0.006918,0.328996,-0.119892,-0.936664,-0.000343,-0.000343
311187,0.112679,0.915759,-0.311669,0.006814,0.329086,-0.119569,-0.936674,-0.000343,-0.000343
311191,0.112674,0.915754,-0.311658,0.006768,0.329105,-0.119598,-0.936664,-0.000343,-0.000343
311194,0.112669,0.915752,-0.311646,0.006759,0.329118,-0.119552,-0.936666,-0.000343,0.000000
311198,0.112679,0.915763,-0.311637,0.006816,0.329078,-0.119622,-0.936670,-0.000343,-0.000343
311202,0.112676,0.915757,-0.311630,0.006761,0.329203,-0.119524,-0.936640,-0.000343,-0.000343
311205,0.112667,0.915755,-0.311637,0.006781,0.329151,-0.119539,-0.936656,-0.000343,-0.000343
311209,0.112665,0.915760,-0.311659,0.006803,0.329098,-0.119513,-0.936677,-0.000343,-0.000343
311212,0.112654,0.915761,-0.311674,0.006820,0.329065,-0.119572,-0.936682,-0.000343,-0.000343
311216,0.112641,0.915763,-0.311693,0.006794,0.329152,-0.119468,-0.936664,-0.000343,-0.000343
311219,0.112641,0.915763,-0.311697,0.006801,0.329101,-0.119627,-0.936662,-0.000343,-0.000343
311223,0.112653,0.915766,-0.311691,0.006805,0.329148,-0.119519,-0.936659,-0.000343,0.000000
311227,0.112671,0.915762,-0.311678,0.006751,0.329123,-0.119579,-0.936661,-0.000343,-0.000343
311230,0.112692,0.915770,-0.311662,0.006777,0.329118,-0.119541,-0.936667,-0.000343,-0.000343
311234,0.112698,0.915758,-0.311645,0.006702,0.329208,-0.119568,-0.936633,-0.000343,-0.000343
311237,0.112703,0.915756,-0.311633,0.006774,0.329194,-0.119462,-0.936651,-0.000343,0.000000
311241,0.112701,0.915761,-0.311637,0.006775,0.329116,-0.119588,-0.936662,-0.000343,-0.000343
311244,0.112689,0.915764,-0.311639,0.006811,0.329168,-0.119518,-0.936652,-0.000343,-0.000343
311248,0.112672,0.915768,-0.311647,0.006816,0.329114,-0.119625,-0.936658,-0.000343,-0.000343
311251,0.112667,0.915769,-0.311652,0.006869,0.329092,-0.119534,-0.936677,-0.000343,-0.000343
311255,0.112664,0.915760,-0.311649,0.006774,0.329123,-0.119561,-0.936663,-0.000343,-0.000343
311259,0.112677,0.915764,-0.311639,0.006777,0.329135,-0.119592,-0.936655,-0.000343,0.000000
311262,0.112678,0.915762,-0.311632,0.006814,0.329069,-0.119587,-0.936678,-0.000343,-0.000343
311266,0.112681,0.915760,-0.311629,0.006764,0.329194,-0.119562,-0.936638,-0.000343,-0.000343
311269,0.112682,0.915762,-0.311632,0.006764,0.329174,-0.119618,-0.936638,-0.000343,-0.000343
311273,0.112681,0.915768,-0.311650,0.006824,0.329101,-0.119591,-0.936666,-0.000343,-0.000343
311276,0.112653,0.915762,-0.311668,0.006811,0.329085,-0.119583,-0.936673,-0.000343,-0.000343
311280,0.112637,0.915763,-0.311687,0.006798,0.329146,-0.119553,-0.936656,-0.000343,-0.000343
311283,0.112626,0.915765,-0.311704,0.006817,0.329075,-0.119611,-0.936673,-0.000343,-0.000343
311287,0.112625,0.915767,-0.311709,0.006820,0.329128,-0.119543,-0.936663,-0.000343,-0.000343
311291,0.112642,0.915772,-0.311695,0.006874,0.329099,-0.119552,-0.936672,-0.000343,-0.000343
311294,0.112655,0.915767,-0.311675,0.006855,0.329115,-0.119554,-0.936666,-0.000343,-0.000343
311298,0.112666,0.915759,-0.311642,0.006777,0.329167,-0.119481,-0.936658,-0.000343,-0.000343
311301,0.112663,0.915721,-0.311609,0.006911,0.329045,-0.119784,-0.936661,-0.000343,-0.000343
311305,0.112682,0.915760,-0.311617,0.006799,0.329127,-0.119476,-0.936672,-0.000343,-0.000343
311308,0.112676,0.915762,-0.311624,0.006784,0.329146,-0.119487,-0.936664,0.000000,-0.000343
311312,0.112659,0.915762,-0.311638,0.006808,0.329165,-0.119471,-0.936660,-0.000343,-0.000343
311316,0.112664,0.915801,-0.311671,0.006746,0.329112,-0.119290,-0.936702,0.000000,-0.000343
311319,0.112621,0.915764,-0.311673,0.006791,0.329146,-0.119560,-0.936655,0.002060,-0.000343
311322,0.112627,0.915765,-0.311701,0.007218,0.328632,-0.120185,-0.936752,0.010300,-0.000343
311326,0.112632,0.915764,-0.311676,0.006828,0.329088,-0.119573,-0.936673,0.031586,0.000000
311329,0.112644,0.915761,-0.311661,0.006830,0.329096,-0.119502,-0.936680,0.059052,-0.000343
311333,0.112653,0.915756,-0.311642,0.006802,0.329144,-0.119511,-0.936662,0.102654,-0.000343
311337,0.112667,0.915766,-0.311631,0.006845,0.329084,-0.119618,-0.936669,0.146942,-0.000343
311340,0.112672,0.915757,-0.311633,0.006828,0.329131,-0.119585,-0.936657,0.187111,-0.000343
311344,0.112668,0.915753,-0.311643,0.006723,0.329159,-0.119568,-0.936650,0.234833,-0.000343
311347,0.112669,0.915760,-0.311660,0.006775,0.329143,-0.119608,-0.936650,0.277061,-0.000343
311351,0.112648,0.915757,-0.311678,0.006783,0.329120,-0.119567,-0.936663,0.322723,-0.000343
311354,0.112635,0.915760,-0.311686,0.006754,0.329130,-0.119601,-0.936655,0.371819,-0.000343
311358,0.112629,0.915772,-0.311692,0.006848,0.329071,-0.119681,-0.936665,0.434303,-0.000343
311361,0.112633,0.915767,-0.311682,0.006808,0.329092,-0.119587,-0.936670,0.508461,-0.000343
311365,0.112644,0.915761,-0.311671,0.006805,0.329106,-0.119534,-0.936672,0.595665,-0.000343
311369,0.112664,0.915759,-0.311652,0.006790,0.329142,-0.119430,-0.936673,0.694542,-0.000343
311372,0.112671,0.915757,-0.311640,0.006773,0.329105,-0.119535,-0.936672,0.812645,-0.000343
311376,0.112677,0.915762,-0.311632,0.006772,0.329188,-0.119444,-0.936655,0.919418,-0.000343
311379,0.112680,0.915761,-0.311640,0.006812,0.329108,-0.119539,-0.936671,1.042328,-0.000343
311383,0.112670,0.915759,-0.311652,0.006850,0.329124,-0.119410,-0.936681,1.184464,-0.000343
311386,0.112667,0.915763,-0.311662,0.006841,0.329122,-0.119484,-0.936673,1.309090,-0.000343
311390,0.112680,0.915768,-0.311677,0.006856,0.329074,-0.119452,-0.936694,1.468735,-0.000343
311393,0.112665,0.915768,-0.311681,0.006880,0.329056,-0.119515,-0.936692,1.609497,-0.000343
311397,0.112671,0.915759,-0.311674,0.006784,0.329162,-0.119422,-0.936667,1.797638,-0.000343
311401,0.112679,0.915764,-0.311676,0.006872,0.329061,-0.119510,-0.936691,1.980629,-0.000343
311404,0.112681,0.915757,-0.311675,0.006865,0.329139,-0.119432,-0.936673,2.159500,-0.000343
311408,0.112702,0.915765,-0.311685,0.006837,0.329114,-0.119467,-0.936677,2.377853,-0.000343
311411,0.112706,0.915763,-0.311698,0.006937,0.329088,-0.119363,-0.936699,2.634315,-0.000343
311415,0.112712,0.915761,-0.311716,0.006835,0.329121,-0.119340,-0.936691,2.856445,-0.000343
311418,0.112713,0.915765,-0.311721,0.006886,0.329147,-0.119295,-0.936688,3.144493,-0.000343
311422,0.112710,0.915768,-0.311728,0.006961,0.329046,-0.119458,-0.936702,3.405075,-0.000687
311425,0.112713,0.915771,-0.311721,0.006932,0.329126,-0.119375,-0.936685,3.647461,-0.000343
311429,0.112712,0.915771,-0.311703,0.006902,0.329158,-0.119399,-0.936670,3.970871,-0.000343
311432,0.112723,0.915769,-0.311687,0.006958,0.329140,-0.119331,-0.936685,4.257202,-0.000343
311436,0.112729,0.915762,-0.311661,0.006833,0.329145,-0.119393,-0.936676,4.621124,-0.000343
311440,0.112746,0.915766,-0.311647,0.006901,0.329127,-0.119323,-0.936691,4.919815,-0.000343
311443,0.112769,0.915766,-0.311651,0.006931,0.329094,-0.119287,-0.936707,5.321846,-0.000343
311447,0.112781,0.915773,-0.311663,0.006982,0.329169,-0.119186,-0.936693,5.663795,-0.000343
311450,0.112796,0.915772,-0.311682,0.007031,0.329145,-0.119218,-0.936697,6.101875,-0.000343
311454,0.112845,0.915783,-0.311710,0.007163,0.329059,-0.119056,-0.936747,6.471977,-0.000343
311458,0.112868,0.915781,-0.311727,0.007168,0.329112,-0.118928,-0.936745,6.950569,-0.000343
311461,0.112921,0.915787,-0.311736,0.007242,0.329094,-0.118729,-0.936775,7.368050,-0.000343
311464,0.112975,0.915796,-0.311746,0.007322,0.329035,-0.118648,-0.936806,7.832222,-0.000343
311468,0.113042,0.915797,-0.311748,0.007419,0.329082,-0.118450,-0.936814,8.376045,-0.000687
311472,0.113125,0.915805,-0.311749,0.007571,0.329039,-0.118300,-0.936846,8.850861,-0.000343
311475,0.113177,0.915808,-0.311753,0.007662,0.329023,-0.118111,-0.936875,9.429359,-0.000343
311479,0.113238,0.915801,-0.311751,0.007749,0.328955,-0.118067,-0.936904,9.922028,-0.000687
311482,0.113296,0.915816,-0.311778,0.007789,0.329009,-0.117656,-0.936936,10.557518,-0.000343
311486,0.113389,0.915817,-0.311798,0.008086,0.328826,-0.117687,-0.936994,11.155243,-0.000343
311489,0.113459,0.915822,-0.311820,0.008215,0.328827,-0.117482,-0.937018,11.703529,-0.000343
311493,0.113578,0.915830,-0.311857,0.008432,0.328834,-0.117150,-0.937056,12.386055,-0.000343
311496,0.113697,0.915842,-0.311877,0.008601,0.328837,-0.116780,-0.937099,12.975197,-0.000687
311500,0.113901,0.915851,-0.311909,0.008906,0.328794,-0.116371,-0.937162,13.755913,-0.000343
311504,0.114130,0.915861,-0.311937,0.009171,0.328749,-0.115719,-0.937256,14.424019,-0.000343
311507,0.114330,0.915930,-0.311984,0.009301,0.328862,-0.114965,-0.937308,15.259323,-0.000343
311511,0.114574,0.915948,-0.312051,0.009782,0.328859,-0.114268,-0.937389,15.938416,-0.000343
311514,0.114763,0.915972,-0.312103,0.010078,0.328836,-0.113737,-0.937459,16.697159,-0.000343
311518,0.115032,0.916015,-0.312183,0.010629,0.328756,-0.112970,-0.937574,17.565079,-0.000687
311521,0.115251,0.916034,-0.312245,0.011021,0.328746,-0.112365,-0.937645,18.388023,-0.000687
311525,0.115558,0.916016,-0.312303,0.011765,0.328521,-0.111725,-0.937792,19.241524,-0.000687
311528,0.115800,0.916046,-0.312356,0.012159,0.328492,-0.111152,-0.937865,20.146866,-0.000687
311532,0.116177,0.916118,-0.312448,0.012656,0.328572,-0.109875,-0.937981,21.066971,-0.000343
311535,0.116491,0.916142,-0.312507,0.013240,0.328478,-0.109190,-0.938085,22.004929,-0.000687
311539,0.116891,0.916181,-0.312575,0.013985,0.328331,-0.108086,-0.938254,22.982712,-0.000343
311542,0.117193,0.916204,-0.312636,0.014492,0.328264,-0.107270,-0.938363,23.863678,-0.000343
311546,0.117591,0.916238,-0.312718,0.015284,0.328205,-0.106049,-0.938510,24.972954,-0.000687
311550,0.117963,0.916273,-0.312810,0.015928,0.328105,-0.104977,-0.938655,26.016312,-0.000687
311553,0.118270,0.916298,-0.312878,0.016424,0.328064,-0.104062,-0.938763,26.956329,-0.000343
311557,0.118693,0.916368,-0.312992,0.016912,0.328285,-0.102789,-0.938817,28.006210,-0.000343
311560,0.119021,0.916386,-0.313062,0.017535,0.328191,-0.101860,-0.938940,29.095573,-0.000687
311564,0.119467,0.916410,-0.313153,0.018306,0.328129,-0.100730,-0.939069,30.358658,-0.000687
311567,0.119802,0.916427,-0.313239,0.019334,0.327556,-0.100450,-0.939278,31.409912,-0.000687
311571,0.120301,0.916455,-0.313309,0.019706,0.328001,-0.098261,-0.939346,32.714882,-0.000687
311575,0.120835,0.916486,-0.313404,0.020542,0.327903,-0.096922,-0.939502,33.780556,-0.000343
311578,0.121239,0.916499,-0.313463,0.021296,0.327749,-0.095902,-0.939644,35.119171,-0.000343
311582,0.121769,0.916584,-0.313590,0.022061,0.327668,-0.094293,-0.939817,36.354790,-0.000687
311585,0.122147,0.916593,-0.313670,0.022710,0.327690,-0.093346,-0.939888,37.601738,-0.000687
311589,0.122690,0.916610,-0.313777,0.023510,0.327613,-0.091855,-0.940042,38.861389,-0.000687
311592,0.123103,0.916621,-0.313879,0.024298,0.327563,-0.090656,-0.940156,40.011177,-0.000343
311596,0.123602,0.916595,-0.313975,0.025338,0.327266,-0.089511,-0.940342,41.447296,-0.000687
311599,0.124026,0.916652,-0.314082,0.025886,0.327354,-0.088070,-0.940433,42.655449,-0.000343
311603,0.124612,0.916673,-0.314196,0.026789,0.327310,-0.086489,-0.940569,44.155426,-0.000687
311606,0.125085,0.916694,-0.314283,0.027701,0.327178,-0.085197,-0.940707,45.391388,-0.000343
311610,0.125715,0.916695,-0.314391,0.028735,0.327073,-0.083409,-0.940872,46.918831,-0.000343
311614,0.126321,0.916701,-0.314514,0.029798,0.326833,-0.081722,-0.941070,48.327827,-0.000343
311617,0.126839,0.916758,-0.314617,0.030408,0.327044,-0.080163,-0.941112,49.601898,-0.000687
311620,0.127298,0.916771,-0.314697,0.031132,0.327064,-0.078942,-0.941184,51.009865,-0.000687
311624,0.127879,0.916778,-0.314814,0.032108,0.326915,-0.077229,-0.941345,52.588806,-0.000687
311628,0.128480,0.916778,-0.314925,0.033178,0.326707,-0.075489,-0.941522,53.902016,-0.000343
311631,0.128959,0.916759,-0.315015,0.033961,0.326697,-0.074341,-0.941589,55.558205,-0.000343
311635,0.129599,0.916766,-0.315135,0.035068,0.326492,-0.072636,-0.941752,56.891670,-0.000687
311639,0.130226,0.916757,-0.315274,0.036039,0.326324,-0.070766,-0.941916,58.561592,-0.000687
311642,0.130778,0.916809,-0.315392,0.036801,0.326446,-0.069055,-0.941971,60.092125,-0.000343
311645,0.131261,0.916803,-0.315482,0.037548,0.326356,-0.067692,-0.942072,61.471596,-0.000687
311649,0.131932,0.916811,-0.315606,0.038650,0.326285,-0.065933,-0.942177,63.165894,-0.000687
311653,0.132612,0.916782,-0.315746,0.039788,0.326135,-0.064088,-0.942309,64.561157,-0.000687
311656,0.133127,0.916767,-0.315849,0.040733,0.325941,-0.062505,-0.942442,66.142502,-0.000687
311660,0.133789,0.916699,-0.315940,0.041899,0.325628,-0.061127,-0.942589,67.865295,-0.000687
311663,0.134374,0.916722,-0.316047,0.042726,0.325699,-0.059185,-0.942652,69.463120,-0.000687
311667,0.135144,0.916754,-0.316195,0.043806,0.325619,-0.056935,-0.942768,70.938377,-0.000343
311671,0.135779,0.916733,-0.316323,0.045036,0.325391,-0.055073,-0.942899,72.722282,-0.000687
311674,0.136302,0.916699,-0.316405,0.045771,0.325364,-0.053759,-0.942949,74.154282,-0.000687
311678,0.136956,0.916682,-0.316526,0.046753,0.325295,-0.051996,-0.943024,75.970459,-0.000687
311681,0.137433,0.916649,-0.316612,0.047569,0.325030,-0.050713,-0.943144,77.626305,-0.000343
311684,0.137997,0.916607,-0.316723,0.048558,0.324970,-0.049017,-0.943204,79.112206,-0.000687
311688,0.138805,0.916565,-0.316899,0.049993,0.324682,-0.046847,-0.943339,80.953102,-0.000343
311692,0.139580,0.916574,-0.317043,0.051108,0.324680,-0.044432,-0.943397,82.609978,-0.000687
311695,0.140115,0.916538,-0.317142,0.052021,0.324532,-0.043003,-0.943464,84.125404,-0.000687
311699,0.140875,0.916489,-0.317274,0.053372,0.324336,-0.040936,-0.943547,85.971451,-0.000343
311702,0.141402,0.916447,-0.317350,0.054144,0.324189,-0.039623,-0.943610,87.501984,-0.000687
311706,0.142165,0.916396,-0.317469,0.055430,0.324080,-0.037350,-0.943666,89.374123,-0.000687
311709,0.142816,0.916323,-0.317581,0.056437,0.323968,-0.035449,-0.943718,91.068764,-0.000687
311713,0.143577,0.916243,-0.317751,0.057791,0.323752,-0.033229,-0.943791,92.610970,-0.000687
311717,0.144375,0.916234,-0.317925,0.059078,0.323682,-0.030936,-0.943813,94.505081,-0.000687
311720,0.145031,0.916188,-0.318034,0.060109,0.323430,-0.029142,-0.943891,96.063080,-0.000343
311724,0.145800,0.916105,-0.318164,0.061529,0.323262,-0.027083,-0.943919,97.947578,-0.000687
311727,0.146375,0.916024,-0.318283,0.062467,0.323166,-0.025316,-0.943939,99.694405,-0.000687
311731,0.147275,0.915938,-0.318446,0.063831,0.323010,-0.022868,-0.943964,101.270256,-0.000343
311734,0.147871,0.915867,-0.318550,0.064795,0.322898,-0.021137,-0.943977,103.172607,-0.000687
311738,0.148661,0.915762,-0.318670,0.066236,0.322640,-0.018791,-0.944014,104.913254,-0.000687
311741,0.149300,0.915679,-0.318771,0.067325,0.322465,-0.017064,-0.944030,106.661797,-0.000687
311745,0.150169,0.915639,-0.318929,0.068551,0.322277,-0.014667,-0.944046,108.408966,-0.000343
311748,0.150836,0.915550,-0.319059,0.069680,0.322313,-0.012828,-0.943978,109.978981,-0.000687
311752,0.151692,0.915411,-0.319229,0.071203,0.322028,-0.010424,-0.943991,111.900215,-0.000687
311756,0.152463,0.915334,-0.319386,0.072411,0.321779,-0.008048,-0.944008,113.641891,-0.000687
311759,0.153024,0.915238,-0.319494,0.073292,0.321761,-0.006471,-0.943958,115.228386,-0.000687
311763,0.153814,0.915109,-0.319604,0.074693,0.321341,-0.004300,-0.944003,116.965256,-0.000687
311766,0.154384,0.915013,-0.319682,0.075573,0.321245,-0.002629,-0.943972,118.878250,-0.000343
311770,0.155235,0.914805,-0.319806,0.077076,0.320961,-0.000429,-0.943951,120.473328,-0.000687
311773,0.155958,0.914784,-0.319964,0.078146,0.320919,0.001912,-0.943875,122.408295,-0.000687
311777,0.156708,0.914675,-0.320130,0.079311,0.320943,0.003921,-0.943764,123.972816,-0.000343
311781,0.157480,0.914565,-0.320253,0.080566,0.320737,0.006214,-0.943715,125.914650,-0.000687
311784,0.158067,0.914448,-0.320370,0.081710,0.320440,0.007893,-0.943705,127.475395,-0.000343
311788,0.158812,0.914319,-0.320513,0.082992,0.320335,0.010143,-0.943608,129.400063,-0.000687
311791,0.159395,0.914205,-0.320622,0.083899,0.320254,0.011767,-0.943536,131.148949,-0.000687
311795,0.160203,0.914052,-0.320785,0.085260,0.320000,0.014035,-0.943469,132.901955,-0.000687
311798,0.160696,0.913890,-0.320879,0.086201,0.319840,0.014996,-0.943423,134.635391,-0.000687
311802,0.161458,0.913804,-0.321034,0.087394,0.319788,0.017746,-0.943283,136.386681,-0.000343
311805,0.162095,0.913711,-0.321157,0.088453,0.319538,0.019349,-0.943238,137.969398,-0.000687
311809,0.162899,0.913557,-0.321306,0.089829,0.319205,0.021749,-0.943168,139.911232,-0.000687
311812,0.163528,0.913429,-0.321409,0.090807,0.319166,0.023394,-0.943048,141.475410,-0.000687
311816,0.164352,0.913145,-0.321723,0.091963,0.319466,0.025841,-0.942771,143.407288,-0.000343
311820,0.165066,0.912998,-0.321864,0.093095,0.319190,0.028009,-0.942691,144.983826,-0.000687
311823,0.165655,0.912946,-0.321828,0.094345,0.318516,0.029771,-0.942741,146.897163,-0.000687
311827,0.166464,0.912778,-0.321985,0.095698,0.318168,0.031944,-0.942651,148.473701,-0.000687
311830,0.166936,0.912456,-0.322222,0.096407,0.318722,0.032719,-0.942365,150.395279,-0.000687
311834,0.167738,0.912268,-0.322358,0.097691,0.318359,0.034972,-0.942274,151.965294,-0.000687
311837,0.168310,0.912120,-0.322493,0.098781,0.318075,0.036864,-0.942185,153.717613,-0.000687
311841,0.169171,0.912046,-0.322680,0.099961,0.318044,0.039888,-0.941948,155.653610,-0.000687
311844,0.169752,0.911899,-0.322779,0.100775,0.318035,0.041594,-0.941790,157.219849,-0.000687
311848,0.170507,0.911721,-0.322938,0.102047,0.317812,0.043495,-0.941642,159.134903,-0.000687
311851,0.171176,0.911538,-0.323053,0.103242,0.317533,0.045536,-0.941510,160.730324,-0.000687
311855,0.171999,0.911302,-0.323220,0.104676,0.317133,0.048143,-0.941356,162.653618,-0.000687
311859,0.172807,0.911094,-0.323393,0.106058,0.316785,0.050559,-0.941192,164.389458,-0.000343
311862,0.173368,0.910791,-0.323473,0.107222,0.316642,0.051502,-0.941057,165.986252,-0.000687
311866,0.174200,0.910667,-0.323642,0.108332,0.316644,0.054319,-0.940771,167.915726,-0.000687
311869,0.174750,0.910384,-0.323734,0.109676,0.316106,0.055523,-0.940726,169.653625,-0.000687
311873,0.175586,0.910133,-0.323876,0.111011,0.315738,0.058198,-0.940531,171.221581,-0.000687
311876,0.176204,0.910047,-0.324017,0.111812,0.315753,0.060233,-0.940303,173.144188,-0.000343
311880,0.177110,0.909862,-0.324170,0.113210,0.315580,0.062894,-0.940020,174.721756,-0.000343
311884,0.177848,0.909632,-0.324326,0.114414,0.315489,0.065152,-0.939751,176.642647,-0.000687
311887,0.178411,0.909457,-0.324444,0.115366,0.315206,0.066717,-0.939619,178.401489,-0.000687
311890,0.179023,0.909244,-0.324573,0.116432,0.314874,0.068817,-0.939448,179.979057,-0.000343
311894,0.179798,0.908986,-0.324735,0.117936,0.314514,0.071017,-0.939217,181.892395,-0.000343
311898,0.180613,0.908731,-0.324871,0.119291,0.314441,0.073326,-0.938893,183.477173,-0.000687
311901,0.181226,0.908493,-0.324990,0.120246,0.314181,0.075055,-0.938721,185.408707,-0.000687
311904,0.181707,0.908194,-0.325089,0.121368,0.313837,0.075936,-0.938621,186.959152,-0.000687
311908,0.182445,0.907925,-0.325208,0.122626,0.313531,0.078468,-0.938352,188.713875,-0.000343
311912,0.183342,0.907744,-0.325377,0.123912,0.313295,0.081541,-0.938000,190.483360,-0.000687
311916,0.184057,0.907395,-0.325499,0.125286,0.313053,0.083368,-0.937737,192.395668,-0.000687
311919,0.184627,0.907183,-0.325638,0.126273,0.312865,0.084821,-0.937537,194.149017,-0.000687
311922,0.185282,0.907074,-0.325791,0.127125,0.312781,0.087749,-0.937181,195.730362,-0.000343
311926,0.185890,0.906687,-0.325958,0.128540,0.312255,0.088990,-0.937046,197.658119,-0.000343
311929,0.186532,0.906633,-0.326086,0.129412,0.312264,0.091417,-0.936689,199.221611,-0.000687
311933,0.187274,0.906338,-0.326231,0.130734,0.311792,0.093606,-0.936447,201.148682,-0.000343
311937,0.187986,0.906091,-0.326354,0.131905,0.311671,0.095422,-0.936139,202.712517,-0.000687
311940,0.188557,0.905865,-0.326460,0.132839,0.311480,0.097144,-0.935894,204.460716,-0.000687
311944,0.189332,0.905577,-0.326606,0.134046,0.311138,0.099290,-0.935610,206.388130,-0.000687
311947,0.189903,0.905357,-0.326714,0.134967,0.310979,0.100996,-0.935348,207.974625,-0.000687
311951,0.190653,0.905028,-0.326842,0.136484,0.310552,0.103485,-0.934998,209.901695,-0.000343
311954,0.191107,0.904656,-0.326932,0.137581,0.310104,0.104422,-0.934881,211.474800,-0.000343
311958,0.191815,0.904351,-0.327075,0.138742,0.309926,0.106440,-0.934541,213.406334,-0.000687
311962,0.192557,0.904062,-0.327235,0.140073,0.309561,0.108481,-0.934229,215.151443,-0.000343
311965,0.193084,0.903841,-0.327356,0.140850,0.309328,0.110151,-0.933994,216.886597,-0.000343
311969,0.193776,0.903537,-0.327516,0.142165,0.309130,0.112339,-0.933599,218.466568,-0.000343
311972,0.194371,0.903273,-0.327622,0.143222,0.308930,0.114080,-0.933293,220.391922,-0.000687
311976,0.195100,0.902949,-0.327768,0.144553,0.308327,0.116349,-0.933007,221.962624,-0.000687
311979,0.195602,0.902719,-0.327882,0.145388,0.308109,0.117854,-0.932760,223.888664,-0.000343
311983,0.196410,0.902376,-0.328031,0.146720,0.307967,0.120261,-0.932291,225.473442,-0.000343
311986,0.196949,0.902141,-0.328162,0.147591,0.307678,0.121703,-0.932062,227.392273,-0.000687
311990,0.197716,0.901952,-0.328361,0.148729,0.307502,0.124329,-0.931592,229.158325,-0.000343
311993,0.198234,0.901570,-0.328443,0.149804,0.307232,0.125545,-0.931346,230.733490,-0.000343
311997,0.199077,0.901450,-0.328567,0.150902,0.306891,0.128538,-0.930873,232.645798,-0.000687
312001,0.199589,0.900904,-0.328658,0.152251,0.306386,0.129703,-0.930658,234.228172,-0.000343
312004,0.200255,0.900830,-0.328742,0.152999,0.306414,0.132406,-0.930146,236.161423,-0.000343
312008,0.200977,0.900698,-0.328629,0.154744,0.304844,0.134524,-0.930069,237.895889,-0.000343
312011,0.201404,0.900314,-0.328760,0.155679,0.304620,0.135697,-0.929816,239.473114,-0.000343
312015,0.201984,0.899682,-0.329202,0.156740,0.305361,0.137214,-0.929172,241.403961,-0.000343
312018,0.202508,0.899582,-0.329355,0.157455,0.305246,0.139300,-0.928778,242.972603,-0.000343
312022,0.203257,0.899350,-0.329227,0.159048,0.303611,0.141493,-0.928711,244.890060,-0.000343
312025,0.203841,0.899056,-0.329347,0.160398,0.303302,0.143300,-0.928302,246.464195,-0.000343
312029,0.204370,0.898468,-0.329751,0.161118,0.304026,0.144713,-0.927722,248.386116,-0.000343
312033,0.205354,0.898267,-0.329630,0.163027,0.302628,0.147809,-0.927357,250.152512,-0.000343
312036,0.205982,0.897981,-0.329680,0.163870,0.302567,0.149561,-0.926947,251.901741,-0.000343
312040,0.206541,0.897309,-0.330085,0.165149,0.302916,0.151357,-0.926315,253.467293,-0.000343
312043,0.207177,0.897097,-0.329964,0.164556,0.303197,0.154865,-0.925748,255.401917,-0.000343
312046,0.207659,0.896807,-0.330054,0.165502,0.302900,0.156599,-0.925385,256.971931,-0.000343
312050,0.208428,0.896481,-0.330176,0.166613,0.302583,0.159125,-0.924858,258.898659,-0.000343
312054,0.209051,0.895988,-0.330410,0.168051,0.302202,0.161336,-0.924340,260.658531,-0.000343
312057,0.209510,0.895708,-0.330579,0.169020,0.302034,0.162787,-0.923963,262.405701,-0.000343
312061,0.210208,0.895315,-0.330764,0.170472,0.301623,0.164940,-0.923449,263.978462,-0.000343
312065,0.210990,0.894974,-0.330847,0.171547,0.301190,0.167651,-0.922903,265.907593,-0.000343
312065,0.210990,0.894974,-0.330847,0.171547,0.301190,0.167651,-0.922903,267.471085,-0.000343
312065,0.210990,0.894974,-0.330847,0.171547,0.301190,0.167651,-0.922903,269.397125,-0.000343
312065,0.210990,0.894974,-0.330847,0.171547,0.301190,0.167651,-0.922903,271.143265,-0.000343
312065,0.210990,0.894974,-0.330847,0.171547,0.301190,0.167651,-0.922903,272.899361,-0.000343
312065,0.210990,0.894974,-0.330847,0.171547,0.301190,0.167651,-0.922903,274.466286,0.000000
312065,0.210990,0.894974,-0.330847,0.171547,0.301190,0.167651,-0.922903,276.389923,-0.000343
312065,0.210990,0.894974,-0.330847,0.171547,0.301190,0.167651,-0.922903,277.970238,-0.000343
312065,0.210990,0.894974,-0.330847,0.171547,0.301190,0.167651,-0.922903,279.912071,-0.000343
312065,0.210990,0.894974,-0.330847,0.171547,0.301190,0.167651,-0.922903,281.646538,-0.000343
312065,0.210990,0.894974,-0.330847,0.171547,0.301190,0.167651,-0.922903,283.226509,-0.000343
312065,0.210990,0.894974,-0.330847,0.171547,0.301190,0.167651,-0.922903,285.151520,-0.000343
312065,0.210990,0.894974,-0.330847,0.171547,0.301190,0.167651,-0.922903,286.729088,-0.000343
312065,0.210990,0.894974,-0.330847,0.171547,0.301190,0.167651,-0.922903,288.654785,-0.000343
312065,0.210990,0.894974,-0.330847,0.171547,0.301190,0.167651,-0.922903,290.228920,-0.000343
312065,0.210990,0.894974,-0.330847,0.171547,0.301190,0.167651,-0.922903,292.134705,-0.000343
312065,0.210990,0.894974,-0.330847,0.171547,0.301190,0.167651,-0.922903,293.877411,-0.000343
312065,0.210990,0.894974,-0.330847,0.171547,0.301190,0.167651,-0.922903,295.463219,-0.000343
312065,0.210990,0.894974,-0.330847,0.171547,0.301190,0.167651,-0.922903,297.202835,0.000000
312065,0.210990,0.894974,-0.330847,0.171547,0.301190,0.167651,-0.922903,299.108276,0.000000
312065,0.210990,0.894974,-0.330847,0.171547,0.301190,0.167651,-0.922903,300.681038,0.000000
312065,0.210990,0.894974,-0.330847,0.171547,0.301190,0.167651,-0.922903,302.572060,0.000000
312065,0.210990,0.894974,-0.330847,0.171547,0.301190,0.167651,-0.922903,304.114952,0.000000
312065,0.210990,0.894974,-0.330847,0.171547,0.301190,0.167651,-0.922903,306.029320,0.000000
312065,0.210990,0.894974,-0.330847,0.171547,0.301190,0.167651,-0.922903,307.750397,0.000000
312065,0.210990,0.894974,-0.330847,0.171547,0.301190,0.167651,-0.922903,309.279556,0.000000
312065,0.210990,0.894974,-0.330847,0.171547,0.301190,0.167651,-0.922903,311.160622,0.000000
312065,0.210990,0.894974,-0.330847,0.171547,0.301190,0.167651,-0.922903,312.696648,0.000000
312065,0.210990,0.894974,-0.330847,0.171547,0.301190,0.167651,-0.922903,314.546814,0.000000
312065,0.210990,0.894974,-0.330847,0.171547,0.301190,0.167651,-0.922903,316.230469,0.000000
312171,0.228124,0.883286,-0.334297,0.203635,0.290706,0.224475,-0.907543,317.740402,0.000000
312175,0.228746,0.882801,-0.334358,0.204622,0.290248,0.226824,-0.906883,319.584732,0.000343
312178,0.229539,0.882644,-0.334317,0.205712,0.290136,0.226294,-0.906805,321.082649,0.000343
312182,0.230170,0.882202,-0.334321,0.205479,0.291968,0.227515,-0.905964,322.898140,0.000343
312185,0.230390,0.881618,-0.334544,0.207479,0.289461,0.231618,-0.905272,324.378548,0.000343
312189,0.230954,0.881129,-0.334689,0.208585,0.288866,0.234116,-0.904565,326.187515,0.000343
312192,0.231316,0.880795,-0.334801,0.209361,0.288540,0.235638,-0.904095,327.802505,0.000343
312196,0.231954,0.880385,-0.334972,0.211756,0.286576,0.237404,-0.903699,329.257851,0.000343
312199,0.232467,0.880061,-0.334993,0.211212,0.288743,0.237644,-0.903074,330.867348,0.000343
312203,0.233064,0.879535,-0.335152,0.212237,0.288378,0.240181,-0.902279,332.611771,0.000343
312206,0.233421,0.879143,-0.335339,0.212683,0.286809,0.243202,-0.901864,334.027290,0.000687
312210,0.234102,0.878745,-0.335377,0.214859,0.284862,0.244704,-0.901560,335.765190,0.000343
312214,0.234671,0.878230,-0.335433,0.215661,0.285046,0.246956,-0.900695,337.170753,0.000343
312217,0.234995,0.877819,-0.335467,0.215757,0.285611,0.248571,-0.900049,338.861275,0.000343
312221,0.235653,0.877140,-0.335779,0.220450,0.286930,0.245793,-0.899255,340.241432,0.000343
312224,0.236067,0.876785,-0.335859,0.221023,0.286812,0.247111,-0.898791,341.906891,0.000000
312228,0.236396,0.876288,-0.336187,0.222897,0.282285,0.252169,-0.898356,343.410645,0.000343
312231,0.236737,0.875957,-0.336322,0.223472,0.282221,0.253494,-0.897860,344.749260,0.000343
312235,0.237465,0.875592,-0.336212,0.223652,0.285819,0.251965,-0.897107,346.380043,0.000343
312238,0.237829,0.875252,-0.336272,0.224012,0.285948,0.253261,-0.896611,347.854958,0.000687
312242,0.238057,0.874687,-0.336534,0.225029,0.282343,0.258647,-0.895961,349.155121,0.000343
312246,0.238671,0.874215,-0.336523,0.226203,0.281360,0.260528,-0.895429,350.726509,0.000343
312249,0.239002,0.873892,-0.336557,0.226670,0.281466,0.261762,-0.894918,351.997833,0.000687
312253,0.239463,0.873452,-0.336627,0.227155,0.281380,0.263541,-0.894300,353.536606,0.000343
312256,0.239806,0.873110,-0.336680,0.227657,0.281311,0.264971,-0.893771,354.915047,0.000343
312259,0.240127,0.872820,-0.336792,0.228199,0.281188,0.266249,-0.893292,356.123543,0.000343
312263,0.240535,0.872436,-0.336918,0.228931,0.281045,0.267673,-0.892724,357.469368,0.000687
312267,0.240946,0.872040,-0.337010,0.229778,0.280410,0.269178,-0.892253,358.930550,0.000687
312270,0.241275,0.871709,-0.337076,0.230315,0.280382,0.270552,-0.891708,360.117073,0.000687
312274,0.241681,0.871309,-0.337085,0.230917,0.279994,0.272108,-0.891200,361.526070,0.000687
312277,0.242032,0.870996,-0.337088,0.231388,0.279877,0.273467,-0.890699,362.669678,0.000687
312281,0.242469,0.870586,-0.337086,0.232041,0.279698,0.275102,-0.890082,364.039536,0.000687
312285,0.242921,0.870178,-0.337129,0.232769,0.279339,0.276713,-0.889505,365.280647,0.000687
312288,0.243244,0.869895,-0.337166,0.233247,0.279017,0.277820,-0.889135,366.366234,0.000687
312292,0.243583,0.869531,-0.337262,0.233819,0.279074,0.279438,-0.888460,367.671547,0.000687
312295,0.243817,0.869273,-0.337365,0.234419,0.278825,0.280396,-0.888078,368.717308,0.000687
312299,0.244167,0.868876,-0.337492,0.235142,0.278591,0.281893,-0.887487,369.875336,0.000687
312303,0.244829,0.868880,-0.337192,0.234068,0.278701,0.285212,-0.886675,371.105461,0.000687
312306,0.245093,0.868598,-0.337268,0.234639,0.278493,0.286206,-0.886269,372.092857,0.000687
312310,0.245462,0.868227,-0.337329,0.235334,0.278464,0.287438,-0.885694,373.284531,0.000687
312313,0.245720,0.867959,-0.337372,0.235920,0.278275,0.288368,-0.885296,374.219055,0.000343
312317,0.245821,0.867378,-0.337624,0.237082,0.277974,0.288999,-0.884874,375.353737,0.000687
312320,0.246083,0.867122,-0.337635,0.237481,0.277836,0.290009,-0.884480,376.258736,0.000687
312324,0.246371,0.866813,-0.337675,0.238159,0.277713,0.291074,-0.883986,377.342606,0.000687
312327,0.246579,0.866600,-0.337733,0.238574,0.277588,0.291905,-0.883640,378.309402,0.000687
312330,0.246794,0.866351,-0.337816,0.239079,0.277324,0.292712,-0.883319,379.133720,0.000687
312334,0.247087,0.866036,-0.337926,0.239808,0.277105,0.293989,-0.882765,380.028419,0.000343
312338,0.247358,0.865746,-0.338023,0.240349,0.276814,0.294855,-0.882421,380.984917,0.000343
312341,0.247575,0.865520,-0.338063,0.240738,0.276667,0.295750,-0.882061,381.846313,0.000687
312345,0.247848,0.865221,-0.338102,0.241340,0.276612,0.296736,-0.881583,382.594757,0.000687
312348,0.248051,0.865000,-0.338125,0.241719,0.276421,0.297559,-0.881262,383.476753,0.000687
312352,0.248301,0.864729,-0.338140,0.242258,0.276129,0.298477,-0.880895,384.193611,0.000687
312356,0.248515,0.864475,-0.338184,0.242748,0.275916,0.299411,-0.880509,385.036125,0.000343
312359,0.248699,0.864290,-0.338232,0.243179,0.275658,0.300081,-0.880243,385.686722,0.000343
312363,0.249272,0.864460,-0.338201,0.242262,0.275925,0.302472,-0.879594,386.460571,0.000343
312366,0.249063,0.863882,-0.338381,0.244014,0.275402,0.301478,-0.879615,387.065163,0.000687
312370,0.249240,0.863634,-0.338415,0.243990,0.275255,0.302305,-0.879384,387.704086,0.000687
312373,0.249384,0.863480,-0.338445,0.244319,0.275163,0.302876,-0.879124,388.391075,0.000687
312377,0.249569,0.863285,-0.338447,0.244632,0.275154,0.303654,-0.878772,389.006996,0.000687
312380,0.249706,0.863115,-0.338462,0.244892,0.274971,0.304157,-0.878583,389.571075,0.000343
312384,0.249894,0.862902,-0.338463,0.245250,0.274771,0.304966,-0.878265,390.220642,0.000687
312388,0.250080,0.862684,-0.338496,0.245680,0.274667,0.305749,-0.877905,390.765839,0.000687
312391,0.250200,0.862536,-0.338534,0.245877,0.274570,0.306154,-0.877739,391.229324,0.000343
312395,0.250337,0.862360,-0.338591,0.246178,0.274439,0.306747,-0.877488,391.770401,0.000687
312398,0.250436,0.862233,-0.338650,0.246450,0.274374,0.307178,-0.877282,392.189598,0.000687
312402,0.250569,0.862077,-0.338702,0.246677,0.274249,0.307755,-0.877055,392.720718,0.000343
312405,0.250672,0.861953,-0.338737,0.246957,0.274130,0.308088,-0.876896,393.180428,0.000343
312409,0.250824,0.861823,-0.338747,0.247354,0.274109,0.308611,-0.876607,393.556709,0.000687
312413,0.250969,0.861686,-0.338749,0.247614,0.273870,0.309021,-0.876463,394.005775,0.000687
312416,0.251083,0.861576,-0.338748,0.247877,0.273764,0.309457,-0.876269,394.404030,0.000687
312419,0.251193,0.861476,-0.338745,0.247991,0.273740,0.309944,-0.876072,394.770012,0.000687
312423,0.251309,0.861342,-0.338759,0.248248,0.273578,0.310310,-0.875920,395.169296,0.000687
312427,0.251400,0.861230,-0.338793,0.248495,0.273490,0.310692,-0.875742,395.478630,0.000687
312430,0.251444,0.861145,-0.338824,0.248699,0.273431,0.311000,-0.875593,395.803413,0.000687
312434,0.251714,0.861282,-0.338851,0.248469,0.273431,0.312035,-0.875290,396.067085,0.000687
312437,0.251771,0.861205,-0.338879,0.248619,0.273446,0.312359,-0.875127,396.381912,0.000687
312441,0.251850,0.861104,-0.338908,0.248801,0.273402,0.312623,-0.874995,396.685753,0.000343
312444,0.251923,0.861026,-0.338918,0.248972,0.273333,0.312922,-0.874861,396.954231,0.000343
312448,0.252017,0.860911,-0.338909,0.249092,0.273263,0.313240,-0.874735,397.183228,0.000687
312452,0.251933,0.860588,-0.338908,0.249711,0.272992,0.312818,-0.874794,397.447243,0.000687
312455,0.252162,0.860740,-0.338893,0.249367,0.273133,0.313698,-0.874533,397.640190,0.000687
312459,0.252222,0.860660,-0.338897,0.249560,0.273165,0.314035,-0.874347,397.871590,0.000687
312462,0.252262,0.860610,-0.338926,0.249717,0.273138,0.314117,-0.874281,398.054924,0.000343
312466,0.252171,0.860312,-0.338969,0.250259,0.272770,0.313728,-0.874381,398.248558,0.000687
312469,0.252205,0.860273,-0.338995,0.250315,0.272774,0.313823,-0.874329,398.414040,0.000687
312473,0.252241,0.860212,-0.339027,0.250488,0.272817,0.314082,-0.874173,398.565788,0.000343
312476,0.252275,0.860175,-0.339034,0.250517,0.272746,0.314173,-0.874154,398.715477,0.000343
312480,0.252329,0.860111,-0.339034,0.250690,0.272721,0.314447,-0.874014,398.867912,0.000343
312483,0.252362,0.860083,-0.339023,0.250698,0.272725,0.314488,-0.873996,398.987045,0.000687
312487,0.252416,0.860009,-0.339007,0.250789,0.272547,0.314756,-0.873929,399.126778,0.000343
312490,0.252448,0.859980,-0.339006,0.250803,0.272566,0.314851,-0.873885,399.223595,0.000687
312494,0.252477,0.859946,-0.339012,0.250898,0.272609,0.315070,-0.873765,399.320068,0.000343
312498,0.252505,0.859914,-0.339029,0.250947,0.272482,0.315064,-0.873793,399.392166,0.000687
312501,0.252522,0.859890,-0.339040,0.250994,0.272501,0.315204,-0.873723,399.469757,0.000687
312505,0.252529,0.859870,-0.339048,0.251063,0.272497,0.315219,-0.873699,399.559364,0.000343
312508,0.252554,0.859845,-0.339053,0.251100,0.272482,0.315391,-0.873631,399.643478,0.000687
312512,0.252575,0.859825,-0.339048,0.251122,0.272446,0.315397,-0.873634,399.702873,0.000687
312515,0.252595,0.859792,-0.339042,0.251151,0.272510,0.315626,-0.873523,399.758492,0.000687
312519,0.252629,0.859758,-0.339032,0.251209,0.272319,0.315536,-0.873598,399.817200,0.000343
312522,0.252647,0.859731,-0.339027,0.251246,0.272340,0.315714,-0.873517,399.842949,0.000343
312526,0.252662,0.859735,-0.339032,0.251260,0.272452,0.315706,-0.873481,399.872131,0.000343
312530,0.252670,0.859709,-0.339045,0.251278,0.272317,0.315780,-0.873490,399.895477,0.000343
312533,0.252663,0.859704,-0.339058,0.251297,0.272356,0.315728,-0.873492,399.910927,0.000343
312537,0.252660,0.859697,-0.339064,0.251307,0.272392,0.315873,-0.873425,399.926376,0.000343
312540,0.252657,0.859696,-0.339071,0.251314,0.272333,0.315815,-0.873463,399.948006,0.000343
312544,0.252665,0.859686,-0.339075,0.251326,0.272402,0.315955,-0.873387,399.968262,0.000687
312547,0.252670,0.859691,-0.339071,0.251352,0.272418,0.315892,-0.873398,399.983025,0.000343
312551,0.252695,0.859666,-0.339069,0.251377,0.272297,0.315975,-0.873398,399.993668,0.000343
312555,0.252700,0.859660,-0.339052,0.251386,0.272424,0.316115,-0.873305,400.009460,0.000343
312558,0.252701,0.859651,-0.339041,0.251383,0.272403,0.316088,-0.873322,400.021133,0.000343
312562,0.252714,0.859642,-0.339037,0.251409,0.272294,0.316120,-0.873337,400.024567,0.000343
312565,0.252707,0.859645,-0.339030,0.251386,0.272331,0.316085,-0.873345,400.025253,0.000343
312568,0.252698,0.859653,-0.339024,0.251369,0.272350,0.316010,-0.873371,400.024910,0.000343
312572,0.252703,0.859640,-0.339024,0.251428,0.272288,0.316101,-0.873341,400.024910,0.000343
312576,0.252697,0.859643,-0.339020,0.251446,0.272385,0.316141,-0.873290,400.024910,0.000687
312579,0.252704,0.859643,-0.339020,0.251437,0.272392,0.316236,-0.873257,400.024567,0.000343
312583,0.252714,0.859629,-0.339020,0.251464,0.272239,0.316163,-0.873323,400.024567,0.000343
312586,0.252716,0.859627,-0.339013,0.251432,0.272259,0.316206,-0.873311,400.024223,0.000343
312590,0.252710,0.859632,-0.339015,0.251491,0.272369,0.316167,-0.873273,400.023537,0.000343
312593,0.252709,0.859618,-0.339020,0.251458,0.272365,0.316189,-0.873276,400.022163,0.000343
312596,0.252714,0.859626,-0.339027,0.251428,0.272294,0.316085,-0.873344,400.019417,0.000343
312601,0.252713,0.859628,-0.339050,0.251403,0.272321,0.316119,-0.873331,400.013924,0.000343
312604,0.252714,0.859617,-0.339061,0.251453,0.272269,0.316175,-0.873312,400.008087,0.000343
312608,0.252707,0.859628,-0.339062,0.251459,0.272349,0.316078,-0.873321,400.000191,0.000343
312611,0.252705,0.859625,-0.339056,0.251441,0.272416,0.316207,-0.873258,399.993668,0.000343
312615,0.252701,0.859620,-0.339041,0.251434,0.272283,0.316072,-0.873351,399.989204,0.000343
312618,0.252708,0.859619,-0.339029,0.251468,0.272261,0.316134,-0.873325,399.987488,0.000343
312622,0.252709,0.859623,-0.339010,0.251405,0.272362,0.316161,-0.873302,399.987144,0.000343
312625,0.252724,0.859611,-0.338994,0.251416,0.272320,0.316205,-0.873296,399.987144,0.000343
312629,0.252728,0.859611,-0.338994,0.251431,0.272325,0.316152,-0.873310,399.986801,0.000343
312632,0.252729,0.859612,-0.338989,0.251437,0.272355,0.316196,-0.873283,399.986801,0.000000
312636,0.252730,0.859607,-0.339005,0.251423,0.272291,0.316183,-0.873311,399.987144,0.000343
312640,0.252711,0.859610,-0.339024,0.251476,0.272372,0.316297,-0.873230,399.987144,0.000343
312643,0.252709,0.859614,-0.339031,0.251464,0.272373,0.316208,-0.873265,399.987144,0.000000
312647,0.252708,0.859601,-0.339050,0.251463,0.272293,0.316270,-0.873268,399.987144,0.000343
312650,0.252699,0.859608,-0.339046,0.251469,0.272303,0.316157,-0.873304,399.987144,0.000343
312654,0.252699,0.859607,-0.339040,0.251505,0.272363,0.316295,-0.873224,399.987488,0.000000
312657,0.252708,0.859614,-0.339037,0.251491,0.272255,0.316197,-0.873298,399.987488,0.000343
312661,0.252711,0.859600,-0.339009,0.251503,0.272370,0.316315,-0.873216,399.987831,0.000343
312664,0.252712,0.859604,-0.339000,0.251471,0.272383,0.316265,-0.873239,399.987831,0.000343
312668,0.252707,0.859599,-0.338992,0.251457,0.272264,0.316338,-0.873254,399.988174,0.000343
312672,0.252684,0.859613,-0.338987,0.251433,0.272366,0.316216,-0.873273,399.988518,0.000343
312675,0.252672,0.859607,-0.339002,0.251447,0.272404,0.316289,-0.873231,399.989204,0.000343
312679,0.252686,0.859612,-0.339022,0.251459,0.272249,0.316137,-0.873331,399.989204,0.000343
312682,0.252698,0.859603,-0.339037,0.251501,0.272321,0.316279,-0.873245,399.989548,0.000000
312686,0.252711,0.859605,-0.339045,0.251445,0.272343,0.316189,-0.873287,399.989891,0.000343
312689,0.252732,0.859599,-0.339041,0.251498,0.272325,0.316314,-0.873232,399.990578,0.000000
312693,0.252741,0.859605,-0.339025,0.251461,0.272347,0.316211,-0.873273,399.991264,0.000000
312697,0.252749,0.859596,-0.339001,0.251458,0.272294,0.316246,-0.873277,399.992294,0.000000
312700,0.252747,0.859599,-0.338982,0.251417,0.272297,0.316186,-0.873310,399.993324,0.000000
312704,0.252737,0.859600,-0.338972,0.251458,0.272390,0.316295,-0.873230,399.994354,0.000343
312707,0.252719,0.859603,-0.338981,0.251464,0.272369,0.316207,-0.873266,399.995384,0.000000
312711,0.252707,0.859592,-0.339002,0.251491,0.272244,0.316229,-0.873290,399.996414,0.000343
312714,0.252700,0.859604,-0.339012,0.251430,0.272316,0.316197,-0.873296,399.997444,0.000000
312718,0.252698,0.859597,-0.339030,0.251514,0.272322,0.316282,-0.873239,399.998474,0.000000
312721,0.252712,0.859609,-0.339046,0.251439,0.272277,0.316162,-0.873319,399.999161,0.000000
312725,0.252723,0.859606,-0.339050,0.251505,0.272378,0.316321,-0.873210,399.999847,0.000000
312728,0.252729,0.859607,-0.339048,0.251489,0.272371,0.316224,-0.873252,400.000191,0.000000
312732,0.252757,0.859588,-0.339029,0.251485,0.272268,0.316289,-0.873262,400.000534,0.000000
312736,0.252756,0.859588,-0.339001,0.251478,0.272408,0.316369,-0.873192,400.000877,0.000000
312738,0.252764,0.859588,-0.338994,0.251438,0.272317,0.316265,-0.873269,400.001221,0.000000
312743,0.252765,0.859589,-0.338987,0.251487,0.272292,0.316303,-0.873249,400.001564,0.000000
312746,0.252757,0.859589,-0.338986,0.251513,0.272351,0.316376,-0.873197,400.001907,-0.000343
312750,0.252733,0.859595,-0.338998,0.251475,0.272314,0.316274,-0.873256,400.001907,0.000000
312753,0.252722,0.859591,-0.339003,0.251479,0.272293,0.316345,-0.873236,400.001907,0.000000
312757,0.252698,0.859603,-0.339009,0.251469,0.272402,0.316257,-0.873236,400.001907,-0.000343
312760,0.252699,0.859601,-0.339015,0.251466,0.272413,0.316360,-0.873197,400.002251,0.000000
312764,0.252713,0.859604,-0.339022,0.251482,0.272270,0.316197,-0.873296,400.001907,-0.000343
312767,0.252720,0.859591,-0.339023,0.251498,0.272336,0.316367,-0.873209,400.001907,-0.000343
312771,0.252736,0.859597,-0.339012,0.251458,0.272395,0.316294,-0.873228,400.001907,0.000000
312775,0.252755,0.859591,-0.339007,0.251462,0.272260,0.316249,-0.873286,400.001907,0.000000
312778,0.252753,0.859593,-0.339005,0.251486,0.272304,0.316249,-0.873265,400.002251,0.000000
312782,0.252762,0.859595,-0.338999,0.251415,0.272345,0.316275,-0.873263,400.001907,0.000000
312785,0.252759,0.859589,-0.339003,0.251427,0.272282,0.316277,-0.873279,400.002251,-0.000343
312789,0.252748,0.859597,-0.338994,0.251458,0.272409,0.316265,-0.873234,400.002251,-0.000343
312792,0.252737,0.859595,-0.338996,0.251486,0.272383,0.316247,-0.873241,400.001907,0.000000
312796,0.252727,0.859585,-0.339000,0.251449,0.272281,0.316241,-0.873286,400.002251,-0.000343
312796,0.252727,0.859585,-0.339000,0.251449,0.272281,0.316241,-0.873286,400.002251,-0.000343
312796,0.252727,0.859585,-0.339000,0.251449,0.272281,0.316241,-0.873286,400.002251,-0.000343
312796,0.252727,0.859585,-0.339000,0.251449,0.272281,0.316241,-0.873286,400.002251,-0.000343
312796,0.252727,0.859585,-0.339000,0.251449,0.272281,0.316241,-0.873286,400.002251,-0.000343
312796,0.252727,0.859585,-0.339000,0.251449,0.272281,0.316241,-0.873286,400.002251,-0.000343
312796,0.252727,0.859585,-0.339000,0.251449,0.272281,0.316241,-0.873286,400.002251,-0.000343
312796,0.252727,0.859585,-0.339000,0.251449,0.272281,0.316241,-0.873286,400.002251,-0.000343
312796,0.252727,0.859585,-0.339000,0.251449,0.272281,0.316241,-0.873286,400.002251,-0.000343
312796,0.252727,0.859585,-0.339000,0.251449,0.272281,0.316241,-0.873286,400.002251,-0.000343
312796,0.252727,0.859585,-0.339000,0.251449,0.272281,0.316241,-0.873286,400.002251,-0.000343
