0,0.000000,0.000000,0.000000,0.000000,0.000000,0.000000,0.000000,0.000000,0.000000
0,0.000000,0.000000,0.000000,0.000000,0.000000,0.000000,0.000000,0.000000,0.000000
0,0.000000,0.000000,0.000000,0.000000,0.000000,0.000000,0.000000,0.000000,0.000000
0,0.000000,0.000000,0.000000,0.000000,0.000000,0.000000,0.000000,0.000000,0.000000
0,0.000000,0.000000,0.000000,0.000000,0.000000,0.000000,0.000000,0.000000,0.000000
0,0.000000,0.000000,0.000000,0.000000,0.000000,0.000000,0.000000,0.000000,0.000000
0,0.000000,0.000000,0.000000,0.000000,0.000000,0.000000,0.000000,0.000000,0.000000
0,0.000000,0.000000,0.000000,0.000000,0.000000,0.000000,0.000000,0.000000,0.000000
0,0.000000,0.000000,0.000000,0.000000,0.000000,0.000000,0.000000,0.000000,0.000000
0,0.000000,0.000000,0.000000,0.000000,0.000000,0.000000,0.000000,0.000000,0.000000
0,0.000000,0.000000,0.000000,0.000000,0.000000,0.000000,0.000000,0.000000,0.000000
0,0.000000,0.000000,0.000000,0.000000,0.000000,0.000000,0.000000,0.000000,0.000000
0,0.000000,0.000000,0.000000,0.000000,0.000000,0.000000,0.000000,0.000000,0.000000
0,0.000000,0.000000,0.000000,0.000000,0.000000,0.000000,0.000000,0.000000,0.000000
0,0.000000,0.000000,0.000000,0.000000,0.000000,0.000000,0.000000,0.000000,0.000000
0,0.000000,0.000000,0.000000,0.000000,0.000000,0.000000,0.000000,0.000000,0.000000
0,0.000000,0.000000,0.000000,0.000000,0.000000,0.000000,0.000000,0.000000,0.000000
0,0.000000,0.000000,0.000000,0.000000,0.000000,0.000000,0.000000,0.000000,0.000000
0,0.000000,0.000000,0.000000,0.000000,0.000000,0.000000,0.000000,0.000000,0.000000
0,0.000000,0.000000,0.000000,0.000000,0.000000,0.000000,0.000000,0.000000,0.000000
0,0.000000,0.000000,0.000000,0.000000,0.000000,0.000000,0.000000,0.000000,0.000000
0,0.000000,0.000000,0.000000,0.000000,0.000000,0.000000,0.000000,0.000000,0.000000
0,0.000000,0.000000,0.000000,0.000000,0.000000,0.000000,0.000000,0.000000,0.000000
290721,0.112159,0.915770,-0.311596,0.006506,0.329330,-0.120563,-0.936464,0.000343,0.000687
290724,0.112167,0.915762,-0.311572,0.006504,0.329369,-0.120426,-0.936468,0.000343,0.000687
290727,0.112164,0.915757,-0.311554,0.006511,0.329353,-0.120430,-0.936473,0.000343,0.000343
290731,0.112165,0.915765,-0.311550,0.006554,0.329267,-0.120492,-0.936495,0.000343,0.000687
290735,0.112137,0.915762,-0.311568,0.006521,0.329332,-0.120561,-0.936463,0.000343,0.000343
290738,0.112127,0.915763,-0.311595,0.006548,0.329333,-0.120533,-0.936466,0.000687,0.000687
290742,0.112114,0.915774,-0.311631,0.006563,0.329281,-0.120602,-0.936476,0.000343,0.000343
290745,0.112108,0.915772,-0.311649,0.006587,0.329285,-0.120573,-0.936477,0.000343,0.000343
290749,0.112108,0.915775,-0.311649,0.006543,0.329298,-0.120600,-0.936470,0.000343,0.000687
290752,0.112119,0.915773,-0.311633,0.006539,0.329265,-0.120532,-0.936490,0.000343,0.000687
290756,0.112138,0.915769,-0.311587,0.006529,0.329349,-0.120515,-0.936463,0.000687,0.000687
290760,0.112170,0.915763,-0.311544,0.006551,0.329313,-0.120440,-0.936485,0.000687,0.000343
290763,0.112185,0.915767,-0.311528,0.006585,0.329270,-0.120543,-0.936487,0.000343,0.000343
290766,0.112189,0.915762,-0.311533,0.006562,0.329270,-0.120527,-0.936489,0.000343,0.000343
290770,0.112187,0.915762,-0.311563,0.006496,0.329325,-0.120464,-0.936478,0.000343,0.000343
290774,0.112165,0.915769,-0.311602,0.006570,0.329311,-0.120434,-0.936486,0.000343,0.000343
290777,0.112143,0.915769,-0.311633,0.006553,0.329316,-0.120530,-0.936472,0.000687,0.000343
290781,0.112123,0.915774,-0.311658,0.006574,0.329353,-0.120522,-0.936460,0.000343,0.000343
290784,0.112121,0.915778,-0.311658,0.006573,0.329281,-0.120591,-0.936477,0.000343,0.000687
290788,0.112118,0.915764,-0.311641,0.006515,0.329367,-0.120428,-0.936468,0.000343,0.000687
290792,0.112145,0.915767,-0.311604,0.006563,0.329252,-0.120526,-0.936495,0.000343,0.000343
290795,0.112164,0.915765,-0.311579,0.006533,0.329318,-0.120418,-0.936486,0.000343,0.000687
290798,0.112170,0.915765,-0.311554,0.006513,0.329274,-0.120448,-0.936498,0.000343,0.000343
290802,0.112151,0.915760,-0.311537,0.006509,0.329340,-0.120371,-0.936485,0.000687,0.000343
290806,0.112140,0.915764,-0.311548,0.006541,0.329288,-0.120593,-0.936474,0.000687,0.000687
290809,0.112130,0.915769,-0.311564,0.006516,0.329350,-0.120488,-0.936466,0.000343,0.000687
290813,0.112124,0.915765,-0.311595,0.006499,0.329280,-0.120538,-0.936485,0.000343,0.000343
290816,0.112129,0.915768,-0.311613,0.006544,0.329295,-0.120479,-0.936486,0.000343,0.000343
290820,0.112132,0.915766,-0.311617,0.006479,0.329353,-0.120512,-0.936462,0.000343,0.000687
290823,0.112137,0.915760,-0.311613,0.006485,0.329348,-0.120394,-0.936479,0.000343,0.000687
290827,0.112148,0.915763,-0.311603,0.006575,0.329253,-0.120580,-0.936488,0.000343,0.000343
290830,0.112149,0.915761,-0.311591,0.006566,0.329332,-0.120469,-0.936475,0.000343,0.000687
290834,0.112136,0.915761,-0.311591,0.006550,0.329293,-0.120543,-0.936479,0.000343,0.000343
290837,0.112129,0.915766,-0.311594,0.006565,0.329335,-0.120459,-0.936475,0.000343,0.000687
290841,0.112108,0.915763,-0.311599,0.006506,0.329296,-0.120591,-0.936472,0.000343,0.000343
290845,0.112094,0.915764,-0.311609,0.006511,0.329300,-0.120548,-0.936476,0.000343,0.000687
290848,0.112089,0.915763,-0.311618,0.006510,0.329290,-0.120607,-0.936472,0.000343,0.000687
290852,0.112093,0.915765,-0.311623,0.006540,0.329313,-0.120485,-0.936479,0.000343,0.000687
290855,0.112100,0.915768,-0.311617,0.006537,0.329340,-0.120553,-0.936461,0.000343,0.000687
290859,0.112113,0.915766,-0.311598,0.006587,0.329254,-0.120533,-0.936493,0.000343,0.000687
290863,0.112118,0.915759,-0.311563,0.006472,0.329394,-0.120395,-0.936463,0.000343,0.000343
290866,0.112116,0.915757,-0.311554,0.006492,0.329349,-0.120473,-0.936469,0.000343,0.000687
290870,0.112115,0.915760,-0.311555,0.006545,0.329325,-0.120472,-0.936477,0.000343,0.000343
290873,0.112108,0.915762,-0.311570,0.006532,0.329334,-0.120455,-0.936476,0.000343,0.000343
290877,0.112101,0.915766,-0.311594,0.006570,0.329322,-0.120492,-0.936475,0.000343,0.000343
290880,0.112093,0.915769,-0.311612,0.006603,0.329284,-0.120538,-0.936482,0.000343,0.000343
290884,0.112074,0.915766,-0.311613,0.006517,0.329364,-0.120478,-0.936463,0.000343,0.000343
290887,0.112068,0.915762,-0.311609,0.006475,0.329393,-0.120484,-0.936452,0.000687,0.000687
290891,0.112082,0.915764,-0.311595,0.006551,0.329318,-0.120510,-0.936474,0.000343,0.000687
290894,0.112097,0.915767,-0.311583,0.006510,0.329298,-0.120505,-0.936482,0.000343,0.000687
290898,0.112118,0.915765,-0.311573,0.006543,0.329362,-0.120476,-0.936463,0.000343,0.000343
290902,0.112132,0.915764,-0.311568,0.006531,0.329303,-0.120502,-0.936481,0.000343,0.000343
290905,0.112125,0.915759,-0.311572,0.006537,0.329354,-0.120472,-0.936467,0.000343,0.000687
290909,0.112105,0.915757,-0.311584,0.006539,0.329271,-0.120571,-0.936483,0.000343,0.000343
290912,0.112089,0.915760,-0.311601,0.006519,0.329302,-0.120516,-0.936479,0.000343,0.000343
290916,0.112054,0.915763,-0.311629,0.006490,0.329362,-0.120578,-0.936451,0.000343,0.000687
290919,0.112042,0.915760,-0.311640,0.006497,0.329384,-0.120505,-0.936452,0.000343,0.000343
290923,0.112053,0.915772,-0.311639,0.006578,0.329276,-0.120636,-0.936473,0.000343,0.000343
290926,0.112058,0.915768,-0.311624,0.006553,0.329295,-0.120556,-0.936477,0.000343,0.000343
290930,0.112074,0.915764,-0.311593,0.006516,0.329294,-0.120558,-0.936477,0.000343,0.000343
290933,0.112096,0.915762,-0.311574,0.006538,0.329267,-0.120551,-0.936487,0.000343,0.000687
290937,0.112106,0.915755,-0.311552,0.006474,0.329342,-0.120540,-0.936462,0.000343,0.000343
290941,0.112117,0.915764,-0.311553,0.006567,0.329305,-0.120475,-0.936483,0.000343,0.000343
290944,0.112105,0.915761,-0.311557,0.006524,0.329279,-0.120538,-0.936485,0.000343,0.000343
290948,0.112078,0.915759,-0.311573,0.006506,0.329347,-0.120470,-0.936469,0.000343,0.000343
290951,0.112065,0.915764,-0.311592,0.006488,0.329343,-0.120582,-0.936457,0.000343,0.000343
290955,0.112063,0.915768,-0.311617,0.006534,0.329284,-0.120487,-0.936489,0.000343,0.000343
290958,0.112061,0.915768,-0.311628,0.006510,0.329287,-0.120603,-0.936474,0.000343,0.000687
290962,0.112062,0.915767,-0.311622,0.006520,0.329363,-0.120469,-0.936464,0.001717,0.000687
290966,0.112073,0.915768,-0.311601,0.006555,0.329276,-0.120493,-0.936491,0.011673,0.000343
290969,0.112069,0.915762,-0.311580,0.006506,0.329363,-0.120440,-0.936468,0.032616,0.000687
290973,0.112087,0.915760,-0.311564,0.006526,0.329285,-0.120510,-0.936486,0.064888,0.000343
290976,0.112097,0.915762,-0.311567,0.006523,0.329287,-0.120526,-0.936483,0.107117,0.000343
290979,0.112107,0.915767,-0.311579,0.006540,0.329285,-0.120521,-0.936485,0.155525,0.000343
290983,0.112103,0.915760,-0.311596,0.006490,0.329377,-0.120417,-0.936466,0.202560,0.000343
290987,0.112096,0.915764,-0.311617,0.006580,0.329264,-0.120516,-0.936492,0.247879,0.000687
290990,0.112088,0.915765,-0.311619,0.006552,0.329330,-0.120444,-0.936479,0.291138,0.000687
290994,0.112079,0.915763,-0.311622,0.006544,0.329297,-0.120570,-0.936474,0.335426,0.000343
290997,0.112086,0.915771,-0.311615,0.006595,0.329292,-0.120489,-0.936486,0.387611,0.000343
291001,0.112086,0.915759,-0.311605,0.006529,0.329296,-0.120526,-0.936480,0.451469,0.000343
291004,0.112091,0.915757,-0.311598,0.006516,0.329354,-0.120391,-0.936477,0.528717,0.000687
291008,0.112106,0.915766,-0.311587,0.006553,0.329278,-0.120517,-0.936487,0.622444,0.000687
291012,0.112100,0.915760,-0.311580,0.006549,0.329295,-0.120459,-0.936489,0.725098,0.000343
291015,0.112091,0.915757,-0.311578,0.006525,0.329306,-0.120454,-0.936486,0.838394,0.000343
291019,0.112102,0.915767,-0.311591,0.006596,0.329227,-0.120511,-0.936506,0.959587,0.000343
291022,0.112095,0.915765,-0.311603,0.006592,0.329255,-0.120558,-0.936490,1.082840,0.000343
291026,0.112103,0.915767,-0.311612,0.006546,0.329330,-0.120469,-0.936476,1.213989,0.000343
291029,0.112102,0.915769,-0.311613,0.006583,0.329263,-0.120526,-0.936491,1.351662,0.000343
291033,0.112096,0.915767,-0.311605,0.006564,0.329322,-0.120452,-0.936480,1.498604,0.000343
291036,0.112099,0.915763,-0.311599,0.006511,0.329346,-0.120457,-0.936471,1.658936,0.000343
291040,0.112112,0.915772,-0.311597,0.006625,0.329267,-0.120482,-0.936495,1.829567,0.000343
291043,0.112119,0.915770,-0.311598,0.006618,0.329255,-0.120506,-0.936496,2.015648,0.000343
291047,0.112125,0.915768,-0.311603,0.006587,0.329336,-0.120323,-0.936492,2.217865,0.000343
291051,0.112139,0.915777,-0.311610,0.006662,0.329289,-0.120300,-0.936511,2.447891,0.000343
291054,0.112136,0.915772,-0.311612,0.006655,0.329271,-0.120304,-0.936517,2.690964,0.000343
291058,0.112134,0.915777,-0.311614,0.006663,0.329305,-0.120310,-0.936504,2.939186,0.000343
291061,0.112147,0.915776,-0.311612,0.006648,0.329317,-0.120302,-0.936501,3.201141,0.000343
291065,0.112150,0.915774,-0.311602,0.006680,0.329313,-0.120240,-0.936510,3.490219,0.000343
291068,0.112163,0.915774,-0.311597,0.006634,0.329323,-0.120237,-0.936507,3.731232,0.000343
291072,0.112169,0.915773,-0.311585,0.006678,0.329229,-0.120181,-0.936547,4.026146,0.000343
291076,0.112149,0.915766,-0.311583,0.006601,0.329338,-0.120297,-0.936494,4.339943,0.000343
291079,0.112162,0.915773,-0.311584,0.006645,0.329315,-0.120189,-0.936516,4.682579,0.000343
291082,0.112195,0.915782,-0.311593,0.006719,0.329282,-0.120214,-0.936524,5.029678,0.000343
291086,0.112207,0.915785,-0.311624,0.006782,0.329267,-0.120115,-0.936541,5.399780,0.000343
291090,0.112256,0.915789,-0.311639,0.006813,0.329241,-0.120106,-0.936551,5.783615,0.000343
291093,0.112304,0.915797,-0.311650,0.006906,0.329183,-0.119938,-0.936593,6.186333,0.000343
291097,0.112350,0.915798,-0.311643,0.006865,0.329245,-0.119861,-0.936581,6.603470,0.000687
291100,0.112400,0.915800,-0.311636,0.006951,0.329246,-0.119688,-0.936602,7.038460,0.000343
291104,0.112475,0.915807,-0.311627,0.007127,0.329133,-0.119527,-0.936661,7.510872,0.000343
291107,0.112531,0.915810,-0.311625,0.007193,0.329174,-0.119345,-0.936669,7.985001,0.000343
291111,0.112614,0.915820,-0.311632,0.007258,0.329189,-0.119133,-0.936691,8.476295,0.000343
291115,0.112681,0.915827,-0.311649,0.007439,0.329103,-0.118915,-0.936747,9.002266,0.000343
291118,0.112730,0.915828,-0.311664,0.007514,0.329105,-0.118837,-0.936756,9.546089,0.000343
291121,0.112785,0.915836,-0.311687,0.007641,0.329163,-0.118707,-0.936751,10.097809,0.000000
291125,0.112882,0.915848,-0.311731,0.007779,0.329073,-0.118402,-0.936820,10.667381,0.000343
291129,0.113004,0.915862,-0.311774,0.007970,0.329114,-0.117977,-0.936858,11.265106,0.000343
291132,0.113121,0.915870,-0.311803,0.008158,0.329075,-0.117701,-0.936904,11.896133,0.000343
291136,0.113318,0.915887,-0.311836,0.008510,0.328961,-0.117187,-0.937006,12.539177,0.000343
291139,0.113498,0.915892,-0.311849,0.008847,0.328879,-0.116941,-0.937062,13.207283,0.000343
291143,0.113746,0.915903,-0.311874,0.009132,0.328982,-0.116116,-0.937126,13.905258,0.000343
291147,0.114037,0.915976,-0.311938,0.009436,0.329047,-0.115188,-0.937214,14.646149,0.000000
291150,0.114267,0.915994,-0.311978,0.009782,0.329002,-0.114537,-0.937306,15.486946,0.000343
291154,0.114552,0.916021,-0.312044,0.010263,0.328953,-0.113801,-0.937408,16.172905,0.000343
291157,0.114739,0.916047,-0.312095,0.010654,0.328903,-0.113263,-0.937486,16.939201,0.000343
291161,0.115012,0.916073,-0.312173,0.011125,0.328924,-0.112451,-0.937571,17.725410,0.000343
291164,0.115240,0.916101,-0.312230,0.011530,0.328925,-0.111723,-0.937653,18.547668,0.000343
291168,0.115517,0.916080,-0.312286,0.012252,0.328603,-0.111286,-0.937809,19.422112,0.000343
291171,0.115772,0.916110,-0.312347,0.012689,0.328629,-0.110577,-0.937878,20.334663,0.000343
291175,0.116168,0.916183,-0.312449,0.013226,0.328674,-0.109382,-0.937995,21.255112,0.000343
291178,0.116456,0.916203,-0.312500,0.013792,0.328554,-0.108677,-0.938111,22.189636,0.000343
291182,0.116851,0.916237,-0.312556,0.014383,0.328362,-0.107700,-0.938282,23.162270,0.000343
291186,0.117251,0.916271,-0.312624,0.015043,0.328404,-0.106510,-0.938393,24.135933,0.000343
291189,0.117536,0.916285,-0.312684,0.015607,0.328248,-0.105727,-0.938526,25.141869,0.000343
291192,0.117873,0.916358,-0.312767,0.015960,0.328329,-0.104516,-0.938628,26.159134,0.000343
291196,0.118270,0.916346,-0.312837,0.016783,0.328192,-0.103643,-0.938758,27.199402,0.000343
291200,0.118717,0.916426,-0.312943,0.017391,0.328250,-0.102325,-0.938871,28.248596,0.000343
291203,0.119034,0.916434,-0.313007,0.017871,0.328240,-0.101417,-0.938964,29.319420,0.000343
291207,0.119448,0.916447,-0.313086,0.018601,0.328220,-0.100233,-0.939084,30.442085,0.000343
291210,0.119781,0.916466,-0.313152,0.019173,0.328046,-0.099346,-0.939228,31.593590,0.000343
291214,0.120259,0.916497,-0.313265,0.020007,0.328081,-0.097781,-0.939362,32.750244,0.000343
291217,0.120646,0.916520,-0.313345,0.020670,0.327956,-0.096828,-0.939490,33.897629,0.000343
291221,0.121144,0.916559,-0.313440,0.021551,0.327835,-0.095400,-0.939659,35.081406,0.000343
291225,0.121670,0.916623,-0.313543,0.022328,0.327827,-0.093783,-0.939806,36.280289,0.000343
291228,0.122060,0.916631,-0.313614,0.022933,0.327807,-0.092805,-0.939896,37.496338,0.000343
291232,0.122594,0.916659,-0.313723,0.023820,0.327658,-0.091453,-0.940058,38.727150,0.000343
291235,0.123011,0.916660,-0.313796,0.024450,0.327620,-0.090218,-0.940175,39.956245,0.000343
291239,0.123489,0.916638,-0.313879,0.025550,0.327401,-0.089234,-0.940316,41.212463,0.000343
291242,0.123912,0.916698,-0.313976,0.026052,0.327429,-0.087788,-0.940428,42.497520,0.000343
291246,0.124448,0.916707,-0.314074,0.026884,0.327363,-0.086347,-0.940561,43.816910,0.000343
291249,0.124864,0.916726,-0.314163,0.027594,0.327301,-0.085105,-0.940675,45.143852,0.000343
291253,0.125479,0.916736,-0.314278,0.028664,0.327112,-0.083463,-0.940856,46.475945,0.000343
291257,0.126051,0.916741,-0.314397,0.029554,0.327034,-0.081876,-0.940995,47.816963,0.000343
291260,0.126523,0.916747,-0.314494,0.030428,0.326932,-0.080572,-0.941115,49.167595,0.000343
291264,0.127175,0.916815,-0.314628,0.031281,0.327015,-0.078693,-0.941218,50.528183,0.000343
291267,0.127576,0.916823,-0.314709,0.031957,0.326990,-0.077547,-0.941298,51.889114,0.000343
291271,0.128138,0.916822,-0.314823,0.032821,0.326941,-0.075857,-0.941424,53.284721,0.000343
291274,0.128584,0.916819,-0.314913,0.033672,0.326700,-0.074648,-0.941574,54.705048,0.000343
291278,0.129172,0.916806,-0.315028,0.034622,0.326657,-0.073138,-0.941673,56.133270,0.000343
291281,0.129627,0.916810,-0.315119,0.035406,0.326582,-0.071928,-0.941763,57.563553,0.000343
291285,0.130279,0.916811,-0.315251,0.036567,0.326304,-0.070093,-0.941953,59.006538,0.000343
291288,0.130787,0.916852,-0.315363,0.037222,0.326387,-0.068430,-0.942021,60.471497,0.000343
291292,0.131400,0.916807,-0.315442,0.038282,0.326174,-0.066922,-0.942161,61.924095,0.000343
291296,0.132118,0.916838,-0.315576,0.039333,0.326241,-0.064814,-0.942241,63.388367,0.000343
291299,0.132654,0.916828,-0.315677,0.040224,0.326133,-0.063341,-0.942342,64.862251,0.000343
291303,0.133247,0.916810,-0.315787,0.041247,0.325974,-0.061582,-0.942469,66.353989,0.000343
291306,0.133718,0.916794,-0.315874,0.042036,0.325819,-0.060369,-0.942566,67.838173,0.000343
291310,0.134478,0.916768,-0.316006,0.043342,0.325692,-0.058290,-0.942681,69.349136,0.000343
291313,0.134999,0.916809,-0.316128,0.044015,0.325773,-0.056635,-0.942723,70.894432,0.000343
291317,0.135619,0.916792,-0.316272,0.045287,0.325419,-0.054873,-0.942889,72.429428,0.000343
291320,0.136147,0.916767,-0.316360,0.046078,0.325366,-0.053505,-0.942948,73.931465,0.000343
291324,0.136787,0.916740,-0.316476,0.047004,0.325442,-0.051649,-0.942980,75.469894,0.000343
291327,0.137253,0.916724,-0.316557,0.047786,0.325262,-0.050491,-0.943065,77.014503,0.000343
291331,0.138047,0.916662,-0.316692,0.049200,0.324993,-0.048151,-0.943208,78.573189,0.000343
291335,0.138818,0.916631,-0.316849,0.050561,0.324787,-0.045897,-0.943319,80.117455,0.000000
291338,0.139295,0.916552,-0.316922,0.051582,0.324504,-0.044955,-0.943406,81.685753,0.000343
291342,0.140092,0.916595,-0.317098,0.052574,0.324599,-0.042340,-0.943440,83.249931,0.000343
291345,0.140644,0.916565,-0.317196,0.053535,0.324560,-0.040717,-0.943471,84.812050,0.000343
291349,0.141276,0.916521,-0.317302,0.054492,0.324287,-0.039182,-0.943575,86.364555,0.000343
291352,0.141836,0.916486,-0.317396,0.055464,0.324204,-0.037637,-0.943610,88.102798,0.000343
291356,0.142619,0.916404,-0.317541,0.056775,0.324171,-0.035279,-0.943634,89.539261,0.000343
291360,0.143325,0.916332,-0.317679,0.057975,0.323834,-0.033364,-0.943746,91.116142,0.000000
291363,0.143894,0.916294,-0.317793,0.058989,0.323687,-0.031773,-0.943789,92.695427,0.000343
291367,0.144750,0.916265,-0.317926,0.060156,0.323638,-0.029215,-0.943815,94.274025,0.000343
291370,0.145268,0.916213,-0.318009,0.061018,0.323479,-0.027974,-0.943852,95.859489,0.000343
291374,0.145944,0.916139,-0.318136,0.062281,0.323333,-0.026097,-0.943873,97.589493,0.000343
291377,0.146500,0.916065,-0.318252,0.063189,0.323223,-0.024403,-0.943895,99.038658,0.000343
291381,0.147260,0.916020,-0.318416,0.064445,0.323069,-0.022066,-0.943921,100.651588,0.000000
291384,0.147762,0.915945,-0.318521,0.065246,0.322950,-0.020802,-0.943935,102.215080,0.000343
291388,0.148443,0.915849,-0.318642,0.066528,0.322807,-0.018929,-0.943934,103.810844,0.000000
291391,0.149019,0.915769,-0.318738,0.067470,0.322553,-0.017246,-0.943986,105.410728,0.000000
291395,0.149811,0.915737,-0.318852,0.068605,0.322452,-0.014958,-0.943978,106.986923,0.000000
291399,0.150580,0.915649,-0.319007,0.069884,0.322356,-0.012835,-0.943948,108.563118,0.000343
291402,0.151179,0.915547,-0.319115,0.070943,0.322243,-0.011194,-0.943929,110.153389,0.000000
291406,0.151832,0.915450,-0.319250,0.072029,0.322121,-0.009375,-0.943908,111.722031,0.000000
291409,0.152361,0.915400,-0.319341,0.072816,0.321937,-0.007669,-0.943926,113.292732,0.000000
291413,0.153055,0.915286,-0.319474,0.073966,0.321682,-0.005748,-0.943937,114.860001,0.000000
291416,0.153545,0.915199,-0.319564,0.074811,0.321551,-0.004296,-0.943923,116.436539,0.000000
291420,0.154228,0.915092,-0.319660,0.075909,0.321310,-0.002405,-0.943924,118.007584,0.000000
291423,0.154829,0.914924,-0.319747,0.077039,0.321090,-0.000979,-0.943909,119.718704,0.000000
291427,0.155668,0.914892,-0.319916,0.078207,0.321048,0.001559,-0.943827,121.118774,0.000343
291430,0.156138,0.914812,-0.320019,0.079000,0.320919,0.003054,-0.943801,122.671280,0.000000
291434,0.156852,0.914703,-0.320133,0.080197,0.320808,0.004899,-0.943730,124.212112,0.000343
291438,0.157496,0.914603,-0.320224,0.081159,0.320670,0.006811,-0.943683,125.762901,0.000000
291441,0.157968,0.914516,-0.320330,0.082066,0.320481,0.008262,-0.943657,127.288628,0.000000
291445,0.158690,0.914390,-0.320487,0.083280,0.320279,0.010185,-0.943601,128.808861,0.000000
291448,0.159199,0.914286,-0.320616,0.084175,0.320127,0.011650,-0.943556,130.318108,0.000000
291452,0.159853,0.914162,-0.320740,0.085190,0.320008,0.013448,-0.943481,131.816368,0.000343
291455,0.160330,0.914007,-0.320834,0.086164,0.319804,0.014549,-0.943446,133.329048,0.000343
291459,0.161014,0.913938,-0.320952,0.087017,0.319767,0.016675,-0.943345,134.823875,0.000343
291462,0.161524,0.913891,-0.321024,0.087758,0.319766,0.018326,-0.943246,136.314583,0.000000
291466,0.162223,0.913723,-0.321136,0.089045,0.319326,0.020172,-0.943237,137.789154,0.000000
291470,0.162931,0.913602,-0.321275,0.090258,0.319154,0.022271,-0.943132,139.254799,0.000000
291473,0.163481,0.913490,-0.321362,0.091107,0.319183,0.023627,-0.943008,140.708771,0.000000
291477,0.164144,0.913245,-0.321650,0.091966,0.319555,0.025634,-0.942746,142.145576,0.000000
291480,0.164592,0.913151,-0.321769,0.092797,0.319331,0.026817,-0.942707,143.575172,0.000000
291484,0.165174,0.913011,-0.321893,0.093777,0.319192,0.028842,-0.942598,145.002022,0.000000
291487,0.165668,0.912989,-0.321857,0.094889,0.318425,0.030261,-0.942701,146.402779,0.000000
291491,0.166283,0.912849,-0.321971,0.095921,0.318216,0.031928,-0.942612,147.791176,0.000343
291494,0.166665,0.912548,-0.322184,0.096532,0.318640,0.032556,-0.942385,149.185753,0.000000
291498,0.167365,0.912397,-0.322267,0.097556,0.318607,0.034358,-0.942227,150.572433,0.000000
291502,0.167960,0.912249,-0.322360,0.098514,0.318180,0.036291,-0.942199,151.924782,0.000000
291505,0.168553,0.912243,-0.322479,0.099318,0.318207,0.038537,-0.942017,153.273697,0.000000
291509,0.169219,0.912063,-0.322612,0.100380,0.318015,0.040556,-0.941884,154.604759,0.000000
291512,0.169608,0.911975,-0.322711,0.101002,0.317985,0.041601,-0.941782,155.926895,0.000000
291516,0.170195,0.911838,-0.322833,0.101938,0.317908,0.043186,-0.941636,157.216759,0.000000
291519,0.170682,0.911706,-0.322932,0.102896,0.317716,0.044648,-0.941528,158.490143,0.000000
291523,0.171268,0.911537,-0.323050,0.103900,0.317464,0.046379,-0.941420,159.763870,0.000000
291527,0.171894,0.911367,-0.323157,0.104918,0.317168,0.048397,-0.941305,161.026955,0.000000
291530,0.172339,0.911234,-0.323251,0.105700,0.316866,0.049605,-0.941256,162.267380,0.000000
291534,0.172842,0.910973,-0.323339,0.106750,0.316746,0.050801,-0.941114,163.595009,0.000000
291537,0.173269,0.910855,-0.323400,0.107425,0.316696,0.051804,-0.940999,164.793549,0.000000
291541,0.173803,0.910701,-0.323482,0.108247,0.316534,0.053318,-0.940875,165.872269,0.000000
291544,0.174185,0.910585,-0.323570,0.108926,0.316428,0.054354,-0.940773,167.050552,0.000000
291548,0.174677,0.910425,-0.323678,0.109896,0.316239,0.055952,-0.940630,168.206177,0.000000
291551,0.175061,0.910314,-0.323761,0.110579,0.315935,0.057176,-0.940579,169.325752,0.000000
291555,0.175602,0.910263,-0.323880,0.111228,0.315880,0.059204,-0.940395,170.417862,0.000000
291558,0.176044,0.910197,-0.323966,0.111847,0.315762,0.060548,-0.940276,171.503792,0.000000
291562,0.176576,0.910034,-0.324060,0.112786,0.315666,0.062022,-0.940100,172.565689,0.000000
291566,0.177040,0.909895,-0.324135,0.113566,0.315577,0.063426,-0.939942,173.636169,0.000000
291569,0.177400,0.909789,-0.324171,0.113993,0.315581,0.064376,-0.939824,174.679184,0.000000
291573,0.177818,0.909658,-0.324242,0.114727,0.315433,0.065592,-0.939701,175.685463,0.000000
291576,0.178162,0.909560,-0.324306,0.115292,0.315345,0.066594,-0.939591,176.752510,0.000000
291580,0.178588,0.909420,-0.324394,0.116087,0.315181,0.067993,-0.939447,177.618370,0.000000
291583,0.178907,0.909315,-0.324495,0.116712,0.314873,0.069067,-0.939395,178.555298,0.000000
291587,0.179317,0.909175,-0.324602,0.117429,0.314621,0.070227,-0.939304,179.472656,0.000000
291590,0.179603,0.909073,-0.324689,0.118001,0.314569,0.071039,-0.939189,180.381432,0.000000
291594,0.180056,0.908930,-0.324747,0.118729,0.314438,0.072493,-0.939030,181.231842,0.000000
291598,0.180411,0.908821,-0.324782,0.119290,0.314450,0.073281,-0.938894,182.083282,0.000000
291601,0.180676,0.908737,-0.324812,0.119668,0.314385,0.074096,-0.938803,182.916870,0.000000
291604,0.180935,0.908625,-0.324852,0.120068,0.314264,0.074881,-0.938730,183.708229,0.000000
291608,0.181289,0.908518,-0.324935,0.120712,0.314107,0.075956,-0.938614,184.485855,-0.000343
291612,0.181538,0.908273,-0.325001,0.121441,0.313902,0.076265,-0.938563,185.235672,0.000000
291615,0.181786,0.908188,-0.325071,0.121901,0.313799,0.076951,-0.938482,185.944977,0.000000
291619,0.182102,0.908124,-0.325132,0.122300,0.313729,0.078262,-0.938345,186.615829,0.000000
291622,0.182298,0.908037,-0.325185,0.122689,0.313650,0.078830,-0.938273,187.291489,-0.000343
291626,0.182602,0.907920,-0.325249,0.123305,0.313394,0.079617,-0.938212,187.958908,0.000000
291629,0.182837,0.907835,-0.325285,0.123655,0.313312,0.080208,-0.938143,188.598518,0.000000
291633,0.183121,0.907738,-0.325333,0.124146,0.313250,0.080963,-0.938034,189.218903,0.000000
291637,0.183419,0.907624,-0.325368,0.124656,0.313083,0.081793,-0.937950,189.806328,0.000000
291640,0.183664,0.907574,-0.325383,0.124826,0.313208,0.082771,-0.937800,190.378647,0.000000
291643,0.183849,0.907514,-0.325416,0.125218,0.313098,0.083210,-0.937746,190.900497,0.000000
291647,0.184030,0.907431,-0.325451,0.125608,0.312970,0.083763,-0.937687,191.399002,0.000000
291651,0.184197,0.907361,-0.325506,0.125979,0.312943,0.084273,-0.937600,191.894417,0.000000
291654,0.184325,0.907310,-0.325537,0.126232,0.312882,0.084561,-0.937561,192.376785,0.000000
291658,0.184531,0.907241,-0.325599,0.126589,0.312784,0.085160,-0.937491,192.839241,-0.000343
291661,0.184794,0.907338,-0.325649,0.126718,0.312836,0.086376,-0.937345,193.290710,-0.000343
291665,0.184873,0.907093,-0.325688,0.127195,0.312714,0.086169,-0.937340,193.746300,-0.000343
291669,0.185141,0.907117,-0.325743,0.127476,0.312686,0.087180,-0.937218,194.167900,0.000000
291672,0.185253,0.906981,-0.325727,0.127804,0.312616,0.087659,-0.937152,194.547958,-0.000343
291676,0.185494,0.907095,-0.325746,0.127821,0.312728,0.088798,-0.937005,194.935913,0.000000
291679,0.185529,0.906984,-0.325766,0.128048,0.312557,0.088806,-0.937030,195.236320,-0.000343
291683,0.185642,0.906925,-0.325789,0.128250,0.312542,0.089091,-0.936980,195.570717,0.000000
291686,0.185785,0.906956,-0.325818,0.128337,0.312584,0.089785,-0.936888,195.884514,0.000000
291689,0.185774,0.906749,-0.325844,0.128657,0.312384,0.089184,-0.936969,196.188354,0.000000
291693,0.185998,0.906863,-0.325905,0.128773,0.312380,0.090203,-0.936856,196.477432,-0.000343
291697,0.186099,0.906830,-0.325926,0.128944,0.312431,0.090480,-0.936789,196.769600,0.000000
291701,0.186212,0.906781,-0.325933,0.129146,0.312297,0.090828,-0.936772,197.033615,0.000000
291704,0.186286,0.906754,-0.325932,0.129251,0.312299,0.091103,-0.936730,197.288017,-0.000343
291707,0.186374,0.906719,-0.325944,0.129436,0.312307,0.091399,-0.936673,197.514954,-0.000343
291711,0.186481,0.906682,-0.325959,0.129558,0.312263,0.091645,-0.936647,197.730904,-0.000343
291714,0.186556,0.906653,-0.325979,0.129714,0.312237,0.091889,-0.936610,197.935524,0.000000
291718,0.186646,0.906626,-0.325993,0.129844,0.312259,0.092175,-0.936557,198.109932,-0.000343
291722,0.186696,0.906591,-0.326022,0.130059,0.312078,0.092367,-0.936568,198.287086,-0.000343
291725,0.186738,0.906569,-0.326039,0.130149,0.312012,0.092462,-0.936569,198.457718,0.000000
291729,0.186807,0.906543,-0.326056,0.130242,0.312129,0.092801,-0.936483,198.625603,-0.000343
291732,0.186879,0.906529,-0.326074,0.130355,0.312019,0.092857,-0.936498,198.773575,0.000000
291736,0.186973,0.906507,-0.326082,0.130463,0.311989,0.093088,-0.936471,198.911934,0.000000
291739,0.187027,0.906486,-0.326082,0.130499,0.311985,0.093228,-0.936453,199.046860,0.000000
291743,0.187107,0.906457,-0.326061,0.130608,0.311982,0.093435,-0.936418,199.170113,0.000000
291746,0.187158,0.906442,-0.326052,0.130692,0.311880,0.093410,-0.936443,199.272766,-0.000343
291750,0.187182,0.906417,-0.326043,0.130743,0.312001,0.093673,-0.936369,199.342461,-0.000343
291754,0.187202,0.906412,-0.326053,0.130795,0.311894,0.093710,-0.936394,199.414215,-0.000343
291757,0.187192,0.906402,-0.326066,0.130836,0.311884,0.093759,-0.936387,199.494896,-0.000343
291761,0.187171,0.906395,-0.326087,0.130874,0.311989,0.093853,-0.936337,199.575577,0.000000
291764,0.187200,0.906410,-0.326102,0.130908,0.311940,0.093962,-0.936337,199.655228,-0.000343
291768,0.187200,0.906385,-0.326137,0.130991,0.311882,0.093944,-0.936347,199.728355,0.000000
291771,0.187236,0.906379,-0.326148,0.131088,0.311866,0.094038,-0.936329,199.789124,-0.000343
291775,0.187297,0.906356,-0.326151,0.131059,0.311859,0.094122,-0.936327,199.834442,0.000000
291778,0.187366,0.906360,-0.326133,0.131107,0.311804,0.094201,-0.936331,199.867744,0.000000
291782,0.187400,0.906343,-0.326108,0.131136,0.311833,0.094316,-0.936305,199.879417,-0.000343
291785,0.187421,0.906339,-0.326093,0.131139,0.311889,0.094415,-0.936276,199.891434,-0.000343
291789,0.187438,0.906335,-0.326096,0.131197,0.311765,0.094281,-0.936323,199.905853,-0.000343
291793,0.187435,0.906340,-0.326111,0.131188,0.311873,0.094332,-0.936283,199.926109,0.000000
291796,0.187421,0.906335,-0.326137,0.131213,0.311862,0.094336,-0.936283,199.948082,-0.000343
291800,0.187409,0.906340,-0.326160,0.131242,0.311773,0.094339,-0.936308,199.973145,-0.000343
291803,0.187366,0.906322,-0.326166,0.131214,0.311848,0.094328,-0.936288,199.988937,0.000000
291807,0.187363,0.906325,-0.326149,0.131256,0.311793,0.094340,-0.936300,200.007820,-0.000343
291810,0.187389,0.906332,-0.326123,0.131254,0.311754,0.094387,-0.936308,200.017776,0.000000
291814,0.187406,0.906323,-0.326091,0.131236,0.311844,0.094465,-0.936273,200.020523,-0.000343
291818,0.187450,0.906314,-0.326081,0.131309,0.311711,0.094563,-0.936297,200.020866,-0.000343
291821,0.187461,0.906311,-0.326084,0.131288,0.311730,0.094460,-0.936304,200.020866,-0.000343
291825,0.187460,0.906312,-0.326096,0.131287,0.311872,0.094610,-0.936242,200.020866,-0.000343
291828,0.187457,0.906312,-0.326118,0.131275,0.311866,0.094546,-0.936252,200.020866,0.000000
291831,0.187446,0.906311,-0.326133,0.131311,0.311789,0.094506,-0.936276,200.020523,-0.000343
291835,0.187436,0.906322,-0.326151,0.131369,0.311791,0.094525,-0.936266,200.020523,-0.000343
291839,0.187447,0.906321,-0.326147,0.131356,0.311779,0.094544,-0.936270,200.019836,-0.000343
291842,0.187450,0.906315,-0.326137,0.131354,0.311735,0.094572,-0.936282,200.019150,0.000000
291846,0.187459,0.906307,-0.326108,0.131304,0.311876,0.094623,-0.936237,200.017090,0.000000
291849,0.187468,0.906306,-0.326088,0.131281,0.311874,0.094615,-0.936241,200.014687,-0.000343
291853,0.187478,0.906304,-0.326079,0.131331,0.311774,0.094635,-0.936266,200.011253,0.000000
291856,0.187468,0.906306,-0.326086,0.131345,0.311746,0.094628,-0.936274,200.006447,-0.000343
291860,0.187449,0.906310,-0.326111,0.131360,0.311862,0.094639,-0.936232,200.000610,-0.000343
291864,0.187437,0.906307,-0.326143,0.131368,0.311731,0.094527,-0.936286,199.996147,-0.000343
291867,0.187434,0.906314,-0.326164,0.131364,0.311836,0.094605,-0.936243,199.992714,-0.000343
291871,0.187438,0.906312,-0.326173,0.131321,0.311795,0.094571,-0.936266,199.991341,-0.000343
291874,0.187461,0.906309,-0.326166,0.131376,0.311771,0.094633,-0.936261,199.990311,-0.000343
291878,0.187476,0.906307,-0.326141,0.131309,0.311893,0.094618,-0.936231,199.990311,0.000000
291881,0.187499,0.906298,-0.326122,0.131318,0.311926,0.094651,-0.936216,199.990311,0.000000
291885,0.187514,0.906297,-0.326100,0.131379,0.311763,0.094585,-0.936268,199.990311,-0.000343
291888,0.187510,0.906298,-0.326092,0.131384,0.311795,0.094618,-0.936253,199.990311,-0.000343
291892,0.187479,0.906299,-0.326085,0.131312,0.311809,0.094612,-0.936259,199.990311,0.000000
291896,0.187455,0.906307,-0.326110,0.131352,0.311793,0.094606,-0.936259,199.990311,0.000000
291899,0.187444,0.906309,-0.326124,0.131312,0.311809,0.094595,-0.936261,199.990654,-0.000343
291903,0.187445,0.906308,-0.326159,0.131388,0.311808,0.094610,-0.936249,199.990311,-0.000343
291906,0.187458,0.906308,-0.326165,0.131391,0.311743,0.094570,-0.936274,199.990654,-0.000343
291910,0.187477,0.906305,-0.326157,0.131382,0.311865,0.094665,-0.936225,199.990654,-0.000343
291913,0.187484,0.906306,-0.326133,0.131374,0.311845,0.094641,-0.936235,199.990654,-0.000343
291917,0.187509,0.906293,-0.326105,0.131376,0.311748,0.094666,-0.936265,199.990997,-0.000343
291921,0.187509,0.906292,-0.326088,0.131339,0.311904,0.094711,-0.936214,199.990997,-0.000343
291924,0.187523,0.906297,-0.326086,0.131306,0.311901,0.094678,-0.936222,199.991341,-0.000343
291928,0.187525,0.906299,-0.326109,0.131391,0.311795,0.094645,-0.936249,199.991341,0.000000
291931,0.187508,0.906297,-0.326122,0.131396,0.311831,0.094685,-0.936232,199.991684,0.000000
291935,0.187489,0.906300,-0.326132,0.131333,0.311827,0.094623,-0.936249,199.992027,-0.000343
291938,0.187476,0.906300,-0.326137,0.131369,0.311799,0.094669,-0.936248,199.992371,-0.000343
291942,0.187455,0.906305,-0.326127,0.131320,0.311859,0.094666,-0.936236,199.992714,0.000000
291945,0.187459,0.906301,-0.326120,0.131358,0.311869,0.094727,-0.936221,199.993057,-0.000343
291949,0.187478,0.906299,-0.326114,0.131362,0.311775,0.094647,-0.936260,199.993401,-0.000343
291952,0.187489,0.906302,-0.326102,0.131398,0.311829,0.094632,-0.936238,199.994087,-0.000343
291956,0.187484,0.906298,-0.326095,0.131344,0.311878,0.094665,-0.936226,199.994431,-0.000343
291960,0.187478,0.906295,-0.326103,0.131339,0.311764,0.094687,-0.936262,199.994774,-0.000343
291963,0.187462,0.906297,-0.326110,0.131316,0.311829,0.094658,-0.936247,199.995461,-0.000343
291967,0.187455,0.906300,-0.326123,0.131336,0.311846,0.094595,-0.936245,199.996147,0.000000
291970,0.187461,0.906306,-0.326133,0.131368,0.311769,0.094606,-0.936265,199.996834,-0.000343
291973,0.187465,0.906301,-0.326126,0.131392,0.311798,0.094692,-0.936243,199.997520,-0.000343
291973,0.187465,0.906301,-0.326126,0.131392,0.311798,0.094692,-0.936243,199.998207,0.000000
291973,0.187465,0.906301,-0.326126,0.131392,0.311798,0.094692,-0.936243,199.998550,0.000000
291973,0.187465,0.906301,-0.326126,0.131392,0.311798,0.094692,-0.936243,199.999237,-0.000343
291973,0.187465,0.906301,-0.326126,0.131392,0.311798,0.094692,-0.936243,199.999580,0.000000
291973,0.187465,0.906301,-0.326126,0.131392,0.311798,0.094692,-0.936243,199.999924,0.000000
291973,0.187465,0.906301,-0.326126,0.131392,0.311798,0.094692,-0.936243,200.000267,-0.000343
291973,0.187465,0.906301,-0.326126,0.131392,0.311798,0.094692,-0.936243,200.000267,-0.000343
291973,0.187465,0.906301,-0.326126,0.131392,0.311798,0.094692,-0.936243,200.000954,0.000000
291973,0.187465,0.906301,-0.326126,0.131392,0.311798,0.094692,-0.936243,200.000954,0.000000
291973,0.187465,0.906301,-0.326126,0.131392,0.311798,0.094692,-0.936243,200.000954,-0.000343
291973,0.187465,0.906301,-0.326126,0.131392,0.311798,0.094692,-0.936243,200.001297,-0.000343
291973,0.187465,0.906301,-0.326126,0.131392,0.311798,0.094692,-0.936243,200.001297,-0.000343
291973,0.187465,0.906301,-0.326126,0.131392,0.311798,0.094692,-0.936243,200.001297,0.000000
291973,0.187465,0.906301,-0.326126,0.131392,0.311798,0.094692,-0.936243,200.001640,0.000000
291973,0.187465,0.906301,-0.326126,0.131392,0.311798,0.094692,-0.936243,200.001297,0.000000
291973,0.187465,0.906301,-0.326126,0.131392,0.311798,0.094692,-0.936243,200.001640,0.000000
291973,0.187465,0.906301,-0.326126,0.131392,0.311798,0.094692,-0.936243,200.001297,-0.000343
291973,0.187465,0.906301,-0.326126,0.131392,0.311798,0.094692,-0.936243,200.001640,-0.000343
291973,0.187465,0.906301,-0.326126,0.131392,0.311798,0.094692,-0.936243,200.001640,0.000000
291973,0.187465,0.906301,-0.326126,0.131392,0.311798,0.094692,-0.936243,200.001640,-0.000343
291973,0.187465,0.906301,-0.326126,0.131392,0.311798,0.094692,-0.936243,200.001640,0.000000
291973,0.187465,0.906301,-0.326126,0.131392,0.311798,0.094692,-0.936243,200.001640,-0.000343
291973,0.187465,0.906301,-0.326126,0.131392,0.311798,0.094692,-0.936243,200.001640,0.000000
291973,0.187465,0.906301,-0.326126,0.131392,0.311798,0.094692,-0.936243,200.001640,-0.000343
291973,0.187465,0.906301,-0.326126,0.131392,0.311798,0.094692,-0.936243,200.001640,-0.000343
291973,0.187465,0.906301,-0.326126,0.131392,0.311798,0.094692,-0.936243,200.001640,-0.000343
291973,0.187465,0.906301,-0.326126,0.131392,0.311798,0.094692,-0.936243,200.001640,-0.000343
291973,0.187465,0.906301,-0.326126,0.131392,0.311798,0.094692,-0.936243,200.001640,-0.000343
291973,0.187465,0.906301,-0.326126,0.131392,0.311798,0.094692,-0.936243,200.001297,-0.000343
292080,0.187428,0.906302,-0.326111,0.131366,0.311754,0.094655,-0.936266,200.001297,-0.000343
292084,0.187441,0.906294,-0.326102,0.131361,0.311857,0.094701,-0.936227,200.001640,0.000000
292087,0.187461,0.906291,-0.326092,0.131344,0.311845,0.094631,-0.936241,200.001640,0.000000
292091,0.187485,0.906291,-0.326089,0.131398,0.311833,0.094749,-0.936225,200.001640,-0.000343
292095,0.187498,0.906292,-0.326091,0.131355,0.311863,0.094729,-0.936223,200.001640,-0.000343
292098,0.187487,0.906291,-0.326091,0.131404,0.311805,0.094714,-0.936237,200.001640,-0.000343
292101,0.187480,0.906295,-0.326086,0.131414,0.311774,0.094644,-0.936253,200.001640,-0.000343
292105,0.187447,0.906296,-0.326075,0.131349,0.311887,0.094718,-0.936217,200.001640,-0.000343
292109,0.187450,0.906299,-0.326068,0.131359,0.311773,0.094662,-0.936259,200.001984,0.000000
292112,0.187457,0.906299,-0.326071,0.131380,0.311819,0.094690,-0.936238,200.001640,0.000000
292115,0.187460,0.906296,-0.326075,0.131350,0.311849,0.094688,-0.936233,200.001640,-0.000343
292119,0.187479,0.906292,-0.326079,0.131401,0.311868,0.094727,-0.936215,200.001640,-0.000343
292123,0.187478,0.906297,-0.326076,0.131354,0.311845,0.094688,-0.936233,200.001640,0.000000
292127,0.187460,0.906293,-0.326078,0.131342,0.311838,0.094636,-0.936243,200.001640,-0.000343
292130,0.187453,0.906297,-0.326084,0.131351,0.311781,0.094653,-0.936259,200.001640,-0.000343
292134,0.187436,0.906298,-0.326103,0.131353,0.311904,0.094627,-0.936220,200.001640,0.000000
292137,0.187442,0.906301,-0.326112,0.131379,0.311904,0.094667,-0.936213,200.001640,0.000000
292141,0.187459,0.906302,-0.326114,0.131414,0.311767,0.094625,-0.936257,200.001640,0.000000
292144,0.187456,0.906301,-0.326100,0.131416,0.311777,0.094627,-0.936253,200.001640,0.000000
292148,0.187456,0.906296,-0.326069,0.131352,0.311875,0.094669,-0.936226,200.001297,0.000000
292151,0.187461,0.906291,-0.326051,0.131332,0.311817,0.094644,-0.936250,200.001640,0.000000
292155,0.187465,0.906289,-0.326041,0.131361,0.311825,0.094636,-0.936244,200.001640,0.000000
292158,0.187459,0.906288,-0.326040,0.131300,0.311885,0.094696,-0.936227,200.001297,0.000000
292162,0.187451,0.906289,-0.326056,0.131398,0.311793,0.094655,-0.936248,200.001640,-0.000343
292165,0.187441,0.906291,-0.326066,0.131362,0.311771,0.094653,-0.936261,200.001640,0.000000
292165,0.187441,0.906291,-0.326066,0.131362,0.311771,0.094653,-0.936261,200.001640,0.000000
292165,0.187441,0.906291,-0.326066,0.131362,0.311771,0.094653,-0.936261,200.001640,0.000000
292165,0.187441,0.906291,-0.326066,0.131362,0.311771,0.094653,-0.936261,200.001640,0.000000
292165,0.187441,0.906291,-0.326066,0.131362,0.311771,0.094653,-0.936261,200.001640,0.000000
292165,0.187441,0.906291,-0.326066,0.131362,0.311771,0.094653,-0.936261,200.001640,0.000000
292165,0.187441,0.906291,-0.326066,0.131362,0.311771,0.094653,-0.936261,200.001640,0.000000
292165,0.187441,0.906291,-0.326066,0.131362,0.311771,0.094653,-0.936261,200.001640,0.000000
292165,0.187441,0.906291,-0.326066,0.131362,0.311771,0.094653,-0.936261,200.001640,0.000000
292165,0.187441,0.906291,-0.326066,0.131362,0.311771,0.094653,-0.936261,200.001640,0.000000
292165,0.187441,0.906291,-0.326066,0.131362,0.311771,0.094653,-0.936261,200.001640,0.000000
292165,0.187441,0.906291,-0.326066,0.131362,0.311771,0.094653,-0.936261,200.001640,0.000000
292165,0.187441,0.906291,-0.326066,0.131362,0.311771,0.094653,-0.936261,200.001640,0.000000
292165,0.187441,0.906291,-0.326066,0.131362,0.311771,0.094653,-0.936261,200.001640,0.000000
292165,0.187441,0.906291,-0.326066,0.131362,0.311771,0.094653,-0.936261,200.001640,0.000000
292165,0.187441,0.906291,-0.326066,0.131362,0.311771,0.094653,-0.936261,200.001640,0.000000
