0,0.000000,0.000000,0.000000,0.000000,0.000000,0.000000,0.000000,0.000000,0.000000
0,0.000000,0.000000,0.000000,0.000000,0.000000,0.000000,0.000000,0.000000,0.000000
0,0.000000,0.000000,0.000000,0.000000,0.000000,0.000000,0.000000,0.000000,0.000000
0,0.000000,0.000000,0.000000,0.000000,0.000000,0.000000,0.000000,0.000000,0.000000
0,0.000000,0.000000,0.000000,0.000000,0.000000,0.000000,0.000000,0.000000,0.000000
0,0.000000,0.000000,0.000000,0.000000,0.000000,0.000000,0.000000,0.000000,0.000000
0,0.000000,0.000000,0.000000,0.000000,0.000000,0.000000,0.000000,0.000000,0.000000
0,0.000000,0.000000,0.000000,0.000000,0.000000,0.000000,0.000000,0.000000,0.000000
0,0.000000,0.000000,0.000000,0.000000,0.000000,0.000000,0.000000,0.000000,0.000000
0,0.000000,0.000000,0.000000,0.000000,0.000000,0.000000,0.000000,0.000000,0.000000
0,0.000000,0.000000,0.000000,0.000000,0.000000,0.000000,0.000000,0.000000,0.000000
0,0.000000,0.000000,0.000000,0.000000,0.000000,0.000000,0.000000,0.000000,0.000000
0,0.000000,0.000000,0.000000,0.000000,0.000000,0.000000,0.000000,0.000000,0.000000
0,0.000000,0.000000,0.000000,0.000000,0.000000,0.000000,0.000000,0.000000,0.000000
0,0.000000,0.000000,0.000000,0.000000,0.000000,0.000000,0.000000,0.000000,0.000000
0,0.000000,0.000000,0.000000,0.000000,0.000000,0.000000,0.000000,0.000000,0.000000
0,0.000000,0.000000,0.000000,0.000000,0.000000,0.000000,0.000000,0.000000,0.000000
0,0.000000,0.000000,0.000000,0.000000,0.000000,0.000000,0.000000,0.000000,0.000000
0,0.000000,0.000000,0.000000,0.000000,0.000000,0.000000,0.000000,0.000000,0.000000
0,0.000000,0.000000,0.000000,0.000000,0.000000,0.000000,0.000000,0.000000,0.000000
420371,0.036487,0.450609,-0.061571,-0.010538,-0.430228,0.038042,-0.901857,0.000000,99.999619
420375,0.036492,0.450606,-0.061558,-0.010521,-0.430259,0.037966,-0.901846,0.000000,99.999619
420379,0.036505,0.450606,-0.061542,-0.010610,-0.430229,0.038095,-0.901853,0.000000,99.999962
420382,0.036513,0.450602,-0.061533,-0.010583,-0.430263,0.038023,-0.901840,0.000000,99.999962
420386,0.036524,0.450605,-0.061524,-0.010604,-0.430241,0.038048,-0.901850,0.000000,99.999962
420389,0.036524,0.450603,-0.061521,-0.010620,-0.430239,0.038028,-0.901851,0.000000,99.999619
420393,0.036519,0.450603,-0.061525,-0.010562,-0.430257,0.038036,-0.901843,0.000000,99.999962
420396,0.036509,0.450605,-0.061533,-0.010538,-0.430229,0.037987,-0.901859,0.000000,99.999962
420400,0.036500,0.450604,-0.061549,-0.010572,-0.430219,0.038069,-0.901860,0.000000,99.999962
420404,0.036489,0.450609,-0.061563,-0.010484,-0.430246,0.038022,-0.901850,0.000000,99.999962
420407,0.036480,0.450608,-0.061567,-0.010539,-0.430219,0.038010,-0.901862,0.000000,99.999962
420410,0.036480,0.450605,-0.061568,-0.010537,-0.430240,0.038010,-0.901852,0.000000,99.999962
420414,0.036483,0.450606,-0.061562,-0.010531,-0.430252,0.038024,-0.901846,0.000000,99.999962
420418,0.036490,0.450605,-0.061559,-0.010600,-0.430220,0.038103,-0.901858,0.000000,99.999962
420421,0.036496,0.450602,-0.061555,-0.010639,-0.430232,0.038081,-0.901852,0.000000,99.999962
420425,0.036498,0.450605,-0.061553,-0.010523,-0.430249,0.038047,-0.901847,0.000000,99.999962
420428,0.036497,0.450605,-0.061547,-0.010536,-0.430248,0.037969,-0.901850,0.000000,99.999962
420432,0.036497,0.450604,-0.061543,-0.010586,-0.430245,0.038085,-0.901846,0.000000,99.999962
420435,0.036492,0.450602,-0.061542,-0.010568,-0.430253,0.038044,-0.901845,0.000000,99.999962
420439,0.036497,0.450604,-0.061543,-0.010602,-0.430265,0.038037,-0.901838,0.000000,99.999619
420442,0.036498,0.450603,-0.061550,-0.010587,-0.430244,0.038042,-0.901849,0.000000,99.999962
420446,0.036503,0.450603,-0.061549,-0.010542,-0.430237,0.038032,-0.901853,0.000000,99.999962
420450,0.036508,0.450601,-0.061552,-0.010596,-0.430223,0.038122,-0.901855,0.000000,99.999962
420453,0.036506,0.450600,-0.061551,-0.010611,-0.430231,0.038097,-0.901852,0.000000,99.999962
420457,0.036503,0.450603,-0.061553,-0.010538,-0.430232,0.038044,-0.901855,0.000343,99.999962
420460,0.036499,0.450602,-0.061559,-0.010539,-0.430247,0.038024,-0.901848,0.000000,99.999962
420464,0.036495,0.450602,-0.061562,-0.010606,-0.430233,0.038115,-0.901850,0.000343,99.999962
420467,0.036496,0.450604,-0.061566,-0.010550,-0.430243,0.038030,-0.901850,0.000000,99.999962
420471,0.036493,0.450603,-0.061563,-0.010614,-0.430220,0.038070,-0.901859,0.000000,99.999962
420474,0.036496,0.450605,-0.061558,-0.010599,-0.430253,0.038063,-0.901843,0.000000,99.999962
420478,0.036498,0.450603,-0.061553,-0.010569,-0.430225,0.038036,-0.901858,0.000000,99.999962
420481,0.036494,0.450602,-0.061550,-0.010540,-0.430239,0.037999,-0.901853,0.000343,99.999962
420485,0.036500,0.450601,-0.061552,-0.010606,-0.430235,0.038116,-0.901849,0.000000,99.999962
420489,0.036498,0.450606,-0.061557,-0.010541,-0.430242,0.038088,-0.901848,0.000000,99.999962
420492,0.036492,0.450605,-0.061561,-0.010535,-0.430222,0.038040,-0.901860,0.000000,99.999962
420496,0.036486,0.450605,-0.061560,-0.010592,-0.430239,0.038114,-0.901848,0.000343,99.999962
420499,0.036477,0.450604,-0.061557,-0.010533,-0.430226,0.038013,-0.901859,0.000000,99.999962
420503,0.036481,0.450604,-0.061553,-0.010585,-0.430226,0.038067,-0.901856,0.000000,99.999962
420506,0.036484,0.450606,-0.061553,-0.010563,-0.430248,0.038075,-0.901846,0.000000,99.999962
420510,0.036492,0.450607,-0.061547,-0.010544,-0.430244,0.038046,-0.901849,0.000343,99.999962
420514,0.036504,0.450603,-0.061539,-0.010632,-0.430254,0.038145,-0.901839,0.000343,99.999962
420517,0.036508,0.450601,-0.061535,-0.010659,-0.430222,0.038154,-0.901854,0.000343,99.999962
420521,0.036510,0.450602,-0.061535,-0.010618,-0.430270,0.038096,-0.901834,0.000343,99.999962
420524,0.036510,0.450603,-0.061543,-0.010563,-0.430264,0.038065,-0.901838,0.000343,100.000305
420528,0.036505,0.450607,-0.061554,-0.010589,-0.430243,0.038139,-0.901845,0.000343,99.999962
420531,0.036501,0.450604,-0.061563,-0.010532,-0.430217,0.038075,-0.901861,0.000000,99.999962
420535,0.036494,0.450604,-0.061569,-0.010576,-0.430192,0.038139,-0.901869,0.000000,99.999962
420538,0.036489,0.450604,-0.061571,-0.010594,-0.430242,0.038136,-0.901845,0.000343,99.999962
420542,0.036487,0.450606,-0.061570,-0.010507,-0.430246,0.038049,-0.901848,0.000000,99.999962
420545,0.036488,0.450607,-0.061568,-0.010539,-0.430222,0.038024,-0.901860,0.000343,99.999962
420549,0.036494,0.450605,-0.061561,-0.010619,-0.430227,0.038150,-0.901852,0.000343,99.999962
420553,0.036491,0.450604,-0.061553,-0.010579,-0.430183,0.038059,-0.901877,0.000343,99.999962
420556,0.036492,0.450603,-0.061548,-0.010624,-0.430233,0.038052,-0.901853,0.000343,99.999962
420560,0.036492,0.450607,-0.061546,-0.010589,-0.430240,0.038094,-0.901848,0.000000,99.999962
420563,0.036491,0.450607,-0.061547,-0.010560,-0.430233,0.038071,-0.901853,0.000343,99.999962
420567,0.036500,0.450606,-0.061550,-0.010607,-0.430234,0.038133,-0.901849,0.000343,99.999619
420570,0.036504,0.450605,-0.061551,-0.010576,-0.430227,0.038149,-0.901852,0.000343,99.998932
420574,0.036505,0.450605,-0.061549,-0.010561,-0.430233,0.038104,-0.901852,0.000343,99.995499
420577,0.036507,0.450605,-0.061543,-0.010564,-0.430232,0.038053,-0.901854,0.000000,99.987946
420581,0.036505,0.450606,-0.061537,-0.010630,-0.430214,0.038145,-0.901858,0.000343,99.976959
420584,0.036504,0.450604,-0.061538,-0.010598,-0.430230,0.038057,-0.901855,0.000343,99.959793
420588,0.036502,0.450604,-0.061547,-0.010628,-0.430210,0.038137,-0.901860,0.000343,99.940567
420592,0.036494,0.450606,-0.061558,-0.010559,-0.430227,0.038085,-0.901855,0.000343,99.922371
420595,0.036490,0.450607,-0.061564,-0.010569,-0.430228,0.038088,-0.901855,0.000343,99.910011
420599,0.036484,0.450606,-0.061568,-0.010559,-0.430244,0.038118,-0.901846,0.000343,99.901085
420602,0.036485,0.450604,-0.061569,-0.010626,-0.430236,0.038119,-0.901849,0.000343,99.895248
420606,0.036490,0.450606,-0.061570,-0.010521,-0.430272,0.038080,-0.901834,0.000000,99.889412
420609,0.036498,0.450604,-0.061564,-0.010602,-0.430239,0.038079,-0.901849,0.000343,99.880829
420613,0.036513,0.450606,-0.061559,-0.010619,-0.430214,0.038131,-0.901859,0.000343,99.866409
420616,0.036519,0.450605,-0.061554,-0.010592,-0.430211,0.038094,-0.901862,0.000343,99.846497
420620,0.036521,0.450602,-0.061548,-0.010613,-0.430222,0.038154,-0.901854,0.000343,99.820404
420623,0.036518,0.450604,-0.061549,-0.010624,-0.430211,0.038123,-0.901860,0.000343,99.797401
420627,0.036509,0.450605,-0.061555,-0.010559,-0.430239,0.038122,-0.901848,0.000343,99.767532
420631,0.036502,0.450608,-0.061563,-0.010616,-0.430246,0.038157,-0.901842,0.000343,99.744873
420634,0.036495,0.450607,-0.061567,-0.010607,-0.430227,0.038159,-0.901852,0.000343,99.721870
420638,0.036488,0.450607,-0.061566,-0.010556,-0.430226,0.038056,-0.901857,0.000343,99.700584
420641,0.036490,0.450606,-0.061561,-0.010583,-0.430249,0.038106,-0.901843,0.000343,99.676208
420645,0.036493,0.450606,-0.061554,-0.010593,-0.430205,0.038089,-0.901865,0.000000,99.655609
420648,0.036498,0.450604,-0.061551,-0.010601,-0.430231,0.038085,-0.901853,0.000343,99.624710
420652,0.036505,0.450604,-0.061550,-0.010611,-0.430243,0.038145,-0.901844,0.000343,99.587975
420656,0.036508,0.450606,-0.061550,-0.010553,-0.430260,0.038066,-0.901840,0.000343,99.553986
420659,0.036505,0.450604,-0.061554,-0.010591,-0.430234,0.038103,-0.901851,0.000343,99.507637
420663,0.036497,0.450604,-0.061558,-0.010649,-0.430249,0.038128,-0.901842,0.000000,99.463348
420666,0.036494,0.450607,-0.061561,-0.010619,-0.430241,0.038142,-0.901846,0.000343,99.421463
420670,0.036488,0.450608,-0.061570,-0.010513,-0.430207,0.038022,-0.901868,0.000000,99.384041
420673,0.036490,0.450608,-0.061572,-0.010560,-0.430205,0.038125,-0.901864,0.000343,99.341469
420677,0.036492,0.450609,-0.061574,-0.010512,-0.430260,0.038122,-0.901838,0.000000,99.293404
420681,0.036491,0.450605,-0.061568,-0.010579,-0.430243,0.038098,-0.901847,0.000343,99.241905
420684,0.036494,0.450606,-0.061563,-0.010640,-0.430224,0.038125,-0.901854,0.000343,99.195557
420687,0.036493,0.450605,-0.061559,-0.010625,-0.430237,0.038158,-0.901847,0.000343,99.142685
420691,0.036489,0.450607,-0.061556,-0.010564,-0.430234,0.038055,-0.901853,0.000343,99.086037
420695,0.036490,0.450606,-0.061557,-0.010575,-0.430242,0.038095,-0.901848,0.000343,99.026985
420698,0.036488,0.450608,-0.061558,-0.010582,-0.430220,0.038105,-0.901857,0.000343,98.963814
420702,0.036488,0.450609,-0.061559,-0.010502,-0.430242,0.038030,-0.901851,0.000343,98.899269
420705,0.036489,0.450608,-0.061557,-0.010586,-0.430221,0.038118,-0.901856,0.000000,98.826485
420709,0.036488,0.450608,-0.061552,-0.010530,-0.430256,0.038088,-0.901842,0.000343,98.762970
420712,0.036489,0.450606,-0.061549,-0.010584,-0.430239,0.038116,-0.901848,0.000343,98.692589
420716,0.036491,0.450607,-0.061550,-0.010626,-0.430259,0.038142,-0.901837,0.000343,98.619118
420719,0.036497,0.450605,-0.061557,-0.010642,-0.430209,0.038161,-0.901860,0.000343,98.535004
420723,0.036497,0.450607,-0.061570,-0.010547,-0.430209,0.038059,-0.901865,0.000343,98.463593
420726,0.036497,0.450605,-0.061579,-0.010607,-0.430213,0.038143,-0.901859,0.000000,98.380508
420730,0.036486,0.450607,-0.061579,-0.010593,-0.430197,0.038141,-0.901867,0.000000,98.296738
420734,0.036473,0.450609,-0.061573,-0.010540,-0.430240,0.038067,-0.901850,0.000343,98.210907
420737,0.036469,0.450608,-0.061569,-0.010603,-0.430239,0.038087,-0.901849,0.000343,98.118553
420741,0.036466,0.450609,-0.061567,-0.010536,-0.430240,0.038023,-0.901852,0.000343,98.022423
420744,0.036473,0.450607,-0.061565,-0.010554,-0.430246,0.038071,-0.901847,0.000000,97.913589
420748,0.036485,0.450608,-0.061559,-0.010639,-0.430226,0.038114,-0.901853,0.000343,97.821236
420752,0.036490,0.450607,-0.061546,-0.010560,-0.430241,0.038060,-0.901850,0.000343,97.706566
420755,0.036495,0.450605,-0.061535,-0.010574,-0.430231,0.038042,-0.901855,0.000343,97.612495
420759,0.036504,0.450606,-0.061526,-0.010615,-0.430255,0.038136,-0.901839,0.000343,97.502632
420762,0.036507,0.450604,-0.061528,-0.010646,-0.430211,0.038123,-0.901860,0.000343,97.386932
420765,0.036512,0.450604,-0.061537,-0.010580,-0.430211,0.038161,-0.901860,0.000343,97.268486
420769,0.036513,0.450605,-0.061554,-0.010642,-0.430220,0.038188,-0.901854,0.000343,97.146606
420773,0.036499,0.450604,-0.061568,-0.010577,-0.430206,0.038078,-0.901865,0.000343,97.024384
420776,0.036489,0.450605,-0.061576,-0.010527,-0.430253,0.038074,-0.901844,0.000000,96.888084
420776,0.036489,0.450605,-0.061576,-0.010527,-0.430253,0.038074,-0.901844,0.000000,96.835213
420778,0.036482,0.450607,-0.061578,-0.010554,-0.430213,0.038092,-0.901862,0.000000,96.636429
420784,0.036470,0.450607,-0.061572,-0.010611,-0.430211,0.038115,-0.901861,0.000343,96.467514
420788,0.036477,0.450607,-0.061558,-0.010626,-0.430223,0.038098,-0.901856,0.000343,96.351814
420792,0.036488,0.450607,-0.061546,-0.010628,-0.430240,0.038096,-0.901848,0.000000,96.190796
420795,0.036497,0.450605,-0.061537,-0.010592,-0.430213,0.038098,-0.901861,0.000000,96.055870
420795,0.036497,0.450605,-0.061537,-0.010592,-0.430213,0.038098,-0.901861,0.000343,95.960083
420800,0.036513,0.450601,-0.061529,-0.010618,-0.430234,0.038089,-0.901851,0.000343,95.724907
420805,0.036515,0.450602,-0.061532,-0.010625,-0.430173,0.038064,-0.901881,0.000343,95.563545
420809,0.036509,0.450602,-0.061541,-0.010677,-0.430187,0.038156,-0.901870,0.000343,95.398750
420812,0.036499,0.450602,-0.061546,-0.010663,-0.430172,0.038137,-0.901878,0.000000,95.229149
420816,0.036489,0.450602,-0.061556,-0.010641,-0.430215,0.038087,-0.901860,0.000000,95.056458
420819,0.036485,0.450604,-0.061561,-0.010611,-0.430224,0.038084,-0.901856,0.000343,94.879990
420823,0.036485,0.450606,-0.061562,-0.010594,-0.430209,0.038036,-0.901866,0.000000,94.695282
420826,0.036488,0.450605,-0.061559,-0.010611,-0.430204,0.038082,-0.901866,0.000343,94.504738
420830,0.036494,0.450601,-0.061545,-0.010721,-0.430205,0.038122,-0.901862,0.000343,94.291534
420833,0.036500,0.450599,-0.061531,-0.010716,-0.430192,0.038126,-0.901868,0.000000,94.115410
420837,0.036504,0.450600,-0.061519,-0.010642,-0.430222,0.038037,-0.901859,0.000343,93.913193
420841,0.036515,0.450600,-0.061519,-0.010703,-0.430222,0.038144,-0.901853,0.000000,93.710289
420844,0.036516,0.450603,-0.061526,-0.010700,-0.430205,0.038168,-0.901860,0.000343,93.504639
420848,0.036513,0.450602,-0.061537,-0.010634,-0.430216,0.038117,-0.901858,0.000000,93.292122
420851,0.036510,0.450602,-0.061542,-0.010664,-0.430220,0.038138,-0.901855,0.000343,93.072395
420855,0.036496,0.450604,-0.061547,-0.010606,-0.430203,0.038091,-0.901866,0.000000,92.846146
420859,0.036492,0.450603,-0.061544,-0.010695,-0.430172,0.038162,-0.901877,0.000343,92.616463
420862,0.036488,0.450602,-0.061544,-0.010690,-0.430198,0.038108,-0.901867,0.000000,92.380600
420866,0.036491,0.450602,-0.061542,-0.010630,-0.430179,0.038090,-0.901877,0.000343,92.144051
420869,0.036495,0.450603,-0.061540,-0.010626,-0.430197,0.038042,-0.901870,0.000000,91.905785
420873,0.036501,0.450602,-0.061537,-0.010702,-0.430220,0.038147,-0.901854,0.000000,91.656876
420876,0.036498,0.450600,-0.061536,-0.010669,-0.430207,0.038089,-0.901863,0.000000,91.377754
420880,0.036498,0.450599,-0.061535,-0.010697,-0.430210,0.038100,-0.901861,0.000343,91.143608
420883,0.036496,0.450602,-0.061536,-0.010710,-0.430200,0.038098,-0.901866,0.000343,90.880966
420887,0.036493,0.450601,-0.061537,-0.010660,-0.430164,0.038061,-0.901885,0.000343,90.616951
420890,0.036494,0.450604,-0.061536,-0.010613,-0.430205,0.038055,-0.901866,0.000343,90.340919
420894,0.036498,0.450601,-0.061533,-0.010690,-0.430180,0.038132,-0.901874,0.000000,90.036736
420897,0.036505,0.450602,-0.061527,-0.010716,-0.430210,0.038155,-0.901858,0.000000,89.785767
420901,0.036506,0.450600,-0.061523,-0.010698,-0.430202,0.038055,-0.901867,0.000000,89.497719
420904,0.036510,0.450598,-0.061522,-0.010743,-0.430215,0.038092,-0.901859,0.000000,89.208984
420908,0.036506,0.450598,-0.061529,-0.010701,-0.430240,0.038075,-0.901848,0.000343,88.907547
420912,0.036498,0.450599,-0.061539,-0.010715,-0.430212,0.038099,-0.901860,0.000343,88.606796
420915,0.036493,0.450601,-0.061544,-0.010737,-0.430242,0.038094,-0.901845,0.000000,88.301582
420919,0.036484,0.450602,-0.061550,-0.010648,-0.430218,0.038058,-0.901859,0.000343,87.996368
420922,0.036482,0.450601,-0.061551,-0.010610,-0.430233,0.037975,-0.901856,0.000000,87.686348
420926,0.036492,0.450601,-0.061546,-0.010714,-0.430240,0.038104,-0.901847,0.000000,87.363281
420929,0.036501,0.450603,-0.061539,-0.010665,-0.430249,0.038073,-0.901844,0.000343,87.041245
420933,0.036514,0.450599,-0.061526,-0.010688,-0.430262,0.038058,-0.901838,0.000343,86.707878
420937,0.036520,0.450597,-0.061514,-0.010752,-0.430266,0.038106,-0.901834,0.000000,86.387215
420940,0.036520,0.450597,-0.061509,-0.010721,-0.430289,0.038048,-0.901825,0.000000,86.051445
420944,0.036514,0.450597,-0.061508,-0.010748,-0.430280,0.038088,-0.901828,0.000000,85.717735
420947,0.036507,0.450597,-0.061514,-0.010777,-0.430300,0.038035,-0.901820,0.000000,85.367889
420951,0.036495,0.450602,-0.061527,-0.010663,-0.430303,0.037957,-0.901823,0.000343,85.025597
420954,0.036487,0.450599,-0.061536,-0.010676,-0.430286,0.037878,-0.901834,0.000000,84.668884
420958,0.036484,0.450601,-0.061541,-0.010716,-0.430315,0.037951,-0.901817,0.000343,84.315605
420961,0.036481,0.450600,-0.061542,-0.010668,-0.430355,0.037889,-0.901801,0.000000,83.913918
420965,0.036486,0.450598,-0.061539,-0.010728,-0.430332,0.037866,-0.901812,0.000343,83.595657
420968,0.036492,0.450597,-0.061532,-0.010732,-0.430342,0.037843,-0.901809,0.000343,83.230019
420972,0.036495,0.450596,-0.061526,-0.010686,-0.430347,0.037798,-0.901809,0.000000,82.868500
420975,0.036496,0.450596,-0.061521,-0.010629,-0.430366,0.037729,-0.901803,0.000000,82.490501
420979,0.036501,0.450595,-0.061519,-0.010751,-0.430337,0.037833,-0.901811,0.000000,82.120056
420983,0.036496,0.450596,-0.061519,-0.010676,-0.430370,0.037685,-0.901802,0.000343,81.738281
420986,0.036495,0.450597,-0.061518,-0.010680,-0.430375,0.037647,-0.901801,0.000000,81.358223
420990,0.036491,0.450597,-0.061517,-0.010697,-0.430393,0.037690,-0.901791,0.000000,80.966835
420993,0.036488,0.450596,-0.061515,-0.010699,-0.430393,0.037659,-0.901792,0.000000,80.576477
420997,0.036486,0.450595,-0.061514,-0.010701,-0.430391,0.037627,-0.901795,0.000000,80.140800
421001,0.036485,0.450595,-0.061516,-0.010689,-0.430388,0.037601,-0.901797,0.000000,79.776878
421004,0.036486,0.450596,-0.061519,-0.010682,-0.430400,0.037545,-0.901794,0.000000,79.385147
421007,0.036482,0.450595,-0.061523,-0.010665,-0.430415,0.037492,-0.901789,0.000343,78.981400
421011,0.036482,0.450594,-0.061528,-0.010695,-0.430431,0.037543,-0.901779,0.000000,78.582115
421015,0.036477,0.450595,-0.061528,-0.010694,-0.430435,0.037449,-0.901781,0.000000,78.171158
421018,0.036476,0.450595,-0.061527,-0.010684,-0.430439,0.037394,-0.901781,0.000000,77.758141
421022,0.036477,0.450594,-0.061519,-0.010711,-0.430438,0.037450,-0.901779,0.000000,77.344780
421025,0.036476,0.450593,-0.061515,-0.010697,-0.430433,0.037391,-0.901784,0.000000,76.920776
421029,0.036481,0.450592,-0.061507,-0.010732,-0.430417,0.037428,-0.901790,0.000000,76.510849
421032,0.036486,0.450592,-0.061506,-0.010750,-0.430425,0.037425,-0.901786,0.000000,76.084442
421036,0.036482,0.450592,-0.061502,-0.010714,-0.430414,0.037301,-0.901797,0.000000,75.655632
421040,0.036481,0.450591,-0.061503,-0.010727,-0.430464,0.037357,-0.901771,0.000000,75.226135
421043,0.036473,0.450592,-0.061506,-0.010735,-0.430451,0.037342,-0.901778,0.000000,74.786682
421046,0.036465,0.450593,-0.061509,-0.010743,-0.430481,0.037272,-0.901766,0.000000,74.361992
421050,0.036457,0.450593,-0.061521,-0.010699,-0.430484,0.037216,-0.901767,0.000000,73.924942
421054,0.036451,0.450592,-0.061526,-0.010715,-0.430436,0.037210,-0.901790,0.000000,73.482742
421057,0.036453,0.450593,-0.061530,-0.010684,-0.430429,0.037159,-0.901796,0.000000,73.045006
421061,0.036456,0.450593,-0.061529,-0.010726,-0.430450,0.037148,-0.901786,0.000000,72.594910
421064,0.036461,0.450592,-0.061521,-0.010751,-0.430455,0.037198,-0.901781,0.000000,72.154427
421068,0.036465,0.450592,-0.061515,-0.010656,-0.430470,0.037033,-0.901782,0.000000,71.708794
421071,0.036467,0.450591,-0.061507,-0.010662,-0.430448,0.037007,-0.901794,0.000000,71.249428
421075,0.036474,0.450589,-0.061501,-0.010760,-0.430476,0.037117,-0.901774,0.000000,70.811348
421079,0.036468,0.450590,-0.061498,-0.010650,-0.430468,0.036914,-0.901788,0.000000,70.356102
421082,0.036466,0.450588,-0.061497,-0.010728,-0.430436,0.036965,-0.901800,0.000000,69.883003
421086,0.036458,0.450590,-0.061502,-0.010678,-0.430447,0.036941,-0.901796,0.000000,69.430847
421089,0.036451,0.450589,-0.061504,-0.010660,-0.430457,0.036899,-0.901794,0.000000,68.921700
421093,0.036449,0.450590,-0.061509,-0.010727,-0.430503,0.036925,-0.901770,0.000000,68.493919
421096,0.036446,0.450591,-0.061516,-0.010739,-0.430493,0.036945,-0.901773,0.000000,68.035927
421100,0.036440,0.450588,-0.061516,-0.010617,-0.430505,0.036716,-0.901778,0.000000,67.565575
421104,0.036439,0.450588,-0.061517,-0.010710,-0.430450,0.036745,-0.901803,0.000000,67.093849
421107,0.036438,0.450587,-0.061512,-0.010705,-0.430463,0.036730,-0.901797,0.000000,66.645813
421110,0.036439,0.450587,-0.061510,-0.010656,-0.430484,0.036653,-0.901791,0.000000,66.172371
421114,0.036441,0.450588,-0.061504,-0.010702,-0.430479,0.036661,-0.901792,0.000000,65.688629
421117,0.036445,0.450589,-0.061498,-0.010720,-0.430477,0.036639,-0.901794,0.000000,65.219650
421121,0.036447,0.450587,-0.061495,-0.010623,-0.430495,0.036496,-0.901792,0.000000,64.698143
421125,0.036447,0.450583,-0.061491,-0.010703,-0.430526,0.036509,-0.901776,0.000000,64.252853
421128,0.036448,0.450593,-0.061495,-0.010792,-0.430493,0.036537,-0.901790,0.000000,63.778725
421132,0.036430,0.450594,-0.061497,-0.010678,-0.430450,0.036291,-0.901821,0.000000,63.296700
421135,0.036421,0.450584,-0.061499,-0.010641,-0.430503,0.036265,-0.901798,0.000000,62.801285
421139,0.036410,0.450585,-0.061505,-0.010616,-0.430495,0.036243,-0.901802,0.000000,62.323380
421142,0.036407,0.450585,-0.061505,-0.010583,-0.430521,0.036128,-0.901795,0.000000,61.795692
421146,0.036407,0.450585,-0.061503,-0.010617,-0.430518,0.036123,-0.901796,0.000000,61.344566
421149,0.036410,0.450584,-0.061499,-0.010670,-0.430527,0.036193,-0.901789,0.000000,60.858421
421153,0.036417,0.450583,-0.061490,-0.010599,-0.430541,0.036019,-0.901790,0.000000,60.376740
421157,0.036427,0.450581,-0.061487,-0.010668,-0.430549,0.036135,-0.901780,0.000000,59.879951
421160,0.036434,0.450589,-0.061485,-0.010785,-0.430480,0.036194,-0.901810,0.000000,59.390373
421164,0.036426,0.450581,-0.061486,-0.010627,-0.430533,0.036075,-0.901791,0.000000,58.919334
421167,0.036420,0.450582,-0.061489,-0.010653,-0.430491,0.036100,-0.901810,0.000000,58.425980
421171,0.036410,0.450584,-0.061495,-0.010583,-0.430501,0.036048,-0.901808,0.000000,57.921982
421174,0.036401,0.450583,-0.061502,-0.010592,-0.430500,0.036026,-0.901809,0.000000,57.431717
421178,0.036398,0.450584,-0.061507,-0.010652,-0.430531,0.036077,-0.901792,0.000000,56.939049
421182,0.036395,0.450584,-0.061508,-0.010513,-0.430523,0.035942,-0.901802,0.000000,56.429901
421185,0.036395,0.450584,-0.061506,-0.010540,-0.430533,0.035945,-0.901797,0.000000,55.931053
421189,0.036406,0.450582,-0.061500,-0.010667,-0.430502,0.036023,-0.901807,-0.000343,55.446968
421192,0.036413,0.450582,-0.061493,-0.010660,-0.430498,0.036028,-0.901809,0.000000,54.948463
421196,0.036416,0.450580,-0.061487,-0.010605,-0.430512,0.035981,-0.901805,0.000000,54.444809
421199,0.036420,0.450579,-0.061484,-0.010733,-0.430484,0.036057,-0.901814,0.000000,53.960724
421203,0.036418,0.450581,-0.061484,-0.010601,-0.430548,0.035994,-0.901787,0.000000,53.464966
421206,0.036420,0.450588,-0.061489,-0.010714,-0.430497,0.036030,-0.901809,0.000000,52.952042
421210,0.036414,0.450582,-0.061489,-0.010669,-0.430561,0.036047,-0.901778,0.000000,52.458344
421213,0.036406,0.450581,-0.061493,-0.010633,-0.430537,0.036027,-0.901791,0.000000,51.963272
421217,0.036396,0.450581,-0.061497,-0.010557,-0.430536,0.035826,-0.901801,0.000000,51.456528
421221,0.036390,0.450582,-0.061502,-0.010603,-0.430549,0.035835,-0.901794,0.000000,50.947380
421224,0.036385,0.450581,-0.061500,-0.010603,-0.430518,0.035723,-0.901812,0.000000,50.454369
421228,0.036382,0.450580,-0.061497,-0.010577,-0.430567,0.035600,-0.901794,0.000000,49.953461
421231,0.036377,0.450578,-0.061492,-0.010607,-0.430567,0.035554,-0.901796,0.000000,49.449463
421235,0.036372,0.450578,-0.061484,-0.010532,-0.430564,0.035307,-0.901808,0.000000,48.955765
421238,0.036368,0.450577,-0.061483,-0.010497,-0.430575,0.035158,-0.901809,-0.000343,48.460693
421242,0.036362,0.450573,-0.061478,-0.010564,-0.430594,0.035127,-0.901800,-0.000343,47.952919
421246,0.036352,0.450572,-0.061479,-0.010483,-0.430561,0.034866,-0.901827,-0.000343,47.455101
421249,0.036344,0.450569,-0.061476,-0.010536,-0.430571,0.034726,-0.901827,-0.000343,46.969299
421252,0.036337,0.450569,-0.061472,-0.010521,-0.430550,0.034589,-0.901842,0.000000,46.462555
421256,0.036325,0.450571,-0.061472,-0.010506,-0.430613,0.034460,-0.901818,0.000000,45.948944
421260,0.036314,0.450567,-0.061465,-0.010531,-0.430616,0.034210,-0.901825,-0.000343,45.456276
421263,0.036307,0.450568,-0.061464,-0.010508,-0.430609,0.034087,-0.901833,0.000000,44.963608
421267,0.036292,0.450564,-0.061455,-0.010435,-0.430613,0.033779,-0.901844,-0.000343,44.457207
421270,0.036284,0.450562,-0.061450,-0.010429,-0.430568,0.033559,-0.901874,-0.000343,43.961449
421274,0.036273,0.450560,-0.061442,-0.010448,-0.430588,0.033426,-0.901869,-0.000343,43.475304
421277,0.036265,0.450561,-0.061435,-0.010434,-0.430596,0.033215,-0.901873,0.000000,42.976112
421281,0.036251,0.450558,-0.061429,-0.010417,-0.430559,0.032850,-0.901904,-0.000343,42.475548
421284,0.036242,0.450557,-0.061425,-0.010415,-0.430555,0.032685,-0.901912,0.000000,42.005196
421288,0.036229,0.450555,-0.061424,-0.010407,-0.430590,0.032438,-0.901904,-0.000343,41.513214
421291,0.036221,0.450554,-0.061425,-0.010343,-0.430585,0.032192,-0.901916,-0.000343,41.002693
421295,0.036210,0.450554,-0.061421,-0.010427,-0.430562,0.031955,-0.901935,-0.000343,40.504532
421299,0.036191,0.450550,-0.061419,-0.010337,-0.430562,0.031541,-0.901951,-0.000343,40.022163
421302,0.036177,0.450549,-0.061412,-0.010352,-0.430541,0.031282,-0.901969,-0.000343,39.527435
421306,0.036161,0.450544,-0.061402,-0.010387,-0.430559,0.031039,-0.901969,0.000000,39.027214
421309,0.036145,0.450541,-0.061395,-0.010355,-0.430539,0.030738,-0.901989,0.000000,38.545532
421313,0.036130,0.450540,-0.061384,-0.010396,-0.430550,0.030363,-0.901996,-0.000343,38.055267
421316,0.036119,0.450540,-0.061380,-0.010428,-0.430560,0.030175,-0.901997,-0.000343,37.570496
421320,0.036103,0.450535,-0.061374,-0.010333,-0.430569,0.029750,-0.902008,0.000000,37.109756
421324,0.036089,0.450531,-0.061370,-0.010382,-0.430533,0.029496,-0.902033,-0.000343,36.635284
421327,0.036079,0.450531,-0.061363,-0.010377,-0.430565,0.029249,-0.902026,-0.000343,36.147766
421330,0.036071,0.450527,-0.061356,-0.010356,-0.430612,0.028948,-0.902013,-0.000343,35.676384
421334,0.036066,0.450528,-0.061351,-0.010310,-0.430595,0.028501,-0.902036,-0.000343,35.186806
421338,0.036073,0.450527,-0.061336,-0.010345,-0.430631,0.028308,-0.902025,-0.000343,34.684525
421341,0.036076,0.450520,-0.061323,-0.010356,-0.430639,0.027986,-0.902031,0.000000,34.217262
421345,0.036080,0.450514,-0.061305,-0.010465,-0.430591,0.027656,-0.902063,0.000000,33.742104
421348,0.036080,0.450511,-0.061295,-0.010463,-0.430626,0.027388,-0.902054,0.000000,33.264198
421352,0.036062,0.450509,-0.061292,-0.010388,-0.430565,0.026970,-0.902097,0.000000,32.802773
421356,0.036044,0.450506,-0.061294,-0.010458,-0.430573,0.026708,-0.902100,0.000000,32.344093
421359,0.036021,0.450503,-0.061303,-0.010412,-0.430535,0.026420,-0.902127,0.000000,31.879921
421362,0.035996,0.450503,-0.061310,-0.010318,-0.430582,0.026191,-0.902112,-0.000343,31.428452
421366,0.035962,0.450500,-0.061311,-0.010292,-0.430623,0.025810,-0.902104,-0.000343,30.965996
421370,0.035936,0.450499,-0.061304,-0.010296,-0.430628,0.025515,-0.902110,0.000000,30.489464
421373,0.035922,0.450496,-0.061288,-0.010316,-0.430639,0.025186,-0.902114,-0.000343,30.030785
421377,0.035918,0.450489,-0.061268,-0.010364,-0.430574,0.024854,-0.902154,-0.000343,29.566269
421380,0.035915,0.450484,-0.061247,-0.010364,-0.430603,0.024556,-0.902148,0.000000,29.094887
421384,0.035905,0.450478,-0.061222,-0.010373,-0.430571,0.024147,-0.902174,0.000000,28.653717
421387,0.035894,0.450476,-0.061210,-0.010368,-0.430588,0.023824,-0.902174,-0.000343,28.206367
421391,0.035874,0.450472,-0.061203,-0.010390,-0.430634,0.023506,-0.902161,0.000000,27.757988
421394,0.035847,0.450471,-0.061208,-0.010322,-0.430620,0.023108,-0.902178,-0.000343,27.323685
421398,0.035816,0.450467,-0.061215,-0.010330,-0.430648,0.022640,-0.902177,-0.000343,26.881828
421402,0.035778,0.450465,-0.061224,-0.010284,-0.430643,0.022262,-0.902189,-0.000343,26.448555
421405,0.035751,0.450463,-0.061223,-0.010256,-0.430687,0.021817,-0.902179,-0.000343,26.009102
421409,0.035717,0.450455,-0.061204,-0.010303,-0.430670,0.021205,-0.902202,-0.000343,25.554199
421412,0.035692,0.450447,-0.061188,-0.010296,-0.430681,0.020714,-0.902207,-0.000343,25.121613
421416,0.035664,0.450437,-0.061159,-0.010218,-0.430697,0.019967,-0.902218,-0.000343,24.691429
421419,0.035647,0.450428,-0.061143,-0.010278,-0.430693,0.019496,-0.902229,-0.000343,24.259872
421423,0.035627,0.450425,-0.061123,-0.010310,-0.430723,0.019007,-0.902225,0.000000,23.842392
421427,0.035596,0.450416,-0.061106,-0.010306,-0.430692,0.018295,-0.902255,0.000000,23.411522
421430,0.035575,0.450413,-0.061097,-0.010320,-0.430712,0.017870,-0.902253,0.000000,23.002281
421434,0.035545,0.450407,-0.061083,-0.010295,-0.430750,0.017350,-0.902246,0.000000,22.586861
421437,0.035524,0.450404,-0.061077,-0.010285,-0.430760,0.016869,-0.902250,-0.000343,22.171440
421441,0.035503,0.450399,-0.061067,-0.010405,-0.430764,0.016481,-0.902254,-0.000343,21.757736
421444,0.035487,0.450397,-0.061063,-0.010373,-0.430773,0.016116,-0.902257,-0.000343,21.340599
421448,0.035467,0.450392,-0.061060,-0.010378,-0.430752,0.015621,-0.902276,-0.000343,20.935822
421451,0.035449,0.450386,-0.061053,-0.010389,-0.430739,0.015236,-0.902288,-0.000343,20.539627
421455,0.035420,0.450382,-0.061040,-0.010375,-0.430738,0.014810,-0.902296,-0.000343,20.144463
421458,0.035395,0.450382,-0.061029,-0.010345,-0.430753,0.014407,-0.902296,-0.000343,19.748955
421462,0.035363,0.450374,-0.061012,-0.010377,-0.430755,0.013975,-0.902301,-0.000343,19.356880
421466,0.035340,0.450373,-0.061001,-0.010301,-0.430776,0.013555,-0.902298,-0.000343,18.976135
421469,0.035330,0.450366,-0.060994,-0.010295,-0.430788,0.013242,-0.902297,0.000000,18.575134
421472,0.035321,0.450366,-0.060992,-0.010325,-0.430802,0.013020,-0.902293,0.000000,18.190269
421476,0.035314,0.450362,-0.060987,-0.010347,-0.430801,0.012791,-0.902297,-0.000343,17.796478
421480,0.035302,0.450359,-0.060984,-0.010362,-0.430782,0.012462,-0.902311,-0.000343,17.424660
421483,0.035293,0.450354,-0.060979,-0.010368,-0.430812,0.012263,-0.902299,-0.000343,17.064171
421487,0.035277,0.450352,-0.060970,-0.010348,-0.430766,0.011981,-0.902325,0.000000,16.706085
421490,0.035262,0.450349,-0.060965,-0.010321,-0.430807,0.011778,-0.902308,0.000000,16.343536
421494,0.035249,0.450346,-0.060961,-0.010388,-0.430819,0.011584,-0.902304,0.000000,15.984764
421497,0.035237,0.450343,-0.060961,-0.010330,-0.430826,0.011349,-0.902304,-0.000343,15.619469
421501,0.035227,0.450339,-0.060961,-0.010313,-0.430848,0.011057,-0.902298,-0.000343,15.259666
421505,0.035219,0.450336,-0.060952,-0.010396,-0.430803,0.010875,-0.902321,0.000000,14.908791
421508,0.035211,0.450332,-0.060946,-0.010358,-0.430821,0.010690,-0.902315,-0.000343,14.570618
421512,0.035198,0.450328,-0.060931,-0.010368,-0.430799,0.010365,-0.902329,-0.000343,14.230385
421515,0.035192,0.450325,-0.060923,-0.010357,-0.430819,0.010161,-0.902322,-0.000343,13.896675
421519,0.035183,0.450322,-0.060913,-0.010317,-0.430841,0.009938,-0.902314,0.000000,13.560905
421522,0.035178,0.450320,-0.060912,-0.010367,-0.430824,0.009710,-0.902324,-0.000343,13.235435
421526,0.035172,0.450316,-0.060914,-0.010394,-0.430834,0.009568,-0.902321,0.000000,12.893829
421529,0.035161,0.450314,-0.060915,-0.010416,-0.430822,0.009382,-0.902328,-0.000343,12.572479
421533,0.035145,0.450314,-0.060918,-0.010375,-0.430861,0.009139,-0.902313,-0.000343,12.214394
421537,0.035124,0.450309,-0.060912,-0.010380,-0.430858,0.008935,-0.902316,0.000000,11.947975
421540,0.035111,0.450308,-0.060906,-0.010370,-0.430843,0.008784,-0.902324,-0.000343,11.647568
421544,0.035096,0.450305,-0.060901,-0.010336,-0.430878,0.008559,-0.902310,-0.000343,11.344070
421547,0.035088,0.450303,-0.060895,-0.010378,-0.430868,0.008403,-0.902316,-0.000343,11.036453
421551,0.035082,0.450302,-0.060895,-0.010302,-0.430881,0.008164,-0.902313,-0.000343,10.741882
421554,0.035077,0.450298,-0.060891,-0.010312,-0.430896,0.008011,-0.902307,-0.000343,10.445595
421558,0.035075,0.450297,-0.060888,-0.010404,-0.430898,0.007898,-0.902306,-0.000343,10.157890
421561,0.035101,0.450279,-0.060882,-0.010972,-0.430955,0.008432,-0.902267,0.000000,9.878769
421565,0.035089,0.450275,-0.060873,-0.010978,-0.430930,0.008166,-0.902282,-0.000343,9.609947
421569,0.035079,0.450274,-0.060862,-0.010928,-0.430953,0.007979,-0.902273,0.000000,9.353142
421572,0.035071,0.450272,-0.060857,-0.010922,-0.430966,0.007777,-0.902269,-0.000343,9.084663
421576,0.035068,0.450272,-0.060851,-0.011064,-0.430948,0.007622,-0.902277,-0.000343,8.805199
421579,0.035060,0.450267,-0.060848,-0.011033,-0.430969,0.007503,-0.902268,0.000000,8.537750
421583,0.035048,0.450265,-0.060845,-0.010967,-0.430986,0.007162,-0.902264,-0.000343,8.293648
421586,0.035044,0.450267,-0.060844,-0.011010,-0.430992,0.007070,-0.902261,-0.000343,8.054352
421590,0.035033,0.450265,-0.060840,-0.011037,-0.430980,0.006948,-0.902267,0.000000,7.812653
421593,0.035024,0.450263,-0.060840,-0.011040,-0.430975,0.006770,-0.902271,-0.000343,7.567520
421597,0.035017,0.450255,-0.060838,-0.010997,-0.430969,0.006580,-0.902276,-0.000343,7.327538
421600,0.035017,0.450260,-0.060835,-0.011031,-0.430962,0.006459,-0.902279,-0.000343,7.110558
421604,0.035015,0.450259,-0.060831,-0.010965,-0.430991,0.006321,-0.902268,-0.000343,6.897354
421607,0.035009,0.450252,-0.060825,-0.010910,-0.431007,0.006083,-0.902262,-0.000343,6.675224
421611,0.035005,0.450249,-0.060818,-0.010978,-0.431022,0.006048,-0.902255,-0.000343,6.463737
421615,0.034988,0.450247,-0.060814,-0.010940,-0.431016,0.005799,-0.902259,-0.000343,6.257401
421618,0.034977,0.450246,-0.060812,-0.011015,-0.431035,0.005708,-0.902250,0.000000,6.024628
421622,0.034957,0.450245,-0.060814,-0.010982,-0.431017,0.005594,-0.902260,0.000000,5.818291
421625,0.034946,0.450246,-0.060815,-0.010941,-0.431059,0.005455,-0.902241,-0.000343,5.645599
421629,0.034935,0.450246,-0.060820,-0.010990,-0.431068,0.005380,-0.902237,0.000000,5.451279
421632,0.034930,0.450244,-0.060821,-0.010992,-0.431050,0.005312,-0.902245,-0.000343,5.271034
421636,0.034928,0.450243,-0.060816,-0.010945,-0.431066,0.005114,-0.902240,0.000000,5.086327
421639,0.034929,0.450242,-0.060808,-0.010946,-0.431076,0.005042,-0.902235,-0.000343,4.895782
421643,0.034933,0.450237,-0.060794,-0.011020,-0.431051,0.005009,-0.902247,-0.000343,4.747810
421647,0.034934,0.450240,-0.060787,-0.011045,-0.431036,0.004870,-0.902254,-0.000343,4.566879
421650,0.034930,0.450235,-0.060783,-0.011019,-0.431049,0.004826,-0.902248,-0.000343,4.397278
421654,0.034928,0.450235,-0.060787,-0.010973,-0.431051,0.004733,-0.902248,-0.000343,4.247932
421657,0.034920,0.450236,-0.060793,-0.010938,-0.431073,0.004689,-0.902238,-0.000343,4.086571
421661,0.034913,0.450239,-0.060799,-0.011062,-0.431059,0.004616,-0.902244,-0.000343,3.921089
421664,0.034903,0.450236,-0.060802,-0.011022,-0.431066,0.004585,-0.902242,-0.000343,3.765564
421668,0.034892,0.450234,-0.060800,-0.010928,-0.431072,0.004362,-0.902241,0.000000,3.613129
421671,0.034894,0.450233,-0.060799,-0.010952,-0.431071,0.004321,-0.902241,0.000000,3.483009
421675,0.034899,0.450234,-0.060792,-0.011074,-0.431015,0.004367,-0.902266,0.000000,3.359756
421679,0.034908,0.450234,-0.060785,-0.010998,-0.431084,0.004236,-0.902235,-0.000343,3.245430
421682,0.034914,0.450234,-0.060779,-0.011068,-0.431049,0.004305,-0.902251,0.000000,3.110847
421685,0.034913,0.450232,-0.060775,-0.011070,-0.431041,0.004259,-0.902255,0.000000,2.967339
421689,0.034906,0.450232,-0.060775,-0.011002,-0.431088,0.004161,-0.902233,0.000000,2.833443
421693,0.034893,0.450226,-0.060777,-0.011003,-0.431107,0.004091,-0.902225,0.000000,2.714653
421696,0.034884,0.450229,-0.060780,-0.010975,-0.431102,0.004067,-0.902227,-0.000343,2.599983
421700,0.034867,0.450231,-0.060788,-0.010961,-0.431074,0.003931,-0.902241,-0.000343,2.484970
421703,0.034862,0.450232,-0.060792,-0.011030,-0.431073,0.003953,-0.902241,0.000000,2.372704
421707,0.034853,0.450228,-0.060789,-0.010913,-0.431116,0.003875,-0.902222,-0.000343,2.265930
421710,0.034855,0.450231,-0.060790,-0.011000,-0.431085,0.003852,-0.902236,-0.000343,2.179756
421714,0.034856,0.450225,-0.060783,-0.011006,-0.431114,0.003793,-0.902223,-0.000343,2.075043
421718,0.034858,0.450229,-0.060779,-0.010991,-0.431115,0.003733,-0.902222,0.000000,1.976509
421721,0.034863,0.450230,-0.060777,-0.011008,-0.431118,0.003747,-0.902221,0.000000,1.882782
421725,0.034864,0.450222,-0.060772,-0.010998,-0.431150,0.003716,-0.902205,0.000000,1.775322
421728,0.034867,0.450228,-0.060771,-0.011054,-0.431099,0.003756,-0.902229,-0.000343,1.682968
421732,0.034863,0.450223,-0.060770,-0.010937,-0.431150,0.003578,-0.902207,0.000000,1.599541
421735,0.034863,0.450224,-0.060772,-0.010953,-0.431100,0.003611,-0.902231,0.000000,1.520576
421738,0.034864,0.450223,-0.060771,-0.010955,-0.431135,0.003596,-0.902214,-0.000343,1.451569
421742,0.034866,0.450229,-0.060774,-0.010972,-0.431085,0.003581,-0.902237,0.000000,1.373634
421746,0.034860,0.450220,-0.060771,-0.010970,-0.431156,0.003545,-0.902204,0.000000,1.290550
421750,0.034857,0.450226,-0.060771,-0.010979,-0.431121,0.003449,-0.902221,-0.000343,1.214333
421753,0.034852,0.450221,-0.060769,-0.010935,-0.431107,0.003410,-0.902228,0.000000,1.148758
421757,0.034856,0.450226,-0.060770,-0.011011,-0.431125,0.003488,-0.902218,0.000000,1.095200
421760,0.034856,0.450222,-0.060770,-0.010950,-0.431128,0.003444,-0.902218,0.000000,1.040955
421764,0.034855,0.450223,-0.060771,-0.010997,-0.431125,0.003356,-0.902219,0.000000,0.987053
421767,0.034859,0.450224,-0.060769,-0.011039,-0.431124,0.003429,-0.902219,0.000000,0.922508
421771,0.034852,0.450218,-0.060765,-0.010939,-0.431157,0.003291,-0.902205,-0.000343,0.863457
421774,0.034851,0.450224,-0.060767,-0.011000,-0.431139,0.003365,-0.902212,0.000000,0.802689
421778,0.034847,0.450218,-0.060765,-0.011021,-0.431138,0.003360,-0.902213,0.000000,0.737457
421782,0.034836,0.450219,-0.060766,-0.010938,-0.431158,0.003265,-0.902204,0.000000,0.676346
421785,0.034830,0.450219,-0.060768,-0.010912,-0.431152,0.003234,-0.902208,0.000000,0.628624
421789,0.034827,0.450221,-0.060771,-0.010959,-0.431152,0.003256,-0.902207,0.000000,0.596695
421792,0.034824,0.450221,-0.060771,-0.010919,-0.431146,0.003252,-0.902210,0.000000,0.564423
421796,0.034826,0.450220,-0.060768,-0.010949,-0.431175,0.003235,-0.902196,0.000000,0.534210
421799,0.034832,0.450224,-0.060765,-0.011040,-0.431134,0.003283,-0.902214,0.000000,0.507088
421803,0.034836,0.450218,-0.060757,-0.010911,-0.431181,0.003162,-0.902194,0.000000,0.466232
421806,0.034840,0.450218,-0.060753,-0.010946,-0.431183,0.003180,-0.902192,0.000000,0.424690
421810,0.034845,0.450216,-0.060747,-0.011026,-0.431139,0.003222,-0.902213,-0.000343,0.380058
421813,0.034848,0.450221,-0.060749,-0.011077,-0.431117,0.003234,-0.902222,0.000000,0.346069
421817,0.034845,0.450222,-0.060754,-0.011028,-0.431143,0.003146,-0.902211,0.000000,0.305214
421820,0.034839,0.450216,-0.060760,-0.010955,-0.431154,0.003168,-0.902206,0.000000,0.273628
421824,0.034831,0.450219,-0.060769,-0.010944,-0.431164,0.003108,-0.902202,0.000000,0.246849
421827,0.034830,0.450224,-0.060777,-0.010983,-0.431145,0.003165,-0.902210,0.000000,0.230026
421831,0.034829,0.450222,-0.060778,-0.011039,-0.431113,0.003134,-0.902225,0.000000,0.217323
421835,0.034831,0.450224,-0.060774,-0.010969,-0.431124,0.003067,-0.902221,0.000000,0.209427
421838,0.034838,0.450222,-0.060769,-0.010987,-0.431106,0.003056,-0.902229,0.000000,0.197411
421842,0.034844,0.450214,-0.060761,-0.010964,-0.431154,0.003104,-0.902207,0.000000,0.175781
421845,0.034851,0.450215,-0.060754,-0.010977,-0.431129,0.003078,-0.902219,0.000000,0.145569
421849,0.034852,0.450215,-0.060751,-0.010945,-0.431156,0.003070,-0.902206,0.000000,0.118103
421852,0.034852,0.450218,-0.060751,-0.011095,-0.431118,0.003148,-0.902222,0.000000,0.099220
421856,0.034839,0.450216,-0.060753,-0.010921,-0.431158,0.002969,-0.902206,0.000000,0.084114
421860,0.034827,0.450214,-0.060759,-0.010967,-0.431168,0.003051,-0.902200,0.000000,0.073814
421863,0.034823,0.450219,-0.060765,-0.011068,-0.431162,0.003056,-0.902202,0.000000,0.067635
421867,0.034813,0.450218,-0.060769,-0.010887,-0.431182,0.002990,-0.902194,0.000000,0.062828
421870,0.034813,0.450220,-0.060770,-0.010972,-0.431157,0.002973,-0.902205,0.000000,0.058022
421874,0.034818,0.450222,-0.060768,-0.011029,-0.431133,0.003030,-0.902216,0.000000,0.054932
421878,0.034822,0.450217,-0.060761,-0.010953,-0.431194,0.003008,-0.902188,0.000000,0.050468
421881,0.034827,0.450215,-0.060754,-0.010939,-0.431190,0.002986,-0.902190,0.000000,0.040512
421884,0.034831,0.450216,-0.060751,-0.011007,-0.431143,0.003013,-0.902212,0.000000,0.028839
421888,0.034834,0.450215,-0.060747,-0.010911,-0.431164,0.002943,-0.902203,0.000000,0.010986
421892,0.034840,0.450221,-0.060749,-0.011035,-0.431111,0.003045,-0.902226,0.000000,0.002060
421895,0.034837,0.450214,-0.060747,-0.010968,-0.431152,0.002982,-0.902208,0.000000,-0.003777
421899,0.034834,0.450216,-0.060751,-0.010915,-0.431161,0.002967,-0.902204,0.000000,-0.005493
421902,0.034835,0.450221,-0.060754,-0.011015,-0.431151,0.002940,-0.902208,0.000000,-0.006523
421906,0.034832,0.450213,-0.060757,-0.010971,-0.431157,0.002962,-0.902206,0.000000,-0.005836
421909,0.034828,0.450214,-0.060760,-0.010919,-0.431200,0.002955,-0.902185,0.000000,-0.005836
421913,0.034828,0.450213,-0.060759,-0.010990,-0.431164,0.002956,-0.902202,0.000000,-0.005836
421916,0.034832,0.450219,-0.060762,-0.011049,-0.431128,0.002970,-0.902218,0.000000,-0.005836
421920,0.034829,0.450219,-0.060763,-0.010982,-0.431141,0.002912,-0.902213,0.000000,-0.005836
421923,0.034825,0.450213,-0.060762,-0.010922,-0.431155,0.002894,-0.902207,0.000000,-0.005836
421927,0.034826,0.450214,-0.060765,-0.010954,-0.431130,0.002942,-0.902219,0.000000,-0.005836
421931,0.034826,0.450217,-0.060765,-0.011025,-0.431141,0.002962,-0.902212,0.000000,-0.005836
421934,0.034823,0.450218,-0.060765,-0.011024,-0.431116,0.002906,-0.902225,0.000000,-0.005493
421938,0.034816,0.450214,-0.060764,-0.010950,-0.431173,0.002969,-0.902198,0.000000,-0.005493
421941,0.034810,0.450212,-0.060765,-0.010930,-0.431154,0.002879,-0.902208,0.000000,-0.005493
421945,0.034811,0.450219,-0.060769,-0.011060,-0.431109,0.002957,-0.902227,0.000000,-0.005493
421948,0.034809,0.450217,-0.060771,-0.011088,-0.431119,0.002965,-0.902222,0.000000,-0.005493
421952,0.034805,0.450216,-0.060770,-0.010925,-0.431181,0.002915,-0.902195,0.000000,-0.005150
421955,0.034805,0.450219,-0.060771,-0.010988,-0.431141,0.002870,-0.902213,0.000000,-0.005150
421959,0.034806,0.450214,-0.060765,-0.010990,-0.431160,0.002913,-0.902204,0.000000,-0.005150
421962,0.034806,0.450216,-0.060762,-0.010914,-0.431175,0.002879,-0.902198,0.000343,-0.004807
421966,0.034814,0.450216,-0.060762,-0.011034,-0.431152,0.002939,-0.902207,0.000343,-0.004807
421969,0.034817,0.450217,-0.060762,-0.011040,-0.431148,0.002954,-0.902209,0.000000,-0.004463
421973,0.034815,0.450212,-0.060761,-0.010898,-0.431152,0.002837,-0.902209,0.000000,-0.004120
421977,0.034822,0.450214,-0.060762,-0.011001,-0.431135,0.002964,-0.902215,0.000000,-0.003777
421981,0.034823,0.450219,-0.060765,-0.010977,-0.431145,0.002879,-0.902212,0.000000,-0.003433
421984,0.034825,0.450219,-0.060766,-0.010976,-0.431120,0.002903,-0.902223,0.000000,-0.002747
421987,0.034825,0.450217,-0.060766,-0.011023,-0.431123,0.002905,-0.902221,0.000343,-0.002060
421991,0.034828,0.450218,-0.060765,-0.011018,-0.431141,0.002948,-0.902212,0.000000,-0.001030
421994,0.034830,0.450217,-0.060763,-0.011008,-0.431149,0.002856,-0.902209,0.000000,-0.000343
421998,0.034832,0.450216,-0.060765,-0.011054,-0.431138,0.002933,-0.902214,0.000000,0.001030
422002,0.034832,0.450212,-0.060759,-0.010964,-0.431129,0.002897,-0.902219,0.000000,0.001717
422005,0.034829,0.450212,-0.060760,-0.010944,-0.431155,0.002853,-0.902207,0.000000,0.002403
422009,0.034826,0.450212,-0.060761,-0.011033,-0.431132,0.002919,-0.902217,0.000000,0.002747
422012,0.034820,0.450214,-0.060763,-0.010981,-0.431149,0.002905,-0.902209,0.000000,0.003090
422016,0.034809,0.450213,-0.060765,-0.010945,-0.431177,0.002871,-0.902197,0.000000,0.003090
422020,0.034806,0.450217,-0.060765,-0.011069,-0.431122,0.002911,-0.902221,0.000343,0.003433
422023,0.034799,0.450214,-0.060766,-0.010986,-0.431124,0.002924,-0.902221,0.000343,0.003433
422026,0.034800,0.450218,-0.060766,-0.011020,-0.431124,0.002834,-0.902221,0.000000,0.003433
422030,0.034805,0.450217,-0.060766,-0.011040,-0.431109,0.002894,-0.902228,0.000343,0.003433
422034,0.034810,0.450218,-0.060760,-0.011029,-0.431114,0.002907,-0.902225,0.000000,0.003777
422037,0.034812,0.450218,-0.060758,-0.011008,-0.431118,0.002860,-0.902224,0.000000,0.003433
422041,0.034818,0.450217,-0.060754,-0.011087,-0.431112,0.002986,-0.902225,0.000343,0.003433
422044,0.034816,0.450212,-0.060752,-0.011011,-0.431167,0.002908,-0.902200,0.000000,0.003433
422048,0.034818,0.450212,-0.060754,-0.010991,-0.431156,0.002859,-0.902206,0.000343,0.003433
422051,0.034819,0.450216,-0.060755,-0.011084,-0.431143,0.002873,-0.902211,0.000343,0.003433
422055,0.034817,0.450212,-0.060756,-0.010974,-0.431141,0.002882,-0.902213,0.000000,0.003433
422058,0.034817,0.450213,-0.060758,-0.010957,-0.431169,0.002833,-0.902200,0.000343,0.003433
422062,0.034822,0.450215,-0.060762,-0.011053,-0.431141,0.002941,-0.902212,0.000343,0.003433
422066,0.034818,0.450212,-0.060761,-0.010923,-0.431187,0.002860,-0.902192,0.000000,0.003433
422069,0.034815,0.450216,-0.060764,-0.011038,-0.431123,0.002884,-0.902221,0.000343,0.003433
422073,0.034815,0.450214,-0.060767,-0.011055,-0.431128,0.002896,-0.902218,0.000343,0.003433
422076,0.034811,0.450214,-0.060774,-0.011010,-0.431116,0.002887,-0.902225,0.000000,0.003777
422080,0.034811,0.450215,-0.060781,-0.010986,-0.431111,0.002853,-0.902228,0.000343,0.003433
422083,0.034811,0.450215,-0.060782,-0.010991,-0.431144,0.002884,-0.902211,0.000343,0.003777
422087,0.034808,0.450220,-0.060783,-0.011055,-0.431083,0.002918,-0.902240,0.000343,0.003433
422090,0.034801,0.450221,-0.060781,-0.011033,-0.431131,0.002890,-0.902217,0.000343,0.003433
422093,0.034793,0.450223,-0.060780,-0.011007,-0.431154,0.002834,-0.902207,0.000343,0.003433
422098,0.034782,0.450218,-0.060778,-0.010962,-0.431174,0.002788,-0.902198,0.000343,0.003433
422101,0.034781,0.450222,-0.060780,-0.010974,-0.431164,0.002834,-0.902203,0.000343,0.003433
422104,0.034784,0.450222,-0.060779,-0.010957,-0.431191,0.002842,-0.902190,0.000343,0.003433
422108,0.034790,0.450229,-0.060772,-0.011073,-0.431131,0.002922,-0.902217,0.000343,0.003433
422112,0.034800,0.450222,-0.060759,-0.010970,-0.431172,0.002866,-0.902199,0.000000,0.003433
422115,0.034811,0.450223,-0.060745,-0.010986,-0.431178,0.002931,-0.902195,0.000343,0.003433
422119,0.034833,0.450228,-0.060735,-0.011065,-0.431122,0.002948,-0.902221,0.000343,0.003433
422122,0.034838,0.450228,-0.060728,-0.011073,-0.431119,0.002919,-0.902222,0.000000,0.003433
422126,0.034847,0.450220,-0.060734,-0.011063,-0.431172,0.002980,-0.902197,0.000343,0.003090
422129,0.034852,0.450225,-0.060745,-0.011144,-0.431116,0.002998,-0.902223,0.000343,0.003090
422133,0.034844,0.450227,-0.060760,-0.011051,-0.431120,0.002948,-0.902222,0.000343,0.003433
422136,0.034830,0.450225,-0.060762,-0.011086,-0.431119,0.002936,-0.902222,0.000000,0.003090
422140,0.034798,0.450223,-0.060754,-0.010974,-0.431148,0.002854,-0.902210,0.000343,0.003090
422144,0.034786,0.450223,-0.060746,-0.011004,-0.431209,0.002865,-0.902181,0.000343,0.003090
422147,0.034786,0.450228,-0.060746,-0.011117,-0.431160,0.002940,-0.902202,0.000000,0.003090
422151,0.034784,0.450219,-0.060752,-0.010986,-0.431183,0.002867,-0.902193,0.000343,0.003090
422154,0.034794,0.450227,-0.060762,-0.011039,-0.431146,0.002902,-0.902210,0.000000,0.003090
422158,0.034792,0.450221,-0.060771,-0.011036,-0.431128,0.002908,-0.902218,0.000343,0.003090
422161,0.034790,0.450228,-0.060775,-0.011115,-0.431091,0.002920,-0.902235,0.000343,0.002747
422165,0.034776,0.450224,-0.060774,-0.010969,-0.431128,0.002804,-0.902220,0.000343,0.002747
422168,0.034775,0.450222,-0.060774,-0.011018,-0.431164,0.002865,-0.902202,0.000343,0.002747
422172,0.034777,0.450228,-0.060781,-0.011012,-0.431103,0.002870,-0.902231,0.000000,0.002747
422176,0.034787,0.450226,-0.060778,-0.011049,-0.431136,0.002869,-0.902215,0.000343,0.002747
422179,0.034795,0.450228,-0.060773,-0.011091,-0.431133,0.002964,-0.902215,0.000343,0.002403
422182,0.034795,0.450228,-0.060760,-0.011112,-0.431144,0.002951,-0.902210,0.000000,0.002403
422186,0.034787,0.450217,-0.060740,-0.011007,-0.431219,0.002880,-0.902175,0.000343,0.002403
422190,0.034779,0.450216,-0.060734,-0.011081,-0.431171,0.002883,-0.902197,0.000343,0.002403
422193,0.034773,0.450216,-0.060740,-0.011090,-0.431140,0.002868,-0.902212,0.000343,0.002060
422197,0.034771,0.450227,-0.060763,-0.011086,-0.431154,0.002875,-0.902206,0.000343,0.002403
422201,0.034765,0.450223,-0.060783,-0.010975,-0.431174,0.002799,-0.902198,0.000000,0.002060
422204,0.034769,0.450226,-0.060794,-0.010916,-0.431161,0.002792,-0.902205,0.000000,0.002060
422207,0.034780,0.450230,-0.060798,-0.010988,-0.431114,0.002811,-0.902226,0.000000,0.002060
422211,0.034804,0.450227,-0.060785,-0.011077,-0.431113,0.002893,-0.902225,0.000343,0.002060
422215,0.034820,0.450220,-0.060766,-0.010954,-0.431122,0.002782,-0.902223,0.000343,0.002060
422218,0.034837,0.450224,-0.060749,-0.011098,-0.431108,0.002920,-0.902228,0.000343,0.001717
422222,0.034839,0.450216,-0.060731,-0.011057,-0.431121,0.002916,-0.902221,0.000343,0.001717
422225,0.034825,0.450216,-0.060725,-0.011049,-0.431132,0.002926,-0.902217,0.000343,0.001717
422229,0.034799,0.450221,-0.060734,-0.011111,-0.431145,0.002848,-0.902210,0.000000,0.001717
422232,0.034771,0.450217,-0.060750,-0.011021,-0.431181,0.002880,-0.902193,0.000343,0.001717
422236,0.034746,0.450229,-0.060787,-0.010982,-0.431170,0.002756,-0.902200,0.000343,0.001717
422239,0.034737,0.450233,-0.060807,-0.010969,-0.431151,0.002813,-0.902209,0.000343,0.001373
422243,0.034735,0.450226,-0.060810,-0.010958,-0.431165,0.002853,-0.902202,0.000000,0.001030
422247,0.034756,0.450228,-0.060793,-0.010963,-0.431139,0.002772,-0.902215,0.000343,0.000687
422250,0.034778,0.450222,-0.060768,-0.010977,-0.431139,0.002820,-0.902214,0.000343,0.001030
422253,0.034809,0.450226,-0.060745,-0.011120,-0.431134,0.002938,-0.902215,0.000343,0.000687
422257,0.034837,0.450219,-0.060721,-0.011025,-0.431111,0.002893,-0.902227,0.000343,0.000687
422261,0.034847,0.450220,-0.060711,-0.011177,-0.431092,0.002953,-0.902234,0.000343,0.000343
422264,0.034836,0.450214,-0.060711,-0.011106,-0.431121,0.002954,-0.902221,0.000000,0.000000
422268,0.034792,0.450217,-0.060723,-0.010999,-0.431186,0.002818,-0.902192,0.000343,0.000000
422271,0.034758,0.450217,-0.060743,-0.011021,-0.431209,0.002825,-0.902180,0.000000,-0.000343
422275,0.034720,0.450229,-0.060778,-0.011049,-0.431169,0.002832,-0.902199,0.000343,-0.000343
422279,0.034702,0.450224,-0.060810,-0.010928,-0.431206,0.002733,-0.902183,0.000343,-0.000687
422282,0.034714,0.450231,-0.060823,-0.011015,-0.431154,0.002795,-0.902207,0.000000,-0.000687
422285,0.034731,0.450231,-0.060823,-0.011037,-0.431095,0.002876,-0.902235,0.000000,-0.000687
422289,0.034760,0.450227,-0.060796,-0.011029,-0.431128,0.002832,-0.902219,0.000000,-0.001030
422293,0.034793,0.450215,-0.060760,-0.011061,-0.431168,0.002864,-0.902200,0.000000,-0.001030
422296,0.034817,0.450212,-0.060735,-0.011102,-0.431126,0.002887,-0.902219,0.000343,-0.001030
422300,0.034837,0.450213,-0.060721,-0.011027,-0.431155,0.002859,-0.902206,0.000000,-0.001030
422303,0.034844,0.450220,-0.060721,-0.011114,-0.431100,0.002940,-0.902231,0.000000,-0.001030
422307,0.034825,0.450222,-0.060730,-0.011053,-0.431113,0.002872,-0.902226,0.000343,-0.001373
422310,0.034799,0.450220,-0.060738,-0.010957,-0.431152,0.002886,-0.902208,0.000343,-0.001373
422314,0.034769,0.450227,-0.060752,-0.011025,-0.431186,0.002834,-0.902191,0.000343,-0.001373
422318,0.034745,0.450229,-0.060763,-0.010979,-0.431121,0.002760,-0.902223,0.000343,-0.001030
422321,0.034735,0.450227,-0.060766,-0.010998,-0.431162,0.002807,-0.902203,0.000343,-0.001373
422325,0.034735,0.450218,-0.060767,-0.011002,-0.431174,0.002806,-0.902197,0.000343,-0.001373
422328,0.034746,0.450217,-0.060762,-0.011028,-0.431163,0.002807,-0.902202,0.000343,-0.001373
422332,0.034761,0.450220,-0.060761,-0.010976,-0.431207,0.002751,-0.902182,0.000000,-0.001373
422335,0.034777,0.450224,-0.060764,-0.011087,-0.431148,0.002841,-0.902209,0.000000,-0.001373
422339,0.034789,0.450222,-0.060766,-0.011052,-0.431122,0.002818,-0.902222,0.000343,-0.001373
422342,0.034794,0.450217,-0.060768,-0.010944,-0.431144,0.002828,-0.902213,0.000343,-0.001373
422346,0.034801,0.450219,-0.060762,-0.010986,-0.431144,0.002820,-0.902212,0.000000,-0.001717
422349,0.034801,0.450223,-0.060759,-0.011108,-0.431097,0.002868,-0.902233,0.000343,-0.001373
422353,0.034801,0.450224,-0.060747,-0.011027,-0.431102,0.002761,-0.902231,0.000343,-0.001373
422357,0.034805,0.450221,-0.060742,-0.011109,-0.431095,0.002824,-0.902234,0.000343,-0.001373
422360,0.034807,0.450219,-0.060742,-0.011120,-0.431076,0.002841,-0.902243,0.000343,-0.001373
422364,0.034797,0.450213,-0.060748,-0.010959,-0.431148,0.002769,-0.902210,0.000343,-0.001373
422367,0.034785,0.450214,-0.060756,-0.011023,-0.431162,0.002779,-0.902203,0.000343,-0.001373
422371,0.034772,0.450223,-0.060770,-0.011025,-0.431131,0.002794,-0.902218,0.000343,-0.001373
422374,0.034758,0.450219,-0.060775,-0.010909,-0.431186,0.002716,-0.902193,0.000000,-0.001373
422374,0.034758,0.450219,-0.060775,-0.010909,-0.431186,0.002716,-0.902193,0.000343,-0.001373
422374,0.034758,0.450219,-0.060775,-0.010909,-0.431186,0.002716,-0.902193,0.000000,-0.001373
422374,0.034758,0.450219,-0.060775,-0.010909,-0.431186,0.002716,-0.902193,0.000343,-0.001373
422374,0.034758,0.450219,-0.060775,-0.010909,-0.431186,0.002716,-0.902193,0.000000,-0.001373
422374,0.034758,0.450219,-0.060775,-0.010909,-0.431186,0.002716,-0.902193,0.000343,-0.001373
422374,0.034758,0.450219,-0.060775,-0.010909,-0.431186,0.002716,-0.902193,0.000000,-0.001717
422374,0.034758,0.450219,-0.060775,-0.010909,-0.431186,0.002716,-0.902193,0.000000,-0.001373
422374,0.034758,0.450219,-0.060775,-0.010909,-0.431186,0.002716,-0.902193,0.000343,-0.001373
422374,0.034758,0.450219,-0.060775,-0.010909,-0.431186,0.002716,-0.902193,0.000000,-0.001373
422374,0.034758,0.450219,-0.060775,-0.010909,-0.431186,0.002716,-0.902193,0.000000,-0.001373
422374,0.034758,0.450219,-0.060775,-0.010909,-0.431186,0.002716,-0.902193,0.000000,-0.001717
422374,0.034758,0.450219,-0.060775,-0.010909,-0.431186,0.002716,-0.902193,0.000000,-0.001373
422374,0.034758,0.450219,-0.060775,-0.010909,-0.431186,0.002716,-0.902193,0.000343,-0.001373
422374,0.034758,0.450219,-0.060775,-0.010909,-0.431186,0.002716,-0.902193,0.000343,-0.001373
422374,0.034758,0.450219,-0.060775,-0.010909,-0.431186,0.002716,-0.902193,0.000343,-0.001373
422374,0.034758,0.450219,-0.060775,-0.010909,-0.431186,0.002716,-0.902193,0.000343,-0.001373
422374,0.034758,0.450219,-0.060775,-0.010909,-0.431186,0.002716,-0.902193,0.000000,-0.001373
422374,0.034758,0.450219,-0.060775,-0.010909,-0.431186,0.002716,-0.902193,0.000343,-0.001373
422374,0.034758,0.450219,-0.060775,-0.010909,-0.431186,0.002716,-0.902193,0.000343,-0.001373
422374,0.034758,0.450219,-0.060775,-0.010909,-0.431186,0.002716,-0.902193,0.000343,-0.001373
422374,0.034758,0.450219,-0.060775,-0.010909,-0.431186,0.002716,-0.902193,0.000343,-0.001373
422374,0.034758,0.450219,-0.060775,-0.010909,-0.431186,0.002716,-0.902193,0.000343,-0.001373
422374,0.034758,0.450219,-0.060775,-0.010909,-0.431186,0.002716,-0.902193,0.000343,-0.001373
422374,0.034758,0.450219,-0.060775,-0.010909,-0.431186,0.002716,-0.902193,0.000343,-0.001373
422374,0.034758,0.450219,-0.060775,-0.010909,-0.431186,0.002716,-0.902193,0.000343,-0.001373
422374,0.034758,0.450219,-0.060775,-0.010909,-0.431186,0.002716,-0.902193,0.000343,-0.001373
422374,0.034758,0.450219,-0.060775,-0.010909,-0.431186,0.002716,-0.902193,0.000343,-0.001373
422374,0.034758,0.450219,-0.060775,-0.010909,-0.431186,0.002716,-0.902193,0.000343,-0.001373
422374,0.034758,0.450219,-0.060775,-0.010909,-0.431186,0.002716,-0.902193,0.000343,-0.001373
422374,0.034758,0.450219,-0.060775,-0.010909,-0.431186,0.002716,-0.902193,0.000343,-0.001373
422374,0.034758,0.450219,-0.060775,-0.010909,-0.431186,0.002716,-0.902193,0.000343,-0.001373
422374,0.034758,0.450219,-0.060775,-0.010909,-0.431186,0.002716,-0.902193,0.000343,-0.001373
422374,0.034758,0.450219,-0.060775,-0.010909,-0.431186,0.002716,-0.902193,0.000343,-0.001373
422374,0.034758,0.450219,-0.060775,-0.010909,-0.431186,0.002716,-0.902193,0.000343,-0.001373
422374,0.034758,0.450219,-0.060775,-0.010909,-0.431186,0.002716,-0.902193,0.000343,-0.001373
422374,0.034758,0.450219,-0.060775,-0.010909,-0.431186,0.002716,-0.902193,0.000343,-0.001373
422374,0.034758,0.450219,-0.060775,-0.010909,-0.431186,0.002716,-0.902193,0.000343,-0.001373
422374,0.034758,0.450219,-0.060775,-0.010909,-0.431186,0.002716,-0.902193,0.000343,-0.001373
