0,0.000000,0.000000,0.000000,0.000000,0.000000,0.000000,0.000000,0.000000,0.000000
0,0.000000,0.000000,0.000000,0.000000,0.000000,0.000000,0.000000,0.000000,0.000000
0,0.000000,0.000000,0.000000,0.000000,0.000000,0.000000,0.000000,0.000000,0.000000
0,0.000000,0.000000,0.000000,0.000000,0.000000,0.000000,0.000000,0.000000,0.000000
0,0.000000,0.000000,0.000000,0.000000,0.000000,0.000000,0.000000,0.000000,0.000000
0,0.000000,0.000000,0.000000,0.000000,0.000000,0.000000,0.000000,0.000000,0.000000
0,0.000000,0.000000,0.000000,0.000000,0.000000,0.000000,0.000000,0.000000,0.000000
0,0.000000,0.000000,0.000000,0.000000,0.000000,0.000000,0.000000,0.000000,0.000000
0,0.000000,0.000000,0.000000,0.000000,0.000000,0.000000,0.000000,0.000000,0.000000
0,0.000000,0.000000,0.000000,0.000000,0.000000,0.000000,0.000000,0.000000,0.000000
0,0.000000,0.000000,0.000000,0.000000,0.000000,0.000000,0.000000,0.000000,0.000000
0,0.000000,0.000000,0.000000,0.000000,0.000000,0.000000,0.000000,0.000000,0.000000
0,0.000000,0.000000,0.000000,0.000000,0.000000,0.000000,0.000000,0.000000,0.000000
0,0.000000,0.000000,0.000000,0.000000,0.000000,0.000000,0.000000,0.000000,0.000000
0,0.000000,0.000000,0.000000,0.000000,0.000000,0.000000,0.000000,0.000000,0.000000
0,0.000000,0.000000,0.000000,0.000000,0.000000,0.000000,0.000000,0.000000,0.000000
0,0.000000,0.000000,0.000000,0.000000,0.000000,0.000000,0.000000,0.000000,0.000000
0,0.000000,0.000000,0.000000,0.000000,0.000000,0.000000,0.000000,0.000000,0.000000
0,0.000000,0.000000,0.000000,0.000000,0.000000,0.000000,0.000000,0.000000,0.000000
0,0.000000,0.000000,0.000000,0.000000,0.000000,0.000000,0.000000,0.000000,0.000000
0,0.000000,0.000000,0.000000,0.000000,0.000000,0.000000,0.000000,0.000000,0.000000
0,0.000000,0.000000,0.000000,0.000000,0.000000,0.000000,0.000000,0.000000,0.000000
0,0.000000,0.000000,0.000000,0.000000,0.000000,0.000000,0.000000,0.000000,0.000000
0,0.000000,0.000000,0.000000,0.000000,0.000000,0.000000,0.000000,0.000000,0.000000
435669,0.034865,0.450210,-0.060727,-0.011045,-0.431098,0.002785,-0.902233,0.000000,0.000000
435671,0.034870,0.450214,-0.060729,-0.011158,-0.431093,0.002865,-0.902234,0.000000,0.000000
435674,0.034865,0.450209,-0.060726,-0.011036,-0.431131,0.002779,-0.902218,0.000000,0.000000
435678,0.034856,0.450208,-0.060725,-0.011053,-0.431152,0.002768,-0.902208,0.000000,0.000000
435682,0.034848,0.450214,-0.060726,-0.011158,-0.431074,0.002811,-0.902243,0.000000,0.000000
435685,0.034842,0.450214,-0.060731,-0.011095,-0.431106,0.002769,-0.902229,0.000343,0.000000
435688,0.034832,0.450210,-0.060735,-0.010930,-0.431143,0.002695,-0.902213,0.000000,0.000000
435692,0.034832,0.450214,-0.060739,-0.011129,-0.431073,0.002785,-0.902244,0.000000,0.000000
435696,0.034824,0.450216,-0.060739,-0.011042,-0.431118,0.002802,-0.902224,0.000000,0.000000
435699,0.034818,0.450215,-0.060735,-0.011046,-0.431125,0.002735,-0.902221,0.000000,0.000000
435703,0.034818,0.450214,-0.060735,-0.011111,-0.431112,0.002801,-0.902226,0.000000,0.000000
435706,0.034819,0.450211,-0.060735,-0.010974,-0.431153,0.002742,-0.902208,0.000343,0.000000
435710,0.034824,0.450208,-0.060742,-0.011052,-0.431130,0.002762,-0.902218,0.000000,0.000000
435714,0.034833,0.450210,-0.060745,-0.010986,-0.431112,0.002764,-0.902227,0.000000,0.000000
435717,0.034839,0.450213,-0.060743,-0.011079,-0.431105,0.002775,-0.902229,0.000000,-0.000343
435721,0.034842,0.450215,-0.060739,-0.011093,-0.431129,0.002804,-0.902218,0.000000,0.000000
435724,0.034838,0.450208,-0.060733,-0.011082,-0.431123,0.002807,-0.902221,0.000000,0.000000
435728,0.034832,0.450208,-0.060733,-0.011001,-0.431155,0.002724,-0.902207,0.000000,-0.000343
435731,0.034830,0.450215,-0.060736,-0.011098,-0.431100,0.002738,-0.902232,0.000343,0.000000
435735,0.034822,0.450213,-0.060737,-0.011116,-0.431101,0.002792,-0.902231,0.000000,0.000000
435738,0.034816,0.450215,-0.060739,-0.011059,-0.431098,0.002770,-0.902233,0.000000,-0.000343
435742,0.034808,0.450210,-0.060742,-0.010989,-0.431129,0.002719,-0.902220,0.000000,-0.000343
435745,0.034815,0.450216,-0.060746,-0.011072,-0.431110,0.002763,-0.902227,0.000000,0.000000
435749,0.034818,0.450210,-0.060743,-0.010958,-0.431119,0.002721,-0.902225,0.000000,-0.000343
435753,0.034829,0.450207,-0.060738,-0.011018,-0.431148,0.002755,-0.902210,0.000000,0.000000
435756,0.034839,0.450212,-0.060733,-0.011149,-0.431096,0.002865,-0.902233,0.000000,-0.000343
435760,0.034838,0.450205,-0.060725,-0.011027,-0.431136,0.002715,-0.902215,0.000000,-0.000343
435763,0.034839,0.450205,-0.060724,-0.011039,-0.431138,0.002753,-0.902214,0.000000,-0.000343
435767,0.034835,0.450204,-0.060727,-0.011045,-0.431136,0.002784,-0.902215,0.000000,-0.000343
435770,0.034826,0.450206,-0.060736,-0.011039,-0.431131,0.002776,-0.902218,0.000000,-0.000343
435774,0.034814,0.450207,-0.060747,-0.011024,-0.431146,0.002794,-0.902211,0.000343,-0.000343
435777,0.034804,0.450206,-0.060752,-0.011022,-0.431132,0.002764,-0.902217,0.000000,-0.000343
435781,0.034798,0.450214,-0.060758,-0.011025,-0.431128,0.002749,-0.902219,0.000000,-0.000343
435784,0.034797,0.450208,-0.060756,-0.010941,-0.431158,0.002712,-0.902206,0.000000,-0.000343
435788,0.034809,0.450212,-0.060755,-0.011126,-0.431101,0.002848,-0.902231,0.000000,0.000000
435792,0.034818,0.450209,-0.060747,-0.011043,-0.431100,0.002701,-0.902232,0.000000,-0.000343
435795,0.034829,0.450206,-0.060738,-0.011069,-0.431118,0.002769,-0.902224,0.000343,-0.000343
435798,0.034834,0.450204,-0.060732,-0.011048,-0.431151,0.002764,-0.902208,0.000000,-0.000343
435802,0.034839,0.450209,-0.060727,-0.011146,-0.431093,0.002824,-0.902234,0.000343,-0.000343
435806,0.034832,0.450204,-0.060726,-0.011038,-0.431160,0.002802,-0.902204,0.000343,-0.000343
435809,0.034831,0.450209,-0.060731,-0.011163,-0.431095,0.002832,-0.902233,0.000343,-0.000343
435813,0.034817,0.450206,-0.060741,-0.010985,-0.431164,0.002730,-0.902202,0.000343,-0.000343
435816,0.034812,0.450213,-0.060749,-0.011047,-0.431123,0.002757,-0.902221,0.000343,-0.000343
435820,0.034805,0.450212,-0.060750,-0.011111,-0.431111,0.002764,-0.902227,0.000000,0.000000
435824,0.034794,0.450207,-0.060752,-0.010942,-0.431168,0.002671,-0.902201,0.000343,-0.000343
435827,0.034797,0.450207,-0.060747,-0.011024,-0.431138,0.002747,-0.902215,0.000000,-0.000343
435831,0.034802,0.450213,-0.060743,-0.011046,-0.431129,0.002744,-0.902218,0.000000,-0.000343
435834,0.034807,0.450211,-0.060737,-0.011029,-0.431132,0.002787,-0.902217,0.000343,-0.000343
435838,0.034813,0.450208,-0.060733,-0.011032,-0.431163,0.002786,-0.902202,0.000343,-0.000343
435841,0.034818,0.450205,-0.060733,-0.011066,-0.431153,0.002820,-0.902207,0.000000,-0.000343
435845,0.034822,0.450210,-0.060733,-0.011100,-0.431080,0.002742,-0.902241,0.000343,-0.000343
435848,0.034822,0.450211,-0.060735,-0.011114,-0.431101,0.002763,-0.902231,0.000343,-0.000343
435852,0.034818,0.450205,-0.060736,-0.011032,-0.431145,0.002809,-0.902211,0.000000,-0.000343
435855,0.034814,0.450212,-0.060741,-0.011111,-0.431073,0.002797,-0.902244,0.000000,-0.000343
435859,0.034810,0.450211,-0.060745,-0.011100,-0.431125,0.002787,-0.902219,0.000343,-0.000343
435863,0.034803,0.450212,-0.060750,-0.011083,-0.431133,0.002722,-0.902216,0.000343,-0.000343
435866,0.034797,0.450208,-0.060754,-0.010958,-0.431168,0.002756,-0.902201,0.000000,-0.000343
435869,0.034796,0.450209,-0.060753,-0.010927,-0.431145,0.002702,-0.902213,0.000343,-0.000343
435873,0.034799,0.450209,-0.060754,-0.011050,-0.431127,0.002799,-0.902219,0.000343,-0.000343
435877,0.034796,0.450206,-0.060749,-0.010964,-0.431142,0.002688,-0.902214,0.000343,-0.000343
435880,0.034800,0.450208,-0.060742,-0.011043,-0.431114,0.002738,-0.902226,0.000000,-0.000343
435884,0.034806,0.450212,-0.060738,-0.011064,-0.431109,0.002748,-0.902228,0.000343,-0.000343
435887,0.034810,0.450213,-0.060734,-0.011096,-0.431099,0.002755,-0.902232,0.000343,-0.000343
435891,0.034813,0.450213,-0.060737,-0.011098,-0.431134,0.002784,-0.902216,0.000343,-0.000343
435894,0.034813,0.450207,-0.060738,-0.011065,-0.431138,0.002821,-0.902214,0.000343,-0.000343
435898,0.034811,0.450213,-0.060741,-0.011071,-0.431122,0.002710,-0.902222,0.000343,-0.000343
435902,0.034807,0.450211,-0.060740,-0.011154,-0.431115,0.002759,-0.902224,0.000343,-0.000343
435905,0.034801,0.450211,-0.060740,-0.011109,-0.431128,0.002797,-0.902218,0.000343,-0.000343
435909,0.034793,0.450209,-0.060739,-0.010972,-0.431158,0.002691,-0.902206,0.000343,0.000000
435912,0.034795,0.450214,-0.060741,-0.011114,-0.431104,0.002767,-0.902229,0.000343,0.000000
435916,0.034794,0.450209,-0.060743,-0.010944,-0.431149,0.002717,-0.902210,0.000343,0.002060
435919,0.034801,0.450213,-0.060744,-0.011083,-0.431090,0.002762,-0.902237,0.000343,0.009956
435923,0.034802,0.450214,-0.060746,-0.011069,-0.431145,0.002779,-0.902210,0.000343,0.016479
435926,0.034802,0.450208,-0.060745,-0.011051,-0.431130,0.002809,-0.902218,0.000000,0.034332
435930,0.034804,0.450213,-0.060745,-0.011054,-0.431119,0.002699,-0.902223,0.000343,0.059052
435934,0.034802,0.450207,-0.060745,-0.011016,-0.431123,0.002750,-0.902222,0.000343,0.088921
435937,0.034803,0.450205,-0.060743,-0.011064,-0.431116,0.002758,-0.902224,0.000343,0.106087
435941,0.034804,0.450213,-0.060745,-0.011056,-0.431127,0.002700,-0.902220,0.000343,0.111923
435944,0.034809,0.450213,-0.060741,-0.011088,-0.431145,0.002772,-0.902210,0.000343,0.120506
435948,0.034806,0.450214,-0.060743,-0.011028,-0.431136,0.002728,-0.902216,0.000343,0.126343
435951,0.034804,0.450208,-0.060742,-0.010958,-0.431155,0.002750,-0.902207,0.000343,0.130119
435955,0.034805,0.450205,-0.060742,-0.011058,-0.431150,0.002785,-0.902208,0.000343,0.147972
435958,0.034807,0.450214,-0.060743,-0.011117,-0.431088,0.002832,-0.902237,0.000343,0.169258
435962,0.034802,0.450208,-0.060737,-0.010972,-0.431143,0.002670,-0.902213,0.000343,0.181961
435965,0.034805,0.450214,-0.060740,-0.011107,-0.431111,0.002748,-0.902227,0.000343,0.207710
435969,0.034807,0.450213,-0.060736,-0.011075,-0.431101,0.002753,-0.902232,0.000343,0.253372
435973,0.034806,0.450209,-0.060738,-0.010939,-0.431155,0.002686,-0.902208,0.000343,0.271568
435976,0.034807,0.450207,-0.060739,-0.011035,-0.431146,0.002746,-0.902210,0.000343,0.298691
435980,0.034808,0.450212,-0.060739,-0.011098,-0.431138,0.002740,-0.902214,0.000687,0.322380
435983,0.034804,0.450212,-0.060744,-0.011066,-0.431148,0.002744,-0.902209,0.000343,0.342636
435987,0.034802,0.450210,-0.060743,-0.011167,-0.431126,0.002774,-0.902218,0.000343,0.366325
435990,0.034798,0.450213,-0.060748,-0.011112,-0.431096,0.002818,-0.902233,0.000343,0.410271
435994,0.034794,0.450213,-0.060753,-0.011050,-0.431119,0.002680,-0.902224,0.000687,0.446663
435997,0.034796,0.450214,-0.060757,-0.011083,-0.431093,0.002762,-0.902235,0.000687,0.465889
436001,0.034794,0.450213,-0.060760,-0.011071,-0.431107,0.002792,-0.902229,0.000343,0.506401
436005,0.034802,0.450213,-0.060756,-0.011069,-0.431113,0.002723,-0.902226,0.000343,0.574379
436008,0.034802,0.450209,-0.060752,-0.011033,-0.431139,0.002761,-0.902214,0.000687,0.600815
436012,0.034808,0.450213,-0.060746,-0.011070,-0.431115,0.002693,-0.902225,0.000687,0.640984
436015,0.034806,0.450208,-0.060743,-0.011011,-0.431137,0.002695,-0.902215,0.000343,0.706558
436019,0.034814,0.450212,-0.060740,-0.011140,-0.431106,0.002767,-0.902228,0.000343,0.753593
436022,0.034813,0.450209,-0.060739,-0.011073,-0.431132,0.002774,-0.902217,0.000343,0.802689
436026,0.034805,0.450207,-0.060740,-0.010998,-0.431185,0.002711,-0.902193,0.000343,0.856247
436029,0.034805,0.450208,-0.060739,-0.011031,-0.431157,0.002768,-0.902205,0.000687,0.889549
436033,0.034796,0.450208,-0.060743,-0.011003,-0.431146,0.002702,-0.902211,0.000687,0.943451
436036,0.034798,0.450213,-0.060747,-0.011036,-0.431127,0.002757,-0.902220,0.000687,1.006966
436040,0.034796,0.450213,-0.060751,-0.011100,-0.431151,0.002770,-0.902207,0.000687,1.078720
436043,0.034794,0.450209,-0.060751,-0.011025,-0.431136,0.002806,-0.902215,0.000687,1.134338
436047,0.034796,0.450209,-0.060751,-0.010924,-0.431162,0.002674,-0.902205,0.000343,1.234589
436051,0.034799,0.450208,-0.060750,-0.011008,-0.431150,0.002770,-0.902209,0.000687,1.303253
436054,0.034806,0.450210,-0.060746,-0.011000,-0.431141,0.002780,-0.902213,0.000687,1.346512
436058,0.034808,0.450210,-0.060745,-0.010993,-0.431167,0.002709,-0.902201,0.000687,1.413803
436061,0.034811,0.450208,-0.060743,-0.011044,-0.431164,0.002768,-0.902202,0.000343,1.499977
436065,0.034809,0.450213,-0.060746,-0.011065,-0.431138,0.002747,-0.902214,0.000687,1.576195
436068,0.034806,0.450214,-0.060749,-0.011075,-0.431140,0.002751,-0.902213,0.000343,1.707687
436072,0.034801,0.450213,-0.060752,-0.011145,-0.431135,0.002778,-0.902214,0.000687,1.798325
436076,0.034790,0.450215,-0.060755,-0.011054,-0.431141,0.002740,-0.902213,0.000687,1.852913
436079,0.034783,0.450208,-0.060754,-0.010958,-0.431166,0.002664,-0.902202,0.000687,1.937370
436083,0.034785,0.450215,-0.060757,-0.011084,-0.431143,0.002799,-0.902211,0.000687,2.078476
436086,0.034785,0.450215,-0.060754,-0.011045,-0.431151,0.002790,-0.902208,0.000687,2.173576
436090,0.034788,0.450209,-0.060750,-0.010991,-0.431140,0.002684,-0.902214,0.000687,2.237091
436093,0.034794,0.450207,-0.060747,-0.011035,-0.431162,0.002736,-0.902203,0.000343,2.341118
436097,0.034805,0.450213,-0.060744,-0.011069,-0.431115,0.002721,-0.902225,0.000343,2.494583
436101,0.034812,0.450214,-0.060744,-0.011131,-0.431104,0.002825,-0.902229,0.000687,2.549515
436104,0.034813,0.450210,-0.060741,-0.011052,-0.431124,0.002749,-0.902221,0.000687,2.666931
436108,0.034808,0.450211,-0.060741,-0.010936,-0.431143,0.002715,-0.902213,0.000343,2.800827
436111,0.034806,0.450213,-0.060745,-0.011079,-0.431124,0.002705,-0.902221,0.000687,2.976265
436114,0.034802,0.450215,-0.060746,-0.011094,-0.431121,0.002746,-0.902222,0.000687,3.104324
436118,0.034795,0.450215,-0.060748,-0.011091,-0.431123,0.002726,-0.902221,0.000687,3.182602
436122,0.034793,0.450213,-0.060752,-0.011062,-0.431158,0.002730,-0.902205,0.000687,3.303795
436125,0.034791,0.450210,-0.060752,-0.011043,-0.431152,0.002718,-0.902208,0.000687,3.506699
436129,0.034794,0.450208,-0.060748,-0.011002,-0.431128,0.002671,-0.902220,0.000687,3.575706
436132,0.034795,0.450214,-0.060747,-0.011032,-0.431120,0.002681,-0.902223,0.000343,3.732605
436136,0.034801,0.450209,-0.060742,-0.011047,-0.431120,0.002749,-0.902223,0.000687,3.865814
436140,0.034804,0.450210,-0.060740,-0.010981,-0.431134,0.002720,-0.902217,0.000687,4.093437
436143,0.034806,0.450214,-0.060741,-0.011088,-0.431110,0.002719,-0.902227,0.000687,4.172745
436147,0.034809,0.450214,-0.060741,-0.011159,-0.431079,0.002787,-0.902241,0.000687,4.351959
436150,0.034801,0.450208,-0.060739,-0.011003,-0.431149,0.002701,-0.902210,0.000687,4.517784
436154,0.034803,0.450214,-0.060741,-0.011149,-0.431108,0.002766,-0.902227,0.000687,4.757767
436157,0.034796,0.450207,-0.060739,-0.011077,-0.431128,0.002695,-0.902219,0.000343,4.861107
436161,0.034795,0.450213,-0.060740,-0.011113,-0.431112,0.002733,-0.902226,0.000687,5.109673
436164,0.034789,0.450207,-0.060737,-0.011026,-0.431148,0.002653,-0.902210,0.000687,5.288544
436168,0.034793,0.450213,-0.060740,-0.011123,-0.431116,0.002779,-0.902224,0.000343,5.379868
436172,0.034794,0.450216,-0.060741,-0.011101,-0.431126,0.002716,-0.902219,0.000687,5.563889
436175,0.034788,0.450208,-0.060742,-0.011029,-0.431123,0.002719,-0.902222,0.000687,5.857430
436179,0.034793,0.450214,-0.060742,-0.011159,-0.431094,0.002814,-0.902234,0.000687,5.977592
436182,0.034790,0.450213,-0.060744,-0.011090,-0.431097,0.002724,-0.902233,0.000687,6.164703
436186,0.034793,0.450209,-0.060741,-0.011042,-0.431108,0.002767,-0.902229,0.000687,6.483994
436189,0.034794,0.450208,-0.060738,-0.011090,-0.431089,0.002739,-0.902237,0.000687,6.610336
436193,0.034797,0.450214,-0.060736,-0.011062,-0.431078,0.002743,-0.902243,0.000687,6.802940
436196,0.034797,0.450208,-0.060728,-0.011017,-0.431141,0.002664,-0.902214,0.000343,7.041550
436200,0.034800,0.450212,-0.060727,-0.011158,-0.431090,0.002829,-0.902236,0.000687,7.241707
436203,0.034797,0.450207,-0.060723,-0.011058,-0.431143,0.002731,-0.902212,0.000687,7.493706
436207,0.034792,0.450207,-0.060723,-0.011066,-0.431126,0.002742,-0.902220,0.000343,7.828445
436211,0.034786,0.450207,-0.060728,-0.011067,-0.431097,0.002780,-0.902233,0.000687,7.973328
436214,0.034784,0.450213,-0.060734,-0.011082,-0.431092,0.002725,-0.902236,0.000687,8.194427
436218,0.034783,0.450215,-0.060744,-0.011147,-0.431066,0.002828,-0.902247,0.000687,8.571396
436221,0.034781,0.450215,-0.060746,-0.011137,-0.431062,0.002801,-0.902250,0.000687,8.832321
436225,0.034781,0.450212,-0.060747,-0.010994,-0.431090,0.002744,-0.902238,0.000687,8.988533
436228,0.034787,0.450216,-0.060745,-0.011100,-0.431065,0.002753,-0.902248,0.000343,9.255981
436232,0.034795,0.450215,-0.060736,-0.011157,-0.431064,0.002826,-0.902248,0.000687,9.523430
436235,0.034799,0.450214,-0.060733,-0.011125,-0.431068,0.002773,-0.902246,0.000343,9.905548
436239,0.034799,0.450207,-0.060723,-0.011129,-0.431095,0.002804,-0.902234,0.000687,10.041161
436243,0.034797,0.450213,-0.060726,-0.011143,-0.431064,0.002867,-0.902248,0.000687,10.352554
436246,0.034793,0.450214,-0.060728,-0.011127,-0.431084,0.002828,-0.902239,0.000687,10.622063
436250,0.034779,0.450208,-0.060732,-0.011073,-0.431100,0.002858,-0.902232,0.000687,10.945473
436253,0.034778,0.450211,-0.060736,-0.011092,-0.431098,0.002906,-0.902233,0.000687,11.366043
436257,0.034774,0.450218,-0.060742,-0.011067,-0.431087,0.002884,-0.902238,0.000687,11.514015
436260,0.034774,0.450213,-0.060742,-0.010969,-0.431110,0.002869,-0.902228,0.000687,11.982651
436264,0.034784,0.450216,-0.060740,-0.011139,-0.431044,0.002975,-0.902257,0.000687,12.172852
436267,0.034790,0.450219,-0.060737,-0.011106,-0.431004,0.002956,-0.902277,0.000687,12.453003
436271,0.034800,0.450216,-0.060732,-0.011180,-0.430978,0.003019,-0.902288,0.000687,12.920952
436274,0.034801,0.450217,-0.060733,-0.011182,-0.431014,0.003045,-0.902271,0.000343,13.113899
436278,0.034802,0.450217,-0.060732,-0.011110,-0.430996,0.003053,-0.902280,0.000687,13.405724
436281,0.034798,0.450219,-0.060733,-0.011052,-0.431025,0.003025,-0.902267,0.000687,13.909035
436285,0.034792,0.450214,-0.060736,-0.011091,-0.431044,0.003138,-0.902257,0.000343,14.076920
436289,0.034788,0.450220,-0.060739,-0.011086,-0.431029,0.003063,-0.902265,0.000687,14.453545
436292,0.034787,0.450221,-0.060744,-0.011120,-0.431037,0.003140,-0.902260,0.000687,14.771118
436296,0.034793,0.450220,-0.060742,-0.011173,-0.431012,0.003226,-0.902271,0.000343,15.292625
436299,0.034797,0.450222,-0.060745,-0.011127,-0.431003,0.003212,-0.902276,0.000687,15.510292
436303,0.034807,0.450222,-0.060744,-0.011143,-0.431006,0.003287,-0.902274,0.000343,15.864258
436306,0.034805,0.450216,-0.060741,-0.011070,-0.431061,0.003304,-0.902249,0.000687,16.187325
436310,0.034806,0.450217,-0.060741,-0.011045,-0.431058,0.003314,-0.902250,0.000687,16.583862
436313,0.034810,0.450221,-0.060739,-0.011087,-0.431060,0.003313,-0.902249,0.000687,16.913452
436317,0.034811,0.450217,-0.060740,-0.011069,-0.431076,0.003407,-0.902242,0.000687,17.318916
436320,0.034814,0.450217,-0.060740,-0.011066,-0.431102,0.003387,-0.902229,0.000687,17.845917
436324,0.034818,0.450219,-0.060745,-0.011049,-0.431098,0.003452,-0.902231,0.000687,18.220825
436328,0.034821,0.450219,-0.060744,-0.011072,-0.431105,0.003521,-0.902227,0.000343,18.608780
436331,0.034825,0.450224,-0.060745,-0.011119,-0.431079,0.003607,-0.902238,0.000343,18.995705
436335,0.034825,0.450226,-0.060747,-0.011108,-0.431103,0.003689,-0.902227,0.000687,19.229851
436338,0.034824,0.450219,-0.060745,-0.011098,-0.431123,0.003722,-0.902217,0.000343,19.578323
436342,0.034824,0.450223,-0.060754,-0.011003,-0.431139,0.003718,-0.902211,0.000687,20.171242
436345,0.034828,0.450230,-0.060760,-0.011085,-0.431102,0.003778,-0.902227,0.000687,20.414658
436349,0.034833,0.450225,-0.060765,-0.011066,-0.431137,0.003966,-0.902210,0.000687,20.769997
436353,0.034837,0.450230,-0.060768,-0.011067,-0.431114,0.003992,-0.902221,0.000343,21.382141
436356,0.034841,0.450227,-0.060767,-0.011059,-0.431114,0.004096,-0.902220,0.000343,21.623497
436359,0.034849,0.450228,-0.060768,-0.011089,-0.431133,0.004209,-0.902210,0.000343,21.999435
436363,0.034858,0.450234,-0.060764,-0.011146,-0.431068,0.004346,-0.902240,0.000687,22.618103
436367,0.034864,0.450229,-0.060763,-0.011086,-0.431107,0.004425,-0.902222,0.000343,22.828560
436370,0.034870,0.450230,-0.060760,-0.011141,-0.431107,0.004565,-0.902221,0.000343,23.248444
436374,0.034871,0.450231,-0.060763,-0.011041,-0.431128,0.004558,-0.902212,0.000343,23.708496
436377,0.034877,0.450238,-0.060769,-0.011150,-0.431100,0.004696,-0.902223,0.000687,24.090614
436381,0.034877,0.450234,-0.060769,-0.011126,-0.431098,0.004849,-0.902224,0.000343,24.553413
436384,0.034879,0.450235,-0.060774,-0.011095,-0.431079,0.004909,-0.902233,0.000343,25.153198
436388,0.034882,0.450236,-0.060773,-0.011115,-0.431074,0.004987,-0.902235,0.000687,25.417557
436391,0.034884,0.450238,-0.060775,-0.011131,-0.431050,0.005108,-0.902245,0.000343,25.805855
436395,0.034890,0.450242,-0.060780,-0.011170,-0.431021,0.005190,-0.902258,0.000343,26.466064
436399,0.034898,0.450238,-0.060780,-0.011134,-0.431078,0.005295,-0.902230,0.000687,26.737633
436402,0.034906,0.450239,-0.060785,-0.011166,-0.431051,0.005418,-0.902242,0.000343,27.136230
436406,0.034908,0.450240,-0.060784,-0.011058,-0.431064,0.005326,-0.902238,0.000687,27.806053
436409,0.034915,0.450246,-0.060789,-0.011182,-0.431046,0.005443,-0.902244,0.000343,28.075218
436413,0.034913,0.450238,-0.060782,-0.011186,-0.431060,0.005561,-0.902237,0.000687,28.479309
436416,0.034911,0.450242,-0.060783,-0.011155,-0.431050,0.005589,-0.902242,0.000343,28.978844
436420,0.034912,0.450241,-0.060782,-0.011173,-0.431038,0.005622,-0.902247,0.000343,29.376068
436423,0.034912,0.450242,-0.060785,-0.011182,-0.431015,0.005737,-0.902257,0.000343,30.055847
436427,0.034916,0.450248,-0.060792,-0.011133,-0.431032,0.005707,-0.902250,0.000343,30.522423
436431,0.034915,0.450243,-0.060792,-0.011168,-0.431056,0.005773,-0.902238,0.000343,30.788841
436434,0.034914,0.450244,-0.060793,-0.011097,-0.431073,0.005849,-0.902230,0.000343,31.254387
436438,0.034911,0.450245,-0.060790,-0.011053,-0.431047,0.005778,-0.902243,0.000343,31.919060
436441,0.034916,0.450246,-0.060791,-0.011102,-0.431041,0.005854,-0.902245,0.000687,32.389069
436445,0.034921,0.450245,-0.060787,-0.011130,-0.431021,0.005917,-0.902254,0.000343,32.671280
436448,0.034924,0.450244,-0.060787,-0.011132,-0.431000,0.005933,-0.902264,0.000343,33.150215
436452,0.034931,0.450248,-0.060790,-0.011225,-0.431004,0.005988,-0.902261,0.000687,33.799438
436456,0.034932,0.450249,-0.060791,-0.011139,-0.431030,0.005977,-0.902249,0.000343,34.265671
436459,0.034930,0.450246,-0.060792,-0.011103,-0.431084,0.006012,-0.902223,0.000343,34.742203
436463,0.034927,0.450243,-0.060792,-0.011179,-0.431055,0.006066,-0.902236,0.000343,35.020294
436466,0.034924,0.450245,-0.060796,-0.011135,-0.431046,0.006106,-0.902241,0.000343,35.449791
436469,0.034921,0.450246,-0.060797,-0.011117,-0.431030,0.006121,-0.902248,0.000687,36.170082
436473,0.034918,0.450248,-0.060798,-0.011090,-0.430978,0.006085,-0.902274,0.000687,36.653137
436477,0.034922,0.450248,-0.060799,-0.011106,-0.431026,0.006156,-0.902250,0.000687,36.938095
436480,0.034925,0.450248,-0.060799,-0.011123,-0.430984,0.006162,-0.902270,0.000343,37.388191
436484,0.034935,0.450247,-0.060799,-0.011105,-0.431022,0.006164,-0.902252,0.000343,37.914848
436487,0.034940,0.450246,-0.060795,-0.011197,-0.431002,0.006259,-0.902260,0.000343,38.405113
436491,0.034940,0.450246,-0.060795,-0.011071,-0.431062,0.006174,-0.902233,0.000343,38.854179
436495,0.034943,0.450246,-0.060790,-0.011192,-0.430981,0.006251,-0.902270,0.000343,39.333115
436498,0.034943,0.450246,-0.060791,-0.011203,-0.431002,0.006285,-0.902259,0.000343,39.816170
436502,0.034940,0.450246,-0.060794,-0.011081,-0.431016,0.006215,-0.902255,0.000000,40.544014
436505,0.034939,0.450246,-0.060795,-0.011145,-0.431033,0.006278,-0.902246,0.000343,41.039772
436509,0.034943,0.450249,-0.060800,-0.011104,-0.431041,0.006295,-0.902242,0.000343,41.323700
436512,0.034940,0.450249,-0.060799,-0.011100,-0.431024,0.006291,-0.902250,0.000343,41.776543
436516,0.034946,0.450255,-0.060800,-0.011172,-0.431061,0.006352,-0.902231,0.000343,42.321396
436519,0.034943,0.450252,-0.060800,-0.011207,-0.431008,0.006368,-0.902256,0.000343,42.762222
436523,0.034936,0.450250,-0.060802,-0.011072,-0.431016,0.006304,-0.902254,0.000343,43.266563
436526,0.034937,0.450250,-0.060806,-0.011077,-0.431002,0.006309,-0.902261,0.000343,43.769875
436530,0.034942,0.450250,-0.060811,-0.011118,-0.430966,0.006404,-0.902277,0.000343,44.313698
436534,0.034944,0.450253,-0.060818,-0.011045,-0.430977,0.006381,-0.902273,0.000343,45.006866
436537,0.034948,0.450251,-0.060813,-0.011110,-0.431012,0.006408,-0.902255,0.000343,45.496788
436540,0.034953,0.450253,-0.060813,-0.011152,-0.430991,0.006539,-0.902264,0.000343,45.802002
436544,0.034958,0.450256,-0.060813,-0.011135,-0.431036,0.006485,-0.902243,0.000343,46.290207
436548,0.034962,0.450250,-0.060805,-0.011125,-0.431036,0.006522,-0.902242,0.000343,46.743736
436551,0.034967,0.450250,-0.060805,-0.011138,-0.431014,0.006593,-0.902252,0.000343,47.300606
436555,0.034966,0.450251,-0.060799,-0.011095,-0.431004,0.006547,-0.902258,0.000343,47.789841
436558,0.034965,0.450253,-0.060801,-0.011093,-0.430954,0.006566,-0.902282,0.000343,48.285599
436562,0.034967,0.450257,-0.060799,-0.011184,-0.430969,0.006672,-0.902273,0.000343,48.987007
436565,0.034960,0.450258,-0.060803,-0.011136,-0.430920,0.006701,-0.902297,0.000343,49.300461
436569,0.034956,0.450257,-0.060810,-0.011126,-0.431016,0.006713,-0.902251,0.000343,50.003929
436573,0.034951,0.450258,-0.060818,-0.011057,-0.430996,0.006717,-0.902261,0.000343,50.296783
436576,0.034946,0.450256,-0.060829,-0.011046,-0.431005,0.006685,-0.902257,0.000343,50.803185
436580,0.034950,0.450262,-0.060834,-0.011183,-0.430958,0.006847,-0.902277,0.000343,51.296196
436583,0.034951,0.450258,-0.060837,-0.011070,-0.430992,0.006873,-0.902262,0.000343,51.791267
436587,0.034960,0.450263,-0.060833,-0.011129,-0.430932,0.006816,-0.902290,0.000343,52.296982
436590,0.034969,0.450259,-0.060824,-0.011030,-0.430964,0.006880,-0.902276,0.000343,52.795143
436594,0.034986,0.450259,-0.060817,-0.011084,-0.430977,0.006976,-0.902268,0.000343,53.492088
436597,0.034996,0.450257,-0.060806,-0.011054,-0.430972,0.006996,-0.902270,0.000343,53.984413
436601,0.035009,0.450262,-0.060806,-0.011138,-0.430950,0.007076,-0.902280,0.000343,54.296494
436604,0.035008,0.450258,-0.060801,-0.011115,-0.430967,0.007158,-0.902271,0.000343,54.733200
436608,0.034996,0.450261,-0.060812,-0.011018,-0.430936,0.007104,-0.902287,0.000343,55.495720
436612,0.034985,0.450261,-0.060825,-0.011096,-0.430907,0.007268,-0.902299,0.000343,55.989075
436615,0.034972,0.450265,-0.060837,-0.011060,-0.430884,0.007246,-0.902310,0.000343,56.300125
436619,0.034959,0.450268,-0.060852,-0.010971,-0.430898,0.007215,-0.902305,0.000343,56.742668
436622,0.034956,0.450267,-0.060855,-0.011022,-0.430900,0.007281,-0.902303,0.000343,57.302284
436626,0.034964,0.450270,-0.060858,-0.011000,-0.430884,0.007401,-0.902310,0.000343,58.001289
436629,0.034973,0.450269,-0.060851,-0.010962,-0.430911,0.007398,-0.902298,0.000343,58.499794
436633,0.034994,0.450268,-0.060841,-0.011031,-0.430873,0.007537,-0.902314,0.000343,58.790932
436636,0.035010,0.450269,-0.060831,-0.011050,-0.430875,0.007617,-0.902312,0.000343,59.242744
436640,0.035019,0.450267,-0.060822,-0.010997,-0.430846,0.007623,-0.902326,0.000343,59.780388
436644,0.035027,0.450270,-0.060822,-0.011088,-0.430817,0.007887,-0.902336,0.000343,60.488319
436647,0.035024,0.450271,-0.060825,-0.011047,-0.430826,0.007876,-0.902333,0.000343,60.989571
436651,0.035015,0.450275,-0.060844,-0.010954,-0.430820,0.007923,-0.902337,-0.000343,61.253929
436654,0.035006,0.450275,-0.060856,-0.010959,-0.430794,0.007988,-0.902349,0.000343,62.005463
436658,0.034997,0.450280,-0.060874,-0.010938,-0.430773,0.008136,-0.902357,0.000343,62.297974
436661,0.034992,0.450280,-0.060880,-0.010909,-0.430778,0.008137,-0.902355,0.000343,62.811241
436665,0.034997,0.450281,-0.060882,-0.010945,-0.430756,0.008341,-0.902364,0.000343,63.252068
436668,0.035004,0.450283,-0.060880,-0.010957,-0.430763,0.008446,-0.902359,0.000000,63.789711
436672,0.035017,0.450281,-0.060872,-0.010917,-0.430724,0.008495,-0.902378,0.000343,64.241524
436676,0.035036,0.450283,-0.060867,-0.010986,-0.430722,0.008765,-0.902375,0.000000,64.783974
436679,0.035047,0.450285,-0.060864,-0.010975,-0.430747,0.008850,-0.902363,0.000000,65.489502
436683,0.035057,0.450288,-0.060867,-0.010957,-0.430710,0.008937,-0.902380,0.000343,65.780983
436686,0.035062,0.450289,-0.060874,-0.010972,-0.430706,0.009080,-0.902380,0.000343,66.295967
436690,0.035032,0.450307,-0.060881,-0.010305,-0.430664,0.008494,-0.902413,0.000000,66.743660
436693,0.035030,0.450309,-0.060892,-0.010229,-0.430668,0.008581,-0.902412,0.000343,67.299843
436697,0.035037,0.450310,-0.060899,-0.010345,-0.430587,0.008800,-0.902447,0.000000,68.002281
436700,0.035040,0.450314,-0.060904,-0.010336,-0.430609,0.008932,-0.902435,0.000000,68.508682
436704,0.035045,0.450314,-0.060911,-0.010278,-0.430583,0.009021,-0.902448,0.000343,69.003067
436708,0.035057,0.450318,-0.060914,-0.010363,-0.430582,0.009277,-0.902444,0.000343,69.488182
436711,0.035061,0.450318,-0.060919,-0.010316,-0.430589,0.009401,-0.902441,0.000000,69.742584
436715,0.035069,0.450321,-0.060920,-0.010282,-0.430578,0.009548,-0.902444,0.000000,70.225983
436718,0.035079,0.450323,-0.060923,-0.010308,-0.430580,0.009684,-0.902442,0.000000,70.974770
436722,0.035086,0.450329,-0.060926,-0.010257,-0.430546,0.009871,-0.902456,0.000343,71.288910
436725,0.035097,0.450328,-0.060928,-0.010266,-0.430560,0.009970,-0.902449,0.000343,71.739349
436729,0.035115,0.450331,-0.060933,-0.010341,-0.430554,0.010317,-0.902447,0.000343,72.294159
436732,0.035129,0.450335,-0.060935,-0.010310,-0.430562,0.010520,-0.902441,0.000343,72.755585
436736,0.035148,0.450339,-0.060941,-0.010283,-0.430547,0.010763,-0.902445,0.000000,73.310738
436739,0.035159,0.450341,-0.060946,-0.010288,-0.430546,0.011009,-0.902443,0.000000,73.756027
436743,0.035169,0.450347,-0.060952,-0.010306,-0.430537,0.011369,-0.902442,0.000343,74.497948
436747,0.035175,0.450350,-0.060965,-0.010269,-0.430518,0.011632,-0.902449,0.000000,74.992676
436750,0.035182,0.450355,-0.060975,-0.010318,-0.430511,0.011905,-0.902448,0.000343,75.290337
436754,0.035188,0.450361,-0.060993,-0.010229,-0.430536,0.012209,-0.902433,0.000000,75.981445
436757,0.035198,0.450362,-0.061003,-0.010192,-0.430541,0.012415,-0.902428,0.000343,76.237221
436761,0.035218,0.450366,-0.061013,-0.010275,-0.430574,0.012859,-0.902405,0.000000,76.796150
436764,0.035233,0.450367,-0.061017,-0.010309,-0.430566,0.013081,-0.902405,0.000343,77.285042
436768,0.035259,0.450371,-0.061014,-0.010279,-0.430541,0.013320,-0.902414,0.000000,77.996407
436772,0.035286,0.450374,-0.061011,-0.010289,-0.430537,0.013766,-0.902409,0.000000,78.490105
436775,0.035305,0.450376,-0.061010,-0.010321,-0.430539,0.013930,-0.902406,0.000000,78.755493
436779,0.035326,0.450379,-0.061018,-0.010330,-0.430541,0.014255,-0.902399,0.000343,79.505310
436782,0.035339,0.450381,-0.061025,-0.010347,-0.430549,0.014558,-0.902391,0.000000,79.796791
436786,0.035350,0.450386,-0.061038,-0.010244,-0.430570,0.014812,-0.902377,0.000000,80.243797
436789,0.035355,0.450389,-0.061049,-0.010247,-0.430555,0.015006,-0.902381,0.000000,80.988808
436793,0.035363,0.450391,-0.061059,-0.010304,-0.430576,0.015447,-0.902363,0.000000,81.284065
436796,0.035374,0.450397,-0.061068,-0.010300,-0.430567,0.015790,-0.902362,0.000343,81.795273
436800,0.035391,0.450399,-0.061077,-0.010294,-0.430535,0.016205,-0.902370,0.000000,82.499084
436804,0.035416,0.450407,-0.061090,-0.010261,-0.430557,0.016717,-0.902350,0.000343,82.785759
436807,0.035436,0.450409,-0.061095,-0.010266,-0.430541,0.017023,-0.902352,0.000000,83.494034
436810,0.035456,0.450412,-0.061104,-0.010241,-0.430558,0.017275,-0.902340,0.000000,83.758736
436814,0.035485,0.450415,-0.061114,-0.010248,-0.430583,0.017845,-0.902316,0.000000,84.299126
436818,0.035518,0.450418,-0.061125,-0.010203,-0.430604,0.018417,-0.902295,0.000000,85.007744
436821,0.035544,0.450425,-0.061137,-0.010204,-0.430569,0.018855,-0.902303,0.000343,85.500755
436825,0.035574,0.450429,-0.061144,-0.010285,-0.430566,0.019489,-0.902290,0.000343,85.796013
436828,0.035594,0.450435,-0.061157,-0.010259,-0.430545,0.019981,-0.902290,0.000000,86.234093
436832,0.035620,0.450440,-0.061168,-0.010235,-0.430551,0.020495,-0.902276,0.000343,86.980476
436835,0.035637,0.450444,-0.061179,-0.010281,-0.430490,0.020918,-0.902295,0.000000,87.490654
436839,0.035662,0.450454,-0.061195,-0.010233,-0.430549,0.021535,-0.902252,0.000000,87.775612
436842,0.035681,0.450460,-0.061202,-0.010268,-0.430516,0.021970,-0.902257,0.000000,88.478737
436846,0.035711,0.450466,-0.061217,-0.010291,-0.430500,0.022598,-0.902249,0.000000,89.003334
436849,0.035731,0.450470,-0.061228,-0.010300,-0.430536,0.023018,-0.902221,0.000000,89.251900
436853,0.035757,0.450474,-0.061243,-0.010284,-0.430490,0.023515,-0.902230,0.000000,89.748344
436857,0.035794,0.450481,-0.061254,-0.010358,-0.430478,0.024155,-0.902219,0.000000,90.303497
436860,0.035823,0.450485,-0.061265,-0.010351,-0.430492,0.024694,-0.902197,0.000000,90.992203
436864,0.035866,0.450493,-0.061282,-0.010302,-0.430452,0.025277,-0.902201,0.000000,91.486588
436867,0.035892,0.450494,-0.061293,-0.010361,-0.430459,0.025777,-0.902182,0.000000,91.986465
436871,0.035921,0.450501,-0.061309,-0.010327,-0.430427,0.026321,-0.902183,0.000343,92.291336
436874,0.035943,0.450505,-0.061318,-0.010334,-0.430435,0.026774,-0.902165,0.000343,92.998238
436878,0.035970,0.450511,-0.061329,-0.010359,-0.430440,0.027416,-0.902143,0.000000,93.237190
436881,0.035990,0.450518,-0.061339,-0.010334,-0.430450,0.027861,-0.902125,0.000343,93.761101
436885,0.036016,0.450522,-0.061353,-0.010333,-0.430381,0.028430,-0.902141,0.000000,94.506798
436889,0.036053,0.450532,-0.061373,-0.010340,-0.430396,0.029244,-0.902107,0.000000,94.745064
436892,0.036082,0.450534,-0.061386,-0.010334,-0.430426,0.029816,-0.902074,0.000343,95.248718
436896,0.036117,0.450541,-0.061404,-0.010379,-0.430384,0.030474,-0.902072,0.000000,95.992699
436899,0.036143,0.450545,-0.061416,-0.010344,-0.430417,0.030980,-0.902039,0.000343,96.294136
436903,0.036173,0.450550,-0.061426,-0.010338,-0.430412,0.031459,-0.902025,0.000000,96.735306
436906,0.036193,0.450551,-0.061436,-0.010308,-0.430392,0.031764,-0.902024,0.000000,97.293205
436910,0.036224,0.450555,-0.061445,-0.010359,-0.430387,0.032289,-0.902007,0.000343,97.795143
436913,0.036242,0.450559,-0.061454,-0.010313,-0.430399,0.032626,-0.901990,0.000000,98.487968
436917,0.036263,0.450564,-0.061465,-0.010317,-0.430368,0.032984,-0.901992,0.000000,98.800735
436920,0.036277,0.450563,-0.061473,-0.010319,-0.430343,0.033367,-0.901990,0.000343,99.244652
436924,0.036303,0.450574,-0.061486,-0.010302,-0.430422,0.033895,-0.901932,0.000000,99.785042
436928,0.036333,0.450576,-0.061501,-0.010397,-0.430368,0.034547,-0.901932,0.000000,100.487480
436931,0.036360,0.450582,-0.061515,-0.010356,-0.430375,0.035090,-0.901908,0.000343,100.983925
436935,0.036385,0.450591,-0.061531,-0.010307,-0.430344,0.035662,-0.901901,0.000000,101.301842
436938,0.036406,0.450594,-0.061545,-0.010299,-0.430303,0.036071,-0.901905,0.000343,101.797256
436942,0.036439,0.450600,-0.061559,-0.010319,-0.430338,0.036677,-0.901864,0.000000,102.300911
436945,0.036456,0.450603,-0.061569,-0.010327,-0.430328,0.037045,-0.901853,0.000343,103.001289
436949,0.036483,0.450608,-0.061585,-0.010311,-0.430307,0.037522,-0.901844,0.000000,103.246422
436952,0.036507,0.450613,-0.061597,-0.010378,-0.430295,0.038063,-0.901826,0.000343,103.983879
436956,0.036537,0.450620,-0.061612,-0.010327,-0.430325,0.038641,-0.901787,0.000343,104.244461
436960,0.036571,0.450620,-0.061625,-0.010395,-0.430286,0.039306,-0.901777,0.000000,104.772148
436963,0.036609,0.450628,-0.061638,-0.010430,-0.430285,0.040041,-0.901744,0.000343,105.478363
436967,0.036659,0.450636,-0.061654,-0.010369,-0.430251,0.040950,-0.901720,0.000000,105.983391
436970,0.036689,0.450641,-0.061666,-0.010432,-0.430187,0.041548,-0.901723,0.000000,106.259766
436974,0.036730,0.450642,-0.061686,-0.010457,-0.430244,0.042452,-0.901653,0.000343,106.805992
436977,0.036761,0.450648,-0.061699,-0.010411,-0.430229,0.043043,-0.901633,0.000343,107.310677
436981,0.036809,0.450657,-0.061724,-0.010429,-0.430170,0.044105,-0.901610,0.000000,108.004875
436984,0.036852,0.450662,-0.061748,-0.010476,-0.430157,0.044969,-0.901573,0.000000,108.305283
436988,0.036890,0.450669,-0.061773,-0.010455,-0.430168,0.045799,-0.901526,0.000000,108.793831
436992,0.036936,0.450673,-0.061801,-0.010524,-0.430102,0.046758,-0.901507,0.000343,109.285812
436995,0.036978,0.450679,-0.061817,-0.010521,-0.430113,0.047513,-0.901463,0.000343,109.988937
436999,0.037028,0.450689,-0.061838,-0.010501,-0.430066,0.048434,-0.901436,0.000343,110.259132
437002,0.037056,0.450693,-0.061846,-0.010512,-0.430029,0.048927,-0.901427,0.000000,110.783730
437006,0.037101,0.450699,-0.061858,-0.010600,-0.430069,0.049757,-0.901362,0.000343,111.490974
437009,0.037128,0.450704,-0.061870,-0.010538,-0.430038,0.050364,-0.901343,0.000343,112.036514
437013,0.037171,0.450708,-0.061887,-0.010551,-0.430013,0.051112,-0.901313,0.000000,112.313232
437016,0.037197,0.450713,-0.061902,-0.010581,-0.430004,0.051644,-0.901287,0.000343,112.777405
437020,0.037229,0.450719,-0.061921,-0.010525,-0.430002,0.052322,-0.901249,0.000000,113.498039
437023,0.037259,0.450723,-0.061936,-0.010527,-0.429965,0.052953,-0.901230,0.000000,113.751755
437027,0.037319,0.450729,-0.061964,-0.010559,-0.429934,0.054212,-0.901170,0.000000,114.288025
437031,0.037379,0.450738,-0.061994,-0.010540,-0.429867,0.055273,-0.901137,0.000343,114.993896
437034,0.037420,0.450745,-0.062008,-0.010576,-0.429873,0.055933,-0.901093,0.000343,115.218773
437038,0.037459,0.450749,-0.062023,-0.010622,-0.429851,0.056703,-0.901055,0.000343,115.731010
437041,0.037488,0.450756,-0.062033,-0.010600,-0.429849,0.057192,-0.901025,0.000343,116.481514
437045,0.037521,0.450760,-0.062045,-0.010672,-0.429781,0.057845,-0.901015,0.000343,117.008858
437048,0.037553,0.450765,-0.062058,-0.010656,-0.429765,0.058410,-0.900987,0.000000,117.521439
437052,0.037585,0.450770,-0.062075,-0.010601,-0.429781,0.059050,-0.900938,0.000000,117.748375
437056,0.037615,0.450778,-0.062093,-0.010594,-0.429756,0.059688,-0.900908,0.000000,118.307304
437059,0.037639,0.450781,-0.062107,-0.010565,-0.429762,0.060204,-0.900871,0.000343,118.760490
437063,0.037664,0.450785,-0.062119,-0.010506,-0.429756,0.060654,-0.900844,0.000343,119.250069
437066,0.037683,0.450787,-0.062124,-0.010513,-0.429740,0.060987,-0.900830,0.000343,119.994736
437070,0.037714,0.450790,-0.062132,-0.010584,-0.429741,0.061729,-0.900777,0.000343,120.493240
437073,0.037739,0.450792,-0.062140,-0.010552,-0.429775,0.062237,-0.900727,0.000343,120.770302
437077,0.037775,0.450794,-0.062158,-0.010580,-0.429704,0.062872,-0.900716,0.000000,121.242027
437080,0.037798,0.450796,-0.062172,-0.010562,-0.429727,0.063313,-0.900675,0.000000,121.995277
437084,0.037826,0.450801,-0.062189,-0.010506,-0.429734,0.063833,-0.900635,0.000000,122.516785
437087,0.037843,0.450803,-0.062206,-0.010488,-0.429691,0.064226,-0.900628,0.000343,122.750244
437091,0.037879,0.450807,-0.062227,-0.010527,-0.429736,0.065017,-0.900549,0.000343,123.308830
437095,0.037916,0.450811,-0.062245,-0.010532,-0.429693,0.065722,-0.900518,0.000000,124.001999
437098,0.037944,0.450810,-0.062255,-0.010529,-0.429672,0.066230,-0.900492,0.000343,124.504280
437102,0.037991,0.450817,-0.062269,-0.010555,-0.429671,0.067161,-0.900423,0.000000,124.802284
437105,0.038035,0.450820,-0.062284,-0.010568,-0.429621,0.068074,-0.900378,0.000000,125.296669
437109,0.038205,0.450827,-0.062346,-0.010645,-0.429460,0.071489,-0.900189,0.000343,125.996704
437112,0.038378,0.450843,-0.062414,-0.010781,-0.429338,0.074063,-0.900037,0.000000,126.252136
437116,0.038445,0.450853,-0.062448,-0.010840,-0.429296,0.075587,-0.899930,0.000000,126.808662
437119,0.038481,0.450857,-0.062474,-0.010790,-0.429238,0.076221,-0.899905,0.000000,127.286568
437123,0.038517,0.450860,-0.062483,-0.010933,-0.429193,0.077183,-0.899843,0.000000,127.985573
437126,0.038536,0.450866,-0.062495,-0.010884,-0.429226,0.077661,-0.899786,0.000000,128.490944
437130,0.038575,0.450864,-0.062504,-0.010973,-0.429196,0.078452,-0.899731,0.000343,128.813667
437133,0.038607,0.450866,-0.062524,-0.010954,-0.429215,0.079081,-0.899667,0.000343,129.252434
437137,0.038645,0.450874,-0.062555,-0.010827,-0.429139,0.079919,-0.899631,0.000343,130.012207
437141,0.038687,0.450874,-0.062585,-0.010834,-0.429053,0.080699,-0.899602,0.000343,130.312271
437144,0.038722,0.450875,-0.062605,-0.010787,-0.429036,0.081233,-0.899563,0.000000,130.745888
437148,0.038768,0.450877,-0.062616,-0.010797,-0.429035,0.082028,-0.899491,0.000343,131.481972
437151,0.038800,0.450878,-0.062625,-0.010831,-0.429022,0.082786,-0.899427,0.000000,131.982193
437155,0.038845,0.450880,-0.062638,-0.010864,-0.428944,0.083827,-0.899368,0.000343,132.277451
437158,0.038875,0.450884,-0.062653,-0.010847,-0.428935,0.084392,-0.899319,0.000343,132.721710
437162,0.038926,0.450888,-0.062678,-0.010936,-0.428859,0.085233,-0.899275,0.000343,133.472214
437166,0.038971,0.450895,-0.062705,-0.010956,-0.428850,0.086204,-0.899187,0.000000,133.766441
437169,0.038991,0.450898,-0.062716,-0.010952,-0.428819,0.086629,-0.899161,0.000343,134.528275
437173,0.039024,0.450903,-0.062732,-0.010950,-0.428809,0.087273,-0.899103,0.000343,135.021286
437176,0.039053,0.450904,-0.062742,-0.010953,-0.428823,0.087743,-0.899051,0.000000,135.304527
437180,0.039085,0.450907,-0.062756,-0.010935,-0.428823,0.088321,-0.898994,0.000343,135.803719
437183,0.039109,0.450907,-0.062759,-0.010956,-0.428787,0.088795,-0.898965,0.000343,136.481094
437187,0.039145,0.450913,-0.062769,-0.010953,-0.428757,0.089480,-0.898911,0.000000,136.730690
437190,0.039167,0.450911,-0.062781,-0.010926,-0.428761,0.089927,-0.898865,0.000000,137.231255
437194,0.039214,0.450910,-0.062807,-0.010891,-0.428704,0.090685,-0.898816,0.000000,137.993431
437197,0.039247,0.450911,-0.062828,-0.010893,-0.428664,0.091279,-0.898775,0.000343,138.484726
437201,0.039290,0.450915,-0.062851,-0.010888,-0.428630,0.092118,-0.898706,0.000343,138.815346
437205,0.039325,0.450919,-0.062870,-0.010873,-0.428585,0.092947,-0.898642,0.000343,139.314880
437208,0.039351,0.450919,-0.062876,-0.010903,-0.428585,0.093494,-0.898585,0.000343,140.021782
437212,0.039381,0.450922,-0.062890,-0.010865,-0.428551,0.094067,-0.898542,0.000000,140.244255
437215,0.039409,0.450923,-0.062902,-0.010924,-0.428517,0.094637,-0.898497,0.000343,140.984802
437219,0.039458,0.450927,-0.062928,-0.010937,-0.428498,0.095499,-0.898415,0.000343,141.491203
437222,0.039491,0.450928,-0.062949,-0.010891,-0.428469,0.096065,-0.898369,0.000343,141.792297
437226,0.039538,0.450931,-0.062971,-0.011019,-0.428402,0.096946,-0.898305,0.000343,142.244110
437229,0.039571,0.450933,-0.062987,-0.011044,-0.428378,0.097711,-0.898233,0.000343,143.007660
437233,0.039626,0.450937,-0.063003,-0.010987,-0.428406,0.098745,-0.898108,0.000343,143.491745
437237,0.039663,0.450939,-0.063023,-0.011042,-0.428324,0.099503,-0.898062,0.000000,143.802795
437240,0.039694,0.450938,-0.063036,-0.011031,-0.428313,0.099997,-0.898013,0.000343,144.247742
437244,0.039734,0.450941,-0.063056,-0.010966,-0.428272,0.100622,-0.897964,0.000343,144.730453
437247,0.039757,0.450941,-0.063066,-0.010928,-0.428288,0.101017,-0.897912,0.000343,145.485420
437251,0.039789,0.450942,-0.063073,-0.010902,-0.428327,0.101664,-0.897820,0.000000,145.794067
437254,0.039810,0.450944,-0.063080,-0.010905,-0.428308,0.102067,-0.897784,0.000000,146.240387
437258,0.039843,0.450943,-0.063090,-0.010906,-0.428281,0.102783,-0.897715,0.000343,146.791763
437261,0.039872,0.450944,-0.063109,-0.010925,-0.428245,0.103385,-0.897663,0.000343,147.248039
437265,0.039918,0.450949,-0.063133,-0.010822,-0.428289,0.104267,-0.897541,0.000343,148.009529
437268,0.039955,0.450947,-0.063156,-0.010869,-0.428251,0.104959,-0.897478,0.000343,148.510094
437272,0.039997,0.450949,-0.063178,-0.010874,-0.428215,0.105833,-0.897392,0.000343,148.805351
437275,0.040028,0.450951,-0.063193,-0.010882,-0.428249,0.106446,-0.897303,0.000343,149.305229
437279,0.040065,0.450956,-0.063209,-0.010953,-0.428178,0.107167,-0.897251,0.000343,149.992905
437283,0.040106,0.450956,-0.063225,-0.010888,-0.428217,0.107999,-0.897133,0.000343,150.209885
437286,0.040137,0.450955,-0.063238,-0.010923,-0.428164,0.108606,-0.897085,0.000343,150.770187
437290,0.040185,0.450955,-0.063257,-0.010985,-0.428105,0.109539,-0.896999,0.000343,151.245003
437290,0.040185,0.450955,-0.063257,-0.010985,-0.428105,0.109539,-0.896999,0.000343,152.015076
437290,0.040185,0.450955,-0.063257,-0.010985,-0.428105,0.109539,-0.896999,0.000343,152.316856
437290,0.040185,0.450955,-0.063257,-0.010985,-0.428105,0.109539,-0.896999,0.000343,152.785149
437290,0.040185,0.450955,-0.063257,-0.010985,-0.428105,0.109539,-0.896999,0.000343,153.518486
437290,0.040185,0.450955,-0.063257,-0.010985,-0.428105,0.109539,-0.896999,0.000343,153.804474
437290,0.040185,0.450955,-0.063257,-0.010985,-0.428105,0.109539,-0.896999,0.000343,154.243927
437290,0.040185,0.450955,-0.063257,-0.010985,-0.428105,0.109539,-0.896999,0.000343,154.774704
437290,0.040185,0.450955,-0.063257,-0.010985,-0.428105,0.109539,-0.896999,0.000343,155.469933
437290,0.040185,0.450955,-0.063257,-0.010985,-0.428105,0.109539,-0.896999,0.000343,155.943718
437290,0.040185,0.450955,-0.063257,-0.010985,-0.428105,0.109539,-0.896999,0.000000,156.290474
437290,0.040185,0.450955,-0.063257,-0.010985,-0.428105,0.109539,-0.896999,0.000000,156.741943
437290,0.040185,0.450955,-0.063257,-0.010985,-0.428105,0.109539,-0.896999,0.000343,157.312202
437290,0.040185,0.450955,-0.063257,-0.010985,-0.428105,0.109539,-0.896999,0.000343,158.028374
437290,0.040185,0.450955,-0.063257,-0.010985,-0.428105,0.109539,-0.896999,0.000343,158.520012
437290,0.040185,0.450955,-0.063257,-0.010985,-0.428105,0.109539,-0.896999,0.000343,158.821106
437290,0.040185,0.450955,-0.063257,-0.010985,-0.428105,0.109539,-0.896999,0.000343,159.485092
437290,0.040185,0.450955,-0.063257,-0.010985,-0.428105,0.109539,-0.896999,0.000343,159.724045
437290,0.040185,0.450955,-0.063257,-0.010985,-0.428105,0.109539,-0.896999,0.000343,160.201607
437290,0.040185,0.450955,-0.063257,-0.010985,-0.428105,0.109539,-0.896999,0.000343,160.958977
437290,0.040185,0.450955,-0.063257,-0.010985,-0.428105,0.109539,-0.896999,0.000343,161.481514
437290,0.040185,0.450955,-0.063257,-0.010985,-0.428105,0.109539,-0.896999,0.000343,161.745186
437290,0.040185,0.450955,-0.063257,-0.010985,-0.428105,0.109539,-0.896999,0.000343,162.540665
437290,0.040185,0.450955,-0.063257,-0.010985,-0.428105,0.109539,-0.896999,0.000000,162.774124
437290,0.040185,0.450955,-0.063257,-0.010985,-0.428105,0.109539,-0.896999,0.000343,163.329277
437290,0.040185,0.450955,-0.063257,-0.010985,-0.428105,0.109539,-0.896999,0.000343,163.814392
437290,0.040185,0.450955,-0.063257,-0.010985,-0.428105,0.109539,-0.896999,0.000343,164.484901
437290,0.040185,0.450955,-0.063257,-0.010985,-0.428105,0.109539,-0.896999,0.000343,164.979973
437290,0.040185,0.450955,-0.063257,-0.010985,-0.428105,0.109539,-0.896999,0.000343,165.477104
437290,0.040185,0.450955,-0.063257,-0.010985,-0.428105,0.109539,-0.896999,0.000000,165.761719
437396,0.041390,0.450959,-0.063799,-0.011015,-0.426956,0.132349,-0.894467,0.000343,166.237564
437400,0.041424,0.450956,-0.063818,-0.010983,-0.427006,0.133082,-0.894335,0.000343,166.807823
437404,0.041453,0.450956,-0.063834,-0.011010,-0.426967,0.133644,-0.894269,0.000343,167.300148
437407,0.041480,0.450957,-0.063845,-0.011013,-0.426909,0.134135,-0.894224,0.000343,167.802086
437411,0.041516,0.450955,-0.063861,-0.010963,-0.426905,0.134757,-0.894132,0.000343,168.492851
437411,0.041516,0.450955,-0.063861,-0.010963,-0.426905,0.134757,-0.894132,0.000343,168.763390
437411,0.041516,0.450955,-0.063861,-0.010963,-0.426905,0.134757,-0.894132,0.000343,169.488144
437411,0.041516,0.450955,-0.063861,-0.010963,-0.426905,0.134757,-0.894132,0.000343,169.982185
437411,0.041516,0.450955,-0.063861,-0.010963,-0.426905,0.134757,-0.894132,0.000343,170.269203
437411,0.041516,0.450955,-0.063861,-0.010963,-0.426905,0.134757,-0.894132,0.000343,170.770454
437411,0.041516,0.450955,-0.063861,-0.010963,-0.426905,0.134757,-0.894132,0.000343,171.239433
437411,0.041516,0.450955,-0.063861,-0.010963,-0.426905,0.134757,-0.894132,0.000343,172.001266
437411,0.041516,0.450955,-0.063861,-0.010963,-0.426905,0.134757,-0.894132,0.000000,172.533073
437411,0.041516,0.450955,-0.063861,-0.010963,-0.426905,0.134757,-0.894132,0.000343,172.751770
437411,0.041516,0.450955,-0.063861,-0.010963,-0.426905,0.134757,-0.894132,0.000343,173.310013
437411,0.041516,0.450955,-0.063861,-0.010963,-0.426905,0.134757,-0.894132,0.000343,174.000092
437411,0.041516,0.450955,-0.063861,-0.010963,-0.426905,0.134757,-0.894132,0.000343,174.300842
437411,0.041516,0.450955,-0.063861,-0.010963,-0.426905,0.134757,-0.894132,0.000343,174.739952
437411,0.041516,0.450955,-0.063861,-0.010963,-0.426905,0.134757,-0.894132,0.000343,175.486336
437411,0.041516,0.450955,-0.063861,-0.010963,-0.426905,0.134757,-0.894132,0.000343,175.979347
437411,0.041516,0.450955,-0.063861,-0.010963,-0.426905,0.134757,-0.894132,0.000343,176.230659
437411,0.041516,0.450955,-0.063861,-0.010963,-0.426905,0.134757,-0.894132,0.000343,176.792336
437411,0.041516,0.450955,-0.063861,-0.010963,-0.426905,0.134757,-0.894132,0.000343,177.294960
437411,0.041516,0.450955,-0.063861,-0.010963,-0.426905,0.134757,-0.894132,0.000343,177.735786
437411,0.041516,0.450955,-0.063861,-0.010963,-0.426905,0.134757,-0.894132,0.000343,178.290939
437411,0.041516,0.450955,-0.063861,-0.010963,-0.426905,0.134757,-0.894132,0.000343,178.816910
437411,0.041516,0.450955,-0.063861,-0.010963,-0.426905,0.134757,-0.894132,0.000000,179.517288
437411,0.041516,0.450955,-0.063861,-0.010963,-0.426905,0.134757,-0.894132,0.000343,180.012360
437411,0.041516,0.450955,-0.063861,-0.010963,-0.426905,0.134757,-0.894132,0.000343,180.294914
437411,0.041516,0.450955,-0.063861,-0.010963,-0.426905,0.134757,-0.894132,0.000343,180.752220
437411,0.041516,0.450955,-0.063861,-0.010963,-0.426905,0.134757,-0.894132,0.000000,181.486588
437411,0.041516,0.450955,-0.063861,-0.010963,-0.426905,0.134757,-0.894132,0.000343,181.991615
437411,0.041516,0.450955,-0.063861,-0.010963,-0.426905,0.134757,-0.894132,0.000343,182.299232
437411,0.041516,0.450955,-0.063861,-0.010963,-0.426905,0.134757,-0.894132,0.000343,182.732506
437517,0.042586,0.450928,-0.064315,-0.010798,-0.424732,0.153995,-0.892060,0.000343,183.487129
437520,0.042616,0.450926,-0.064331,-0.010738,-0.424703,0.154695,-0.891954,0.000343,183.766594
437524,0.042663,0.450923,-0.064352,-0.010757,-0.424603,0.155566,-0.891850,0.000343,184.252396
437528,0.042712,0.450917,-0.064377,-0.010680,-0.424615,0.156608,-0.891663,0.000343,184.789352
437531,0.042755,0.450914,-0.064390,-0.010722,-0.424550,0.157303,-0.891571,0.000343,185.492821
437534,0.042792,0.450914,-0.064406,-0.010715,-0.424489,0.157926,-0.891489,0.000343,185.987206
437538,0.042832,0.450908,-0.064419,-0.010741,-0.424421,0.158738,-0.891378,0.000343,186.297913
437542,0.042872,0.450907,-0.064435,-0.010656,-0.424413,0.159355,-0.891272,0.000343,186.744232
437546,0.042909,0.450902,-0.064447,-0.010742,-0.424317,0.160144,-0.891176,0.000343,187.302132
437549,0.042938,0.450901,-0.064461,-0.010719,-0.424314,0.160719,-0.891074,0.000343,188.003540
437552,0.042966,0.450898,-0.064479,-0.010648,-0.424305,0.161299,-0.890974,0.000343,188.485909
437556,0.043008,0.450895,-0.064502,-0.010738,-0.424172,0.162094,-0.890892,0.000343,188.799362
437560,0.043045,0.450894,-0.064529,-0.010680,-0.424143,0.162955,-0.890749,0.000000,189.243965
437563,0.043077,0.450892,-0.064544,-0.010712,-0.424052,0.163500,-0.890693,0.000343,190.004768
437567,0.043127,0.450890,-0.064568,-0.010784,-0.423917,0.164470,-0.890577,0.000343,190.486450
437570,0.043175,0.450884,-0.064584,-0.010859,-0.423872,0.165374,-0.890430,0.000343,190.796471
437574,0.043238,0.450881,-0.064608,-0.010799,-0.423791,0.166379,-0.890282,0.000343,191.252060
437577,0.043281,0.450878,-0.064621,-0.010850,-0.423713,0.167192,-0.890167,0.000343,192.013206
437581,0.043338,0.450873,-0.064641,-0.010869,-0.423668,0.168207,-0.889996,0.000343,192.308464
437584,0.043368,0.450870,-0.064658,-0.010836,-0.423634,0.168788,-0.889903,0.000343,192.759247
437588,0.043397,0.450865,-0.064669,-0.010838,-0.423556,0.169372,-0.889829,0.000343,193.496361
437592,0.043429,0.450863,-0.064690,-0.010811,-0.423556,0.170101,-0.889691,0.000343,193.744240
437595,0.043448,0.450860,-0.064700,-0.010805,-0.423488,0.170523,-0.889642,0.000343,194.237251
437599,0.043487,0.450856,-0.064721,-0.010834,-0.423460,0.171336,-0.889499,0.000343,195.001488
437602,0.043513,0.450855,-0.064738,-0.010852,-0.423423,0.171891,-0.889409,0.000343,195.225334
437606,0.043550,0.450852,-0.064754,-0.010825,-0.423379,0.172437,-0.889325,0.000343,195.791130
437609,0.043571,0.450849,-0.064767,-0.010837,-0.423320,0.172913,-0.889260,0.000343,196.258736
437613,0.043606,0.450846,-0.064777,-0.010839,-0.423333,0.173578,-0.889125,0.000343,197.014732
437616,0.043630,0.450843,-0.064784,-0.010844,-0.423306,0.173957,-0.889063,0.000343,197.300720
437620,0.043659,0.450843,-0.064795,-0.010923,-0.423215,0.174549,-0.888990,0.000343,197.758369
437623,0.043685,0.450840,-0.064806,-0.010921,-0.423213,0.175027,-0.888897,0.000000,198.489304
437627,0.043710,0.450838,-0.064822,-0.010888,-0.423160,0.175529,-0.888823,0.000343,198.981285
437631,0.043748,0.450835,-0.064841,-0.010919,-0.423089,0.176329,-0.888698,0.000343,199.482880
437634,0.043771,0.450829,-0.064859,-0.010870,-0.423046,0.176830,-0.888620,0.000000,199.774361
437638,0.043814,0.450826,-0.064881,-0.010878,-0.423010,0.177673,-0.888469,0.000343,200.217247
437641,0.043852,0.450822,-0.064898,-0.010918,-0.422885,0.178417,-0.888379,0.000343,200.961571
437645,0.043918,0.450814,-0.064925,-0.010945,-0.422833,0.179707,-0.888143,0.000343,201.488228
437648,0.043963,0.450809,-0.064944,-0.010896,-0.422820,0.180460,-0.887997,0.000343,201.820908
437652,0.044006,0.450807,-0.064960,-0.010938,-0.422705,0.181357,-0.887869,0.000343,202.255554
437655,0.044045,0.450798,-0.064977,-0.010997,-0.422677,0.182066,-0.887736,0.000343,203.014297
437659,0.044094,0.450796,-0.064999,-0.010922,-0.422634,0.182850,-0.887596,0.000000,203.498383
437663,0.044137,0.450794,-0.065008,-0.010894,-0.422659,0.183681,-0.887413,0.000343,203.757591
437666,0.044156,0.450788,-0.065030,-0.011019,-0.422533,0.184199,-0.887364,0.000000,204.292488
437670,0.044186,0.450791,-0.065036,-0.010851,-0.422600,0.184690,-0.887232,0.000343,204.992523
437673,0.044199,0.450788,-0.065046,-0.010858,-0.422595,0.185087,-0.887152,0.000000,205.486908
437677,0.044226,0.450784,-0.065062,-0.010795,-0.422569,0.185645,-0.887048,0.000343,205.764313
437680,0.044247,0.450784,-0.065072,-0.010797,-0.422551,0.185992,-0.886984,0.000343,206.249084
437684,0.044275,0.450781,-0.065087,-0.010819,-0.422434,0.186573,-0.886918,0.000343,207.008171
437687,0.044302,0.450779,-0.065099,-0.010803,-0.422410,0.187085,-0.886821,0.000343,207.299309
437691,0.044339,0.450771,-0.065113,-0.010765,-0.422390,0.187803,-0.886680,0.000343,207.759018
437695,0.044387,0.450765,-0.065130,-0.010792,-0.422285,0.188687,-0.886541,0.000000,208.314857
437698,0.044416,0.450761,-0.065144,-0.010737,-0.422285,0.189264,-0.886419,0.000000,209.000130
437701,0.044439,0.450756,-0.065156,-0.010740,-0.422225,0.189730,-0.886348,0.000343,209.254189
437705,0.044476,0.450754,-0.065174,-0.010674,-0.422139,0.190376,-0.886251,0.000343,209.734840
437709,0.044517,0.450749,-0.065191,-0.010667,-0.422102,0.191215,-0.886088,0.000000,210.266304
437712,0.044550,0.450745,-0.065203,-0.010637,-0.422055,0.191760,-0.885993,0.000000,210.966682
437716,0.044590,0.450734,-0.065216,-0.010723,-0.421912,0.192600,-0.885879,0.000000,211.284599
437719,0.044623,0.450731,-0.065230,-0.010711,-0.421870,0.193239,-0.885759,0.000000,211.806793
437723,0.044674,0.450727,-0.065250,-0.010702,-0.421800,0.194135,-0.885597,0.000000,212.240753
437726,0.044710,0.450724,-0.065264,-0.010725,-0.421710,0.194747,-0.885505,0.000000,213.014946
437730,0.044754,0.450720,-0.065287,-0.010728,-0.421644,0.195582,-0.885353,0.000000,213.497314
437733,0.044777,0.450714,-0.065304,-0.010660,-0.421639,0.196062,-0.885250,0.000000,214.002686
437737,0.044807,0.450711,-0.065321,-0.010705,-0.421511,0.196700,-0.885168,0.000000,214.308243
437741,0.044842,0.450710,-0.065340,-0.010654,-0.421525,0.197463,-0.884993,0.000000,214.999352
437744,0.044866,0.450705,-0.065352,-0.010667,-0.421469,0.197920,-0.884917,0.000000,215.276413
437748,0.044900,0.450701,-0.065367,-0.010770,-0.421375,0.198665,-0.884793,0.000000,215.716553
437751,0.044922,0.450696,-0.065377,-0.010739,-0.421368,0.199103,-0.884699,0.000000,216.281319
437755,0.044958,0.450692,-0.065393,-0.010745,-0.421328,0.199754,-0.884571,0.000343,216.985474
437759,0.044993,0.450685,-0.065408,-0.010775,-0.421225,0.200489,-0.884453,0.000000,217.287598
437762,0.045027,0.450678,-0.065420,-0.010771,-0.421221,0.201088,-0.884320,0.000000,217.729111
437765,0.045056,0.450675,-0.065434,-0.010721,-0.421198,0.201595,-0.884215,0.000000,218.491974
437769,0.045090,0.450670,-0.065448,-0.010742,-0.421075,0.202345,-0.884102,0.000000,218.776588
437773,0.045125,0.450665,-0.065469,-0.010701,-0.421052,0.203018,-0.883960,0.000000,219.312515
437776,0.045152,0.450663,-0.065482,-0.010693,-0.421026,0.203525,-0.883855,0.000000,219.798317
437780,0.045188,0.450654,-0.065499,-0.010758,-0.420894,0.204309,-0.883737,0.000000,220.496979
437783,0.045218,0.450650,-0.065514,-0.010745,-0.420867,0.204877,-0.883618,0.000000,220.779877
437787,0.045265,0.450643,-0.065540,-0.010706,-0.420808,0.205770,-0.883439,0.000000,221.236153
437790,0.045296,0.450640,-0.065554,-0.010723,-0.420745,0.206344,-0.883335,0.000000,221.984596
437794,0.045338,0.450630,-0.065570,-0.010667,-0.420722,0.207168,-0.883154,0.000000,222.291527
437797,0.045362,0.450621,-0.065588,-0.010792,-0.420600,0.207727,-0.883079,0.000000,222.998772
437801,0.045398,0.450612,-0.065597,-0.010869,-0.420463,0.208437,-0.882976,0.000000,223.468437
437804,0.045426,0.450609,-0.065608,-0.010843,-0.420424,0.208921,-0.882881,0.000000,223.765411
437808,0.045471,0.450601,-0.065630,-0.010796,-0.420389,0.209748,-0.882702,-0.000343,224.527931
437812,0.045509,0.450592,-0.065647,-0.010900,-0.420289,0.210613,-0.882542,0.000000,224.801903
437815,0.045541,0.450588,-0.065666,-0.010828,-0.420240,0.211168,-0.882433,-0.000343,225.505714
437819,0.045574,0.450581,-0.065685,-0.010898,-0.420126,0.211930,-0.882304,0.000000,225.993233
437822,0.045596,0.450577,-0.065699,-0.010884,-0.420093,0.212411,-0.882205,0.000000,226.299820
437826,0.045630,0.450572,-0.065716,-0.010909,-0.420057,0.213153,-0.882042,0.000000,226.743736
437830,0.045666,0.450565,-0.065737,-0.010956,-0.419972,0.213844,-0.881915,-0.000343,227.289963
437833,0.045700,0.450560,-0.065754,-0.010986,-0.419905,0.214507,-0.881785,0.000000,227.993088
437837,0.045750,0.450555,-0.065771,-0.010980,-0.419889,0.215232,-0.881616,0.000000,228.476143
437840,0.045780,0.450552,-0.065785,-0.011004,-0.419799,0.215773,-0.881527,-0.000343,228.808136
437844,0.045817,0.450544,-0.065794,-0.011033,-0.419717,0.216494,-0.881389,0.000000,229.248619
437847,0.045844,0.450537,-0.065803,-0.010986,-0.419707,0.217079,-0.881250,-0.000343,230.024529
437851,0.045881,0.450529,-0.065817,-0.011037,-0.419592,0.217719,-0.881147,-0.000343,230.290604
437854,0.045910,0.450523,-0.065829,-0.011043,-0.419529,0.218363,-0.881017,0.000000,230.755463
437858,0.045955,0.450518,-0.065852,-0.010979,-0.419476,0.219217,-0.880831,-0.000343,231.500816
437861,0.045985,0.450513,-0.065868,-0.010960,-0.419417,0.219776,-0.880720,0.000000,231.996574
437865,0.046023,0.450500,-0.065890,-0.011054,-0.419271,0.220726,-0.880551,0.000000,232.301102
437868,0.046068,0.450493,-0.065910,-0.011024,-0.419235,0.221488,-0.880377,-0.000343,232.738152
437872,0.046112,0.450487,-0.065933,-0.010955,-0.419099,0.222315,-0.880234,-0.000343,233.487282
437876,0.046162,0.450470,-0.065957,-0.011074,-0.418925,0.223371,-0.880048,-0.000343,233.748550
437879,0.046203,0.450460,-0.065973,-0.011009,-0.418905,0.224121,-0.879868,-0.000343,234.302330
437883,0.046249,0.450455,-0.065992,-0.010926,-0.418822,0.224979,-0.879689,-0.000343,234.732857
437886,0.046287,0.450444,-0.066005,-0.011060,-0.418706,0.225656,-0.879569,-0.000343,235.492630
437890,0.046341,0.450438,-0.066027,-0.010905,-0.418710,0.226586,-0.879330,-0.000343,235.979805
437893,0.046381,0.450431,-0.066043,-0.010933,-0.418617,0.227399,-0.879165,-0.000343,236.307335
437897,0.046447,0.450413,-0.066068,-0.011104,-0.418345,0.229034,-0.878867,-0.000343,237.011490
437901,0.046575,0.450390,-0.066120,-0.011023,-0.418203,0.230820,-0.878469,-0.000343,237.518921
437904,0.046600,0.450387,-0.066129,-0.011067,-0.418113,0.231418,-0.878353,0.000000,237.760277
437907,0.046621,0.450382,-0.066147,-0.011003,-0.418076,0.231905,-0.878243,-0.000343,238.298264
437911,0.046673,0.450372,-0.066162,-0.011101,-0.418001,0.232823,-0.878035,-0.000343,238.755226
437915,0.046683,0.450367,-0.066178,-0.011057,-0.417937,0.233274,-0.877946,-0.000343,239.484787
437918,0.046713,0.450360,-0.066188,-0.011101,-0.417868,0.233828,-0.877831,-0.000343,239.777298
437922,0.046730,0.450355,-0.066205,-0.011001,-0.417877,0.234267,-0.877711,-0.000343,240.211258
437925,0.046749,0.450351,-0.066220,-0.010989,-0.417818,0.234742,-0.877612,-0.000343,240.965881
437929,0.046792,0.450342,-0.066240,-0.011016,-0.417723,0.235574,-0.877434,0.000000,241.490479
437932,0.046825,0.450333,-0.066261,-0.011021,-0.417663,0.236240,-0.877284,-0.000343,241.802216
437936,0.046877,0.450323,-0.066276,-0.011041,-0.417546,0.236968,-0.877143,-0.000343,242.261925
437939,0.046912,0.450320,-0.066290,-0.011039,-0.417472,0.237588,-0.877011,-0.000343,243.021011
437943,0.046953,0.450307,-0.066296,-0.011065,-0.417393,0.238268,-0.876863,-0.000343,243.507156
437947,0.046987,0.450301,-0.066311,-0.011108,-0.417285,0.238957,-0.876727,-0.000343,243.796577
437950,0.047014,0.450297,-0.066321,-0.011135,-0.417218,0.239563,-0.876593,-0.000343,244.285469
437954,0.047047,0.450288,-0.066347,-0.011075,-0.417153,0.240292,-0.876425,-0.000343,244.762688
437957,0.047062,0.450283,-0.066364,-0.011051,-0.417110,0.240753,-0.876319,-0.000343,245.469589
437961,0.047087,0.450275,-0.066385,-0.011086,-0.416989,0.241398,-0.876199,-0.000343,245.763474
437964,0.047107,0.450272,-0.066400,-0.011107,-0.416953,0.241841,-0.876094,0.000000,246.253052
437968,0.047132,0.450267,-0.066408,-0.011040,-0.416925,0.242245,-0.875996,-0.000343,246.754303
437972,0.047158,0.450258,-0.066413,-0.011059,-0.416837,0.242774,-0.875892,0.000000,247.315292
437975,0.047180,0.450255,-0.066416,-0.011063,-0.416812,0.243155,-0.875798,-0.000343,248.023567
437978,0.047213,0.450250,-0.066425,-0.011078,-0.416766,0.243706,-0.875666,-0.000343,248.314705
437982,0.047250,0.450235,-0.066437,-0.011266,-0.416581,0.244424,-0.875551,-0.000343,248.763084
437986,0.047287,0.450235,-0.066460,-0.011069,-0.416585,0.245048,-0.875377,-0.000343,249.291801
437989,0.047306,0.450227,-0.066475,-0.011118,-0.416536,0.245560,-0.875257,-0.000343,249.777946
437993,0.047332,0.450221,-0.066496,-0.011127,-0.416406,0.246193,-0.875141,-0.000343,250.201263
437996,0.047356,0.450214,-0.066509,-0.011143,-0.416364,0.246753,-0.875003,-0.000343,250.762939
438000,0.047386,0.450205,-0.066519,-0.011145,-0.416295,0.247297,-0.874882,-0.000343,251.479111
438003,0.047409,0.450199,-0.066532,-0.011144,-0.416223,0.247786,-0.874778,-0.000343,252.020187
438007,0.047444,0.450194,-0.066542,-0.011153,-0.416174,0.248368,-0.874636,-0.000343,252.302055
438010,0.047475,0.450190,-0.066553,-0.011171,-0.416137,0.248867,-0.874512,-0.000343,252.760391
438014,0.047506,0.450179,-0.066561,-0.011308,-0.415964,0.249506,-0.874410,-0.000343,253.491325
438018,0.047543,0.450173,-0.066578,-0.011209,-0.415959,0.250096,-0.874245,-0.000343,253.808899
438021,0.047567,0.450167,-0.066591,-0.011193,-0.415892,0.250610,-0.874130,-0.000343,254.291267
438025,0.047599,0.450158,-0.066610,-0.011232,-0.415793,0.251341,-0.873967,-0.000343,254.781189
438028,0.047621,0.450150,-0.066627,-0.011187,-0.415744,0.251826,-0.873851,-0.000343,255.482597
438032,0.047652,0.450142,-0.066639,-0.011160,-0.415698,0.252380,-0.873713,-0.000343,255.958786
438035,0.047679,0.450137,-0.066650,-0.011194,-0.415619,0.252870,-0.873609,-0.000343,256.272583
438039,0.047708,0.450127,-0.066656,-0.011186,-0.415571,0.253463,-0.873460,-0.000343,256.788940
438042,0.047734,0.450120,-0.066666,-0.011165,-0.415567,0.253953,-0.873320,-0.000343,257.272682
438046,0.047762,0.450111,-0.066674,-0.011217,-0.415383,0.254578,-0.873225,-0.000343,257.972717
438049,0.047784,0.450103,-0.066683,-0.011231,-0.415379,0.255062,-0.873085,-0.000343,258.449936
438053,0.047808,0.450101,-0.066701,-0.011161,-0.415333,0.255539,-0.872969,0.000000,258.765450
438056,0.047821,0.450096,-0.066713,-0.011206,-0.415236,0.255978,-0.872885,-0.000343,259.181557
438060,0.047847,0.450088,-0.066734,-0.011230,-0.415227,0.256508,-0.872734,-0.000343,259.674568
438064,0.047881,0.450083,-0.066759,-0.011204,-0.415150,0.256997,-0.872627,-0.000343,260.208435
438067,0.047920,0.450078,-0.066779,-0.011200,-0.415130,0.257466,-0.872498,-0.000343,260.885811
438071,0.047962,0.450072,-0.066797,-0.011143,-0.415089,0.258018,-0.872355,-0.000343,261.378479
438074,0.047989,0.450066,-0.066802,-0.011139,-0.415046,0.258428,-0.872254,-0.000343,261.634598
438078,0.048007,0.450055,-0.066801,-0.011181,-0.414935,0.259022,-0.872131,0.000000,262.395744
438082,0.048019,0.450049,-0.066801,-0.011175,-0.414946,0.259549,-0.871969,-0.000343,262.853394
438085,0.048028,0.450046,-0.066809,-0.011129,-0.414901,0.259869,-0.871896,-0.000343,263.163757
438089,0.048040,0.450037,-0.066826,-0.011181,-0.414794,0.260480,-0.871763,-0.000343,263.635826
438092,0.048056,0.450030,-0.066841,-0.011132,-0.414785,0.260802,-0.871672,-0.000343,264.295349
438096,0.048077,0.450027,-0.066850,-0.011174,-0.414687,0.261349,-0.871554,-0.000343,264.535332
438099,0.048099,0.450020,-0.066854,-0.011189,-0.414628,0.261735,-0.871466,-0.000343,265.008087
438103,0.048134,0.450012,-0.066862,-0.011176,-0.414609,0.262256,-0.871319,-0.000343,265.707779
438106,0.048166,0.450008,-0.066871,-0.011152,-0.414545,0.262552,-0.871260,0.000000,266.187057
438110,0.048215,0.449997,-0.066893,-0.011222,-0.414421,0.263257,-0.871106,0.000000,266.464462
438113,0.048247,0.449989,-0.066913,-0.011200,-0.414375,0.263704,-0.870993,-0.000343,266.904602
438117,0.048276,0.449979,-0.066936,-0.011210,-0.414295,0.264214,-0.870876,-0.000343,267.613564
438120,0.048284,0.449975,-0.066951,-0.011216,-0.414238,0.264712,-0.870752,-0.000343,268.098335
438124,0.048297,0.449964,-0.066968,-0.011254,-0.414188,0.265367,-0.870576,-0.000343,268.329391
438128,0.048313,0.449959,-0.066988,-0.011191,-0.414123,0.266054,-0.870398,-0.000343,268.832703
438131,0.048326,0.449953,-0.066995,-0.011207,-0.414043,0.266510,-0.870296,-0.000343,269.309578
438135,0.048358,0.449943,-0.067009,-0.011157,-0.414029,0.267206,-0.870090,-0.000343,269.713326
438138,0.048413,0.449912,-0.067010,-0.012057,-0.413738,0.269022,-0.869657,-0.000343,270.388985
438142,0.048453,0.449898,-0.067013,-0.012154,-0.413602,0.269753,-0.869493,-0.000343,270.644760
438145,0.048486,0.449890,-0.067026,-0.012164,-0.413559,0.270229,-0.869366,-0.000343,271.057434
438149,0.048532,0.449882,-0.067046,-0.012161,-0.413466,0.270804,-0.869231,-0.000343,271.550102
438152,0.048562,0.449877,-0.067069,-0.012134,-0.413396,0.271290,-0.869114,-0.000343,272.184563
438156,0.048594,0.449869,-0.067095,-0.012095,-0.413370,0.271850,-0.868951,-0.000343,272.636032
438160,0.048614,0.449861,-0.067105,-0.012105,-0.413273,0.272400,-0.868825,0.000000,272.917900
438163,0.048631,0.449853,-0.067108,-0.012092,-0.413197,0.272815,-0.868731,-0.000343,273.296928
438167,0.048659,0.449842,-0.067107,-0.012111,-0.413128,0.273310,-0.868608,-0.000343,273.959541
438170,0.048678,0.449839,-0.067100,-0.012081,-0.413110,0.273643,-0.868513,-0.000343,274.402771
438174,0.048711,0.449825,-0.067103,-0.012178,-0.413006,0.274204,-0.868384,0.000000,274.650993
438177,0.048734,0.449821,-0.067113,-0.012134,-0.412990,0.274580,-0.868273,-0.000343,275.048218
438181,0.048758,0.449811,-0.067123,-0.012175,-0.412919,0.275090,-0.868145,-0.000343,275.679245
438185,0.048778,0.449805,-0.067142,-0.012175,-0.412865,0.275625,-0.868000,-0.000343,275.894508
438188,0.048786,0.449801,-0.067163,-0.012106,-0.412851,0.275936,-0.867909,-0.000343,276.330872
438191,0.048804,0.449798,-0.067183,-0.012100,-0.412799,0.276249,-0.867835,0.000000,276.969109
438195,0.048828,0.449792,-0.067209,-0.012136,-0.412669,0.276848,-0.867705,-0.000343,277.227631
438199,0.048864,0.449784,-0.067225,-0.012070,-0.412705,0.277320,-0.867538,-0.000343,277.626572
438202,0.048890,0.449778,-0.067229,-0.012092,-0.412626,0.277667,-0.867465,-0.000343,278.190308
438206,0.048928,0.449767,-0.067227,-0.012167,-0.412543,0.278285,-0.867305,0.000000,278.392525
438209,0.048946,0.449759,-0.067223,-0.012167,-0.412560,0.278588,-0.867199,-0.000343,278.852577
438213,0.048972,0.449754,-0.067220,-0.012156,-0.412494,0.279058,-0.867080,-0.000343,279.217529
438216,0.048985,0.449748,-0.067219,-0.012244,-0.412444,0.279399,-0.866993,-0.000343,279.827271
438220,0.048995,0.449739,-0.067231,-0.012193,-0.412420,0.279782,-0.866881,-0.000343,280.015755
438223,0.049007,0.449738,-0.067243,-0.012204,-0.412388,0.280051,-0.866809,-0.000343,280.414009
438227,0.049026,0.449733,-0.067267,-0.012208,-0.412287,0.280668,-0.866658,0.000000,280.847282
438231,0.049059,0.449724,-0.067291,-0.012134,-0.412268,0.281231,-0.866485,0.000000,281.396255
438234,0.049094,0.449719,-0.067310,-0.012149,-0.412157,0.281776,-0.866361,0.000000,281.621132
438238,0.049136,0.449702,-0.067327,-0.012221,-0.412045,0.282606,-0.866143,-0.000343,282.169075
438241,0.049171,0.449692,-0.067335,-0.012204,-0.411988,0.283149,-0.865993,-0.000343,282.396355
438245,0.049218,0.449679,-0.067345,-0.012237,-0.411834,0.283979,-0.865793,0.000000,282.758217
438248,0.049245,0.449670,-0.067356,-0.012227,-0.411761,0.284459,-0.865671,-0.000343,283.073387
438252,0.049279,0.449661,-0.067374,-0.012183,-0.411718,0.285079,-0.865488,-0.000343,283.463745
438255,0.049295,0.449653,-0.067387,-0.012212,-0.411665,0.285426,-0.865399,-0.000343,283.829384
438259,0.049317,0.449647,-0.067408,-0.012274,-0.411543,0.286122,-0.865226,-0.000343,284.348145
438263,0.049335,0.449641,-0.067421,-0.012211,-0.411529,0.286568,-0.865086,-0.000343,284.705887
438266,0.049347,0.449630,-0.067427,-0.012295,-0.411467,0.286902,-0.865004,0.000000,284.893684
438269,0.049363,0.449625,-0.067429,-0.012236,-0.411403,0.287265,-0.864914,-0.000343,285.405922
438273,0.049392,0.449615,-0.067433,-0.012234,-0.411350,0.287744,-0.864780,0.000000,285.580673
438277,0.049421,0.449604,-0.067442,-0.012317,-0.411228,0.288217,-0.864679,-0.000343,286.079521
438280,0.049445,0.449597,-0.067448,-0.012306,-0.411173,0.288520,-0.864605,-0.000343,286.412544
438284,0.049471,0.449591,-0.067465,-0.012212,-0.411202,0.288898,-0.864466,0.000000,286.607552
438287,0.049484,0.449586,-0.067475,-0.012230,-0.411124,0.289145,-0.864420,-0.000343,286.942291
438291,0.049500,0.449575,-0.067493,-0.012286,-0.411013,0.289622,-0.864313,0.000000,287.260208
438294,0.049506,0.449573,-0.067502,-0.012197,-0.411029,0.289829,-0.864237,-0.000343,287.711678
438298,0.049523,0.449567,-0.067513,-0.012212,-0.410951,0.290240,-0.864136,0.000000,287.889862
438301,0.049535,0.449563,-0.067518,-0.012246,-0.410871,0.290534,-0.864075,-0.000343,288.165550
438305,0.049565,0.449553,-0.067522,-0.012192,-0.410842,0.291010,-0.863929,-0.000343,288.631783
438309,0.049589,0.449542,-0.067524,-0.012318,-0.410698,0.291474,-0.863839,0.000000,288.791084
438312,0.049611,0.449535,-0.067524,-0.012338,-0.410688,0.291830,-0.863723,-0.000343,289.091492
438316,0.049635,0.449528,-0.067530,-0.012292,-0.410695,0.292258,-0.863576,0.000000,289.509659
438319,0.049643,0.449525,-0.067536,-0.012308,-0.410621,0.292505,-0.863527,0.000000,289.673767
438323,0.049659,0.449515,-0.067558,-0.012390,-0.410528,0.293044,-0.863388,0.000000,289.937096
438327,0.049672,0.449511,-0.067581,-0.012322,-0.410465,0.293331,-0.863321,0.000000,290.235100
438330,0.049688,0.449509,-0.067600,-0.012324,-0.410426,0.293737,-0.863202,0.000000,290.620651
438334,0.049707,0.449506,-0.067618,-0.012324,-0.410362,0.294136,-0.863096,0.000000,290.894623
438337,0.049723,0.449501,-0.067619,-0.012309,-0.410345,0.294390,-0.863018,-0.000343,291.054955
438341,0.049741,0.449491,-0.067617,-0.012376,-0.410288,0.294747,-0.862922,0.000000,291.436729
438344,0.049752,0.449484,-0.067611,-0.012397,-0.410262,0.295002,-0.862847,0.000000,291.581955
438348,0.049770,0.449477,-0.067607,-0.012334,-0.410287,0.295224,-0.862761,-0.000343,291.846313
438351,0.049781,0.449476,-0.067607,-0.012393,-0.410233,0.295566,-0.862668,0.000000,292.104492
438355,0.049843,0.449452,-0.067634,-0.012390,-0.410018,0.296890,-0.862315,0.000000,292.318726
438358,0.049891,0.449435,-0.067664,-0.012384,-0.409876,0.297892,-0.862038,0.000000,292.640419
438362,0.049924,0.449420,-0.067694,-0.012360,-0.409718,0.298745,-0.861817,0.000000,292.760239
438365,0.049961,0.449408,-0.067722,-0.012415,-0.409618,0.299489,-0.861606,0.000000,292.988548
438369,0.049997,0.449392,-0.067752,-0.012453,-0.409518,0.300389,-0.861340,0.000000,293.305779
438373,0.050030,0.449379,-0.067769,-0.012516,-0.409394,0.301073,-0.861159,0.000000,293.441734
438376,0.050051,0.449368,-0.067781,-0.012551,-0.409320,0.301584,-0.861015,0.000000,293.754501
438380,0.050080,0.449360,-0.067793,-0.012485,-0.409302,0.302062,-0.860857,0.000000,293.960495
438383,0.050100,0.449352,-0.067800,-0.012504,-0.409224,0.302484,-0.860745,0.000000,294.073105
438387,0.050134,0.449343,-0.067808,-0.012499,-0.409138,0.303047,-0.860589,0.000000,294.269829
438390,0.050164,0.449336,-0.067810,-0.012468,-0.409135,0.303392,-0.860469,0.000000,294.509468
438394,0.050196,0.449329,-0.067803,-0.012516,-0.409062,0.303804,-0.860357,0.000000,294.696236
438398,0.050233,0.449321,-0.067792,-0.012521,-0.409052,0.304131,-0.860247,0.000000,294.809532
438401,0.050254,0.449315,-0.067786,-0.012479,-0.409049,0.304422,-0.860145,0.000000,294.969521
438404,0.050281,0.449310,-0.067785,-0.012504,-0.408998,0.304601,-0.860106,0.000000,295.234222
438408,0.050305,0.449300,-0.067795,-0.012567,-0.408915,0.305108,-0.859965,0.000000,295.412750
438411,0.050315,0.449296,-0.067808,-0.012468,-0.408937,0.305226,-0.859914,0.000000,295.508881
438415,0.050327,0.449290,-0.067834,-0.012417,-0.408867,0.305563,-0.859829,0.000000,295.682259
438419,0.050329,0.449287,-0.067859,-0.012355,-0.408859,0.305892,-0.859716,0.000000,295.823021
438422,0.050332,0.449287,-0.067873,-0.012317,-0.408833,0.306054,-0.859671,0.000000,296.065750
438422,0.050332,0.449287,-0.067873,-0.012317,-0.408833,0.306054,-0.859671,0.000000,296.214066
438422,0.050332,0.449287,-0.067873,-0.012317,-0.408833,0.306054,-0.859671,0.000000,296.294746
438422,0.050332,0.449287,-0.067873,-0.012317,-0.408833,0.306054,-0.859671,0.000000,296.416626
438422,0.050332,0.449287,-0.067873,-0.012317,-0.408833,0.306054,-0.859671,0.000343,296.612320
438422,0.050332,0.449287,-0.067873,-0.012317,-0.408833,0.306054,-0.859671,0.000000,296.702271
438422,0.050332,0.449287,-0.067873,-0.012317,-0.408833,0.306054,-0.859671,0.000000,296.836166
438422,0.050332,0.449287,-0.067873,-0.012317,-0.408833,0.306054,-0.859671,0.000000,296.969032
438422,0.050332,0.449287,-0.067873,-0.012317,-0.408833,0.306054,-0.859671,0.000000,297.115288
438422,0.050332,0.449287,-0.067873,-0.012317,-0.408833,0.306054,-0.859671,0.000000,297.237511
438422,0.050332,0.449287,-0.067873,-0.012317,-0.408833,0.306054,-0.859671,0.000343,297.353210
438422,0.050332,0.449287,-0.067873,-0.012317,-0.408833,0.306054,-0.859671,0.000000,297.495689
438422,0.050332,0.449287,-0.067873,-0.012317,-0.408833,0.306054,-0.859671,0.000000,297.560921
438422,0.050332,0.449287,-0.067873,-0.012317,-0.408833,0.306054,-0.859671,0.000000,297.642975
438422,0.050332,0.449287,-0.067873,-0.012317,-0.408833,0.306054,-0.859671,0.000000,297.793694
438422,0.050332,0.449287,-0.067873,-0.012317,-0.408833,0.306054,-0.859671,0.000000,297.900810
438422,0.050332,0.449287,-0.067873,-0.012317,-0.408833,0.306054,-0.859671,0.000000,297.972221
438422,0.050332,0.449287,-0.067873,-0.012317,-0.408833,0.306054,-0.859671,0.000343,298.078651
438422,0.050332,0.449287,-0.067873,-0.012317,-0.408833,0.306054,-0.859671,0.000343,298.179588
438422,0.050332,0.449287,-0.067873,-0.012317,-0.408833,0.306054,-0.859671,0.000000,298.277435
438422,0.050332,0.449287,-0.067873,-0.012317,-0.408833,0.306054,-0.859671,0.000000,298.363609
438422,0.050332,0.449287,-0.067873,-0.012317,-0.408833,0.306054,-0.859671,0.000343,298.455620
438422,0.050332,0.449287,-0.067873,-0.012317,-0.408833,0.306054,-0.859671,0.000343,298.501282
438422,0.050332,0.449287,-0.067873,-0.012317,-0.408833,0.306054,-0.859671,0.000343,298.568230
438422,0.050332,0.449287,-0.067873,-0.012317,-0.408833,0.306054,-0.859671,0.000343,298.666420
438422,0.050332,0.449287,-0.067873,-0.012317,-0.408833,0.306054,-0.859671,0.000343,298.742981
438422,0.050332,0.449287,-0.067873,-0.012317,-0.408833,0.306054,-0.859671,0.000343,298.841858
438422,0.050332,0.449287,-0.067873,-0.012317,-0.408833,0.306054,-0.859671,0.000000,298.900566
438422,0.050332,0.449287,-0.067873,-0.012317,-0.408833,0.306054,-0.859671,0.000343,298.931122
438422,0.050332,0.449287,-0.067873,-0.012317,-0.408833,0.306054,-0.859671,0.000000,298.992233
438529,0.050510,0.449210,-0.067934,-0.012336,-0.408345,0.309746,-0.858580,0.000000,299.072227
438532,0.050519,0.449208,-0.067931,-0.012415,-0.408258,0.309906,-0.858562,0.000343,299.110680
438535,0.050529,0.449205,-0.067931,-0.012420,-0.408248,0.310002,-0.858532,0.000343,299.187584
438540,0.050547,0.449200,-0.067933,-0.012386,-0.408280,0.310071,-0.858493,0.000343,299.224319
438543,0.050554,0.449196,-0.067937,-0.012472,-0.408232,0.310185,-0.858473,0.000343,299.271698
438546,0.050559,0.449196,-0.067944,-0.012442,-0.408221,0.310301,-0.858437,0.000000,299.324570
438550,0.050550,0.449198,-0.067956,-0.012376,-0.408249,0.310233,-0.858449,0.000343,299.370575
438554,0.050545,0.449199,-0.067971,-0.012370,-0.408216,0.310370,-0.858415,0.000000,299.408684
438557,0.050538,0.449199,-0.067985,-0.012314,-0.408226,0.310443,-0.858386,0.000000,299.455032
438561,0.050534,0.449199,-0.067993,-0.012336,-0.408200,0.310450,-0.858394,0.000343,299.496231
438564,0.050536,0.449197,-0.067996,-0.012337,-0.408172,0.310588,-0.858358,0.000343,299.537773
438568,0.050545,0.449199,-0.067985,-0.012322,-0.408230,0.310562,-0.858340,0.000343,299.574165
438571,0.050557,0.449195,-0.067976,-0.012386,-0.408218,0.310679,-0.858302,0.000343,299.616737
438575,0.050568,0.449190,-0.067956,-0.012432,-0.408148,0.310793,-0.858294,0.000343,299.634933
438579,0.050583,0.449189,-0.067945,-0.012338,-0.408237,0.310787,-0.858255,0.000000,299.649353
438582,0.050585,0.449186,-0.067940,-0.012381,-0.408205,0.310847,-0.858248,0.000343,299.679222
438586,0.050590,0.449185,-0.067946,-0.012446,-0.408147,0.310959,-0.858234,0.000343,299.725914
438589,0.050589,0.449187,-0.067954,-0.012412,-0.408162,0.311010,-0.858209,0.000343,299.768486
438593,0.050580,0.449184,-0.067962,-0.012440,-0.408151,0.311006,-0.858215,0.000000,299.785309
438596,0.050579,0.449185,-0.067972,-0.012428,-0.408096,0.311175,-0.858180,0.000000,299.805565
438599,0.050576,0.449184,-0.067980,-0.012414,-0.408056,0.311258,-0.858169,0.000000,299.830284
438603,0.050578,0.449187,-0.067985,-0.012357,-0.408136,0.311168,-0.858164,0.000343,299.836464
438607,0.050580,0.449184,-0.067990,-0.012395,-0.408063,0.311308,-0.858149,0.000343,299.845734
438611,0.050590,0.449180,-0.067990,-0.012358,-0.408112,0.311327,-0.858118,0.000343,299.857750
438614,0.050595,0.449179,-0.067988,-0.012393,-0.408116,0.311387,-0.858095,0.000343,299.867363
438617,0.050600,0.449175,-0.067986,-0.012452,-0.408053,0.311553,-0.858063,0.000343,299.894485
438621,0.050609,0.449179,-0.067983,-0.012412,-0.408116,0.311478,-0.858061,0.000343,299.909592
438625,0.050611,0.449175,-0.067975,-0.012503,-0.408014,0.311583,-0.858070,0.000343,299.925728
438628,0.050616,0.449172,-0.067971,-0.012490,-0.408024,0.311655,-0.858040,0.000343,299.941521
438632,0.050619,0.449174,-0.067972,-0.012372,-0.408127,0.311640,-0.857998,0.000343,299.947014
438635,0.050621,0.449173,-0.067973,-0.012428,-0.408056,0.311678,-0.858016,0.000343,299.951134
438639,0.050619,0.449171,-0.067980,-0.012462,-0.408028,0.311792,-0.857988,0.000343,299.952164
438642,0.050617,0.449172,-0.067990,-0.012440,-0.407993,0.311835,-0.857989,0.000343,299.955597
438646,0.050612,0.449171,-0.067994,-0.012443,-0.408017,0.311830,-0.857980,0.000343,299.965553
438650,0.050613,0.449170,-0.068001,-0.012427,-0.408016,0.311903,-0.857954,0.000343,299.981346
438653,0.050609,0.449170,-0.068002,-0.012422,-0.408011,0.311828,-0.857984,0.000343,299.989243
438657,0.050617,0.449171,-0.068001,-0.012464,-0.407938,0.311996,-0.857957,0.000343,299.993706
438660,0.050626,0.449167,-0.067996,-0.012459,-0.407962,0.312015,-0.857939,0.000343,299.998856
438664,0.050639,0.449166,-0.067990,-0.012436,-0.408017,0.311996,-0.857920,0.000343,300.002289
438667,0.050646,0.449163,-0.067982,-0.012506,-0.407984,0.312052,-0.857914,0.000343,300.002975
438671,0.050655,0.449162,-0.067976,-0.012537,-0.407968,0.312098,-0.857904,0.000343,300.003319
438675,0.050654,0.449161,-0.067974,-0.012559,-0.407968,0.312159,-0.857882,0.000343,300.003319
438678,0.050651,0.449160,-0.067976,-0.012533,-0.407996,0.312182,-0.857861,0.000343,300.003319
438682,0.050646,0.449162,-0.067984,-0.012458,-0.408006,0.312224,-0.857841,0.000343,300.003319
438685,0.050641,0.449163,-0.067993,-0.012446,-0.408013,0.312151,-0.857865,0.000000,300.003319
438688,0.050634,0.449162,-0.068004,-0.012467,-0.407958,0.312194,-0.857875,0.000343,300.003319
438692,0.050628,0.449162,-0.068012,-0.012482,-0.407912,0.312303,-0.857857,0.000343,300.003319
438696,0.050627,0.449163,-0.068016,-0.012434,-0.407982,0.312274,-0.857835,0.000343,300.003319
438699,0.050624,0.449162,-0.068014,-0.012437,-0.407956,0.312270,-0.857849,0.000343,300.003319
438703,0.050631,0.449159,-0.068012,-0.012452,-0.407966,0.312366,-0.857809,0.000343,300.003319
438706,0.050635,0.449160,-0.068007,-0.012438,-0.407989,0.312296,-0.857824,0.000343,300.003319
438710,0.050648,0.449158,-0.068000,-0.012518,-0.407886,0.312424,-0.857825,0.000000,300.003319
438714,0.050661,0.449157,-0.067993,-0.012475,-0.407937,0.312447,-0.857793,0.000343,300.003319
438717,0.050666,0.449156,-0.067987,-0.012489,-0.407934,0.312391,-0.857814,0.000343,300.003319
438721,0.050666,0.449144,-0.067981,-0.012678,-0.407898,0.312584,-0.857759,0.000343,300.003319
438724,0.050666,0.449152,-0.067981,-0.012541,-0.407954,0.312507,-0.857762,0.000343,300.003319
438728,0.050662,0.449152,-0.067985,-0.012537,-0.407957,0.312569,-0.857738,0.000000,300.003319
438731,0.050652,0.449155,-0.067988,-0.012544,-0.407914,0.312511,-0.857779,0.000343,300.003319
438735,0.050651,0.449152,-0.068000,-0.012488,-0.407943,0.312585,-0.857740,0.000343,300.003319
438738,0.050645,0.449156,-0.068007,-0.012452,-0.407968,0.312484,-0.857765,0.000343,300.003319
438742,0.050644,0.449152,-0.068015,-0.012505,-0.407886,0.312680,-0.857732,0.000343,300.003319
438745,0.050641,0.449155,-0.068020,-0.012466,-0.407891,0.312639,-0.857745,0.000343,300.003319
438749,0.050643,0.449155,-0.068017,-0.012438,-0.407944,0.312605,-0.857733,0.000343,300.002975
438753,0.050653,0.449151,-0.068014,-0.012558,-0.407871,0.312806,-0.857692,0.000343,300.003319
438756,0.050652,0.449151,-0.068008,-0.012508,-0.407904,0.312679,-0.857723,0.000343,300.002975
438759,0.050658,0.449151,-0.068003,-0.012482,-0.407945,0.312623,-0.857725,0.000343,300.003319
438763,0.050662,0.449151,-0.067999,-0.012526,-0.407889,0.312743,-0.857707,0.000343,300.003319
438767,0.050666,0.449152,-0.067994,-0.012514,-0.407895,0.312776,-0.857692,0.000000,300.002975
438770,0.050662,0.449151,-0.067994,-0.012463,-0.407946,0.312716,-0.857691,0.000343,300.002975
438774,0.050655,0.449147,-0.067991,-0.012586,-0.407864,0.312866,-0.857673,0.000343,300.002975
438777,0.050647,0.449149,-0.067995,-0.012519,-0.407898,0.312775,-0.857692,0.000343,300.002975
438781,0.050640,0.449150,-0.068000,-0.012517,-0.407907,0.312764,-0.857691,0.000343,300.002975
438784,0.050637,0.449151,-0.068004,-0.012517,-0.407900,0.312762,-0.857695,0.000000,300.002632
438788,0.050641,0.449152,-0.068014,-0.012469,-0.407893,0.312838,-0.857671,0.000343,300.002632
438792,0.050646,0.449149,-0.068015,-0.012522,-0.407846,0.312900,-0.857670,0.000343,300.002632
438795,0.050652,0.449150,-0.068014,-0.012519,-0.407837,0.312895,-0.857676,0.000343,300.002632
438799,0.050660,0.449147,-0.068011,-0.012495,-0.407909,0.312925,-0.857632,0.000000,300.002289
438802,0.050663,0.449148,-0.068006,-0.012499,-0.407896,0.312842,-0.857668,0.000343,300.002289
438806,0.050670,0.449145,-0.068001,-0.012594,-0.407835,0.313047,-0.857621,0.000000,300.001945
438809,0.050673,0.449147,-0.067997,-0.012557,-0.407867,0.312913,-0.857655,0.000343,300.001945
438813,0.050671,0.449145,-0.067998,-0.012566,-0.407871,0.312985,-0.857627,0.000343,300.001602
438816,0.050669,0.449147,-0.067993,-0.012571,-0.407849,0.312935,-0.857656,0.000000,300.001602
438820,0.050663,0.449148,-0.067999,-0.012490,-0.407904,0.312964,-0.857620,0.000000,300.000916
438824,0.050659,0.449145,-0.068002,-0.012573,-0.407840,0.313022,-0.857628,0.000343,300.000916
438827,0.050658,0.449145,-0.068006,-0.012562,-0.407835,0.313056,-0.857618,0.000000,300.000229
438831,0.050658,0.449147,-0.068015,-0.012491,-0.407902,0.313002,-0.857607,0.000343,299.999886
438834,0.050661,0.449145,-0.068016,-0.012521,-0.407880,0.312987,-0.857622,0.000000,299.999542
438838,0.050662,0.449146,-0.068015,-0.012577,-0.407814,0.313102,-0.857611,0.000343,299.998856
438841,0.050665,0.449144,-0.068012,-0.012538,-0.407861,0.313042,-0.857611,0.000343,299.998512
438845,0.050669,0.449145,-0.068008,-0.012554,-0.407828,0.313102,-0.857605,0.000343,299.997826
438848,0.050672,0.449145,-0.068003,-0.012596,-0.407800,0.313066,-0.857631,0.000343,299.997482
438852,0.050679,0.449144,-0.068000,-0.012512,-0.407867,0.313114,-0.857582,0.000000,299.997482
438855,0.050675,0.449145,-0.067996,-0.012499,-0.407904,0.313024,-0.857598,0.000343,299.997139
438859,0.050679,0.449139,-0.067996,-0.012627,-0.407824,0.313199,-0.857570,0.000000,299.996796
438862,0.050672,0.449141,-0.067998,-0.012567,-0.407860,0.313100,-0.857590,0.000000,299.996796
438862,0.050672,0.449141,-0.067998,-0.012567,-0.407860,0.313100,-0.857590,0.000000,299.996796
438862,0.050672,0.449141,-0.067998,-0.012567,-0.407860,0.313100,-0.857590,0.000000,299.996796
438862,0.050672,0.449141,-0.067998,-0.012567,-0.407860,0.313100,-0.857590,0.000000,299.996796
438862,0.050672,0.449141,-0.067998,-0.012567,-0.407860,0.313100,-0.857590,0.000000,299.996796
438862,0.050672,0.449141,-0.067998,-0.012567,-0.407860,0.313100,-0.857590,0.000000,299.996796
438862,0.050672,0.449141,-0.067998,-0.012567,-0.407860,0.313100,-0.857590,0.000000,299.996796
438862,0.050672,0.449141,-0.067998,-0.012567,-0.407860,0.313100,-0.857590,0.000000,299.996796
438862,0.050672,0.449141,-0.067998,-0.012567,-0.407860,0.313100,-0.857590,0.000000,299.996796
438862,0.050672,0.449141,-0.067998,-0.012567,-0.407860,0.313100,-0.857590,0.000000,299.996796
438862,0.050672,0.449141,-0.067998,-0.012567,-0.407860,0.313100,-0.857590,0.000000,299.996796
438862,0.050672,0.449141,-0.067998,-0.012567,-0.407860,0.313100,-0.857590,0.000000,299.996796
438862,0.050672,0.449141,-0.067998,-0.012567,-0.407860,0.313100,-0.857590,0.000000,299.996796
438862,0.050672,0.449141,-0.067998,-0.012567,-0.407860,0.313100,-0.857590,0.000000,299.996796
438862,0.050672,0.449141,-0.067998,-0.012567,-0.407860,0.313100,-0.857590,0.000000,299.996796
