0,0.000000,0.000000,0.000000,0.000000,0.000000,0.000000,0.000000,0.000000,0.000000
0,0.000000,0.000000,0.000000,0.000000,0.000000,0.000000,0.000000,0.000000,0.000000
0,0.000000,0.000000,0.000000,0.000000,0.000000,0.000000,0.000000,0.000000,0.000000
0,0.000000,0.000000,0.000000,0.000000,0.000000,0.000000,0.000000,0.000000,0.000000
0,0.000000,0.000000,0.000000,0.000000,0.000000,0.000000,0.000000,0.000000,0.000000
0,0.000000,0.000000,0.000000,0.000000,0.000000,0.000000,0.000000,0.000000,0.000000
0,0.000000,0.000000,0.000000,0.000000,0.000000,0.000000,0.000000,0.000000,0.000000
0,0.000000,0.000000,0.000000,0.000000,0.000000,0.000000,0.000000,0.000000,0.000000
0,0.000000,0.000000,0.000000,0.000000,0.000000,0.000000,0.000000,0.000000,0.000000
0,0.000000,0.000000,0.000000,0.000000,0.000000,0.000000,0.000000,0.000000,0.000000
0,0.000000,0.000000,0.000000,0.000000,0.000000,0.000000,0.000000,0.000000,0.000000
0,0.000000,0.000000,0.000000,0.000000,0.000000,0.000000,0.000000,0.000000,0.000000
0,0.000000,0.000000,0.000000,0.000000,0.000000,0.000000,0.000000,0.000000,0.000000
0,0.000000,0.000000,0.000000,0.000000,0.000000,0.000000,0.000000,0.000000,0.000000
0,0.000000,0.000000,0.000000,0.000000,0.000000,0.000000,0.000000,0.000000,0.000000
0,0.000000,0.000000,0.000000,0.000000,0.000000,0.000000,0.000000,0.000000,0.000000
0,0.000000,0.000000,0.000000,0.000000,0.000000,0.000000,0.000000,0.000000,0.000000
0,0.000000,0.000000,0.000000,0.000000,0.000000,0.000000,0.000000,0.000000,0.000000
0,0.000000,0.000000,0.000000,0.000000,0.000000,0.000000,0.000000,0.000000,0.000000
0,0.000000,0.000000,0.000000,0.000000,0.000000,0.000000,0.000000,0.000000,0.000000
0,0.000000,0.000000,0.000000,0.000000,0.000000,0.000000,0.000000,0.000000,0.000000
0,0.000000,0.000000,0.000000,0.000000,0.000000,0.000000,0.000000,0.000000,0.000000
0,0.000000,0.000000,0.000000,0.000000,0.000000,0.000000,0.000000,0.000000,0.000000
0,0.000000,0.000000,0.000000,0.000000,0.000000,0.000000,0.000000,0.000000,0.000000
0,0.000000,0.000000,0.000000,0.000000,0.000000,0.000000,0.000000,0.000000,0.000000
0,0.000000,0.000000,0.000000,0.000000,0.000000,0.000000,0.000000,0.000000,0.000000
0,0.000000,0.000000,0.000000,0.000000,0.000000,0.000000,0.000000,0.000000,0.000000
314757,0.252829,0.859587,-0.338946,0.251418,0.272347,0.316347,-0.873236,400.000534,-0.000343
314761,0.252812,0.859592,-0.338930,0.251425,0.272452,0.316348,-0.873201,400.000534,0.000000
314764,0.252805,0.859598,-0.338925,0.251415,0.272450,0.316335,-0.873209,400.000534,-0.000343
314768,0.252820,0.859591,-0.338942,0.251465,0.272301,0.316357,-0.873233,400.000534,-0.000343
314772,0.252813,0.859593,-0.338958,0.251486,0.272460,0.316474,-0.873135,400.000534,-0.000343
314775,0.252810,0.859594,-0.338966,0.251469,0.272443,0.316394,-0.873174,400.000534,-0.000343
314778,0.252813,0.859596,-0.338968,0.251409,0.272418,0.316305,-0.873232,400.000534,0.000000
314782,0.252815,0.859595,-0.338965,0.251467,0.272383,0.316367,-0.873203,400.000534,-0.000343
314786,0.252829,0.859591,-0.338947,0.251489,0.272429,0.316443,-0.873155,400.000534,0.000000
314789,0.252850,0.859583,-0.338951,0.251473,0.272349,0.316406,-0.873198,400.000534,-0.000343
314793,0.252859,0.859578,-0.338943,0.251453,0.272466,0.316502,-0.873132,400.000534,-0.000343
314796,0.252856,0.859578,-0.338939,0.251430,0.272489,0.316496,-0.873134,400.000534,-0.000343
314800,0.252839,0.859570,-0.338948,0.251475,0.272342,0.316445,-0.873186,400.000534,0.000000
314803,0.252818,0.859585,-0.338944,0.251457,0.272351,0.316408,-0.873201,400.000534,0.000000
314807,0.252782,0.859597,-0.338951,0.251493,0.272431,0.316426,-0.873159,400.000534,0.000000
314810,0.252787,0.859605,-0.338955,0.251462,0.272444,0.316389,-0.873178,400.000534,-0.000343
314814,0.252792,0.859588,-0.338960,0.251497,0.272391,0.316409,-0.873177,400.000534,-0.000343
314818,0.252815,0.859596,-0.338946,0.251435,0.272392,0.316318,-0.873228,400.000534,0.000000
314821,0.252829,0.859582,-0.338933,0.251469,0.272375,0.316400,-0.873193,400.000534,-0.000343
314825,0.252839,0.859597,-0.338904,0.251370,0.272457,0.316349,-0.873214,400.000534,0.000000
314828,0.252839,0.859585,-0.338900,0.251428,0.272489,0.316474,-0.873143,400.000534,-0.000343
314832,0.252852,0.859584,-0.338919,0.251406,0.272321,0.316301,-0.873264,400.000534,-0.000343
314835,0.252859,0.859584,-0.338944,0.251457,0.272356,0.316405,-0.873201,400.000534,0.000000
314839,0.252841,0.859590,-0.338983,0.251460,0.272426,0.316318,-0.873210,400.000534,0.000000
314843,0.252827,0.859592,-0.339005,0.251477,0.272332,0.316386,-0.873209,400.000534,-0.000343
314846,0.252799,0.859600,-0.339001,0.251400,0.272382,0.316247,-0.873266,400.000534,0.000000
314850,0.252791,0.859597,-0.338988,0.251463,0.272438,0.316374,-0.873185,400.000534,0.000000
314853,0.252787,0.859598,-0.338972,0.251455,0.272337,0.316270,-0.873256,400.000534,-0.000343
314857,0.252793,0.859595,-0.338944,0.251459,0.272486,0.316415,-0.873156,400.000534,0.000000
314860,0.252802,0.859599,-0.338923,0.251435,0.272464,0.316318,-0.873205,400.000534,0.000000
314864,0.252832,0.859583,-0.338904,0.251450,0.272327,0.316438,-0.873200,400.000534,0.000000
314867,0.252831,0.859587,-0.338892,0.251417,0.272323,0.316330,-0.873250,400.000534,0.000000
314871,0.252826,0.859584,-0.338892,0.251440,0.272451,0.316465,-0.873154,400.000534,0.000000
314874,0.252827,0.859591,-0.338914,0.251422,0.272420,0.316339,-0.873215,400.000534,-0.000343
314878,0.252832,0.859586,-0.338939,0.251473,0.272428,0.316458,-0.873154,400.000534,0.000000
314881,0.252821,0.859591,-0.338959,0.251457,0.272447,0.316283,-0.873217,400.000534,-0.000343
314885,0.252824,0.859587,-0.338974,0.251500,0.272369,0.316422,-0.873178,400.000534,0.000000
314888,0.252810,0.859584,-0.338971,0.251454,0.272357,0.316305,-0.873237,400.000534,0.000000
314892,0.252798,0.859587,-0.338960,0.251472,0.272498,0.316457,-0.873133,400.000534,0.000000
314896,0.252799,0.859588,-0.338946,0.251417,0.272368,0.316317,-0.873241,400.000534,0.000000
314899,0.252800,0.859578,-0.338944,0.251484,0.272384,0.316448,-0.873169,400.000534,0.000000
314903,0.252798,0.859592,-0.338941,0.251473,0.272447,0.316381,-0.873176,400.000534,0.000000
314906,0.252796,0.859582,-0.338938,0.251516,0.272412,0.316445,-0.873152,400.000534,0.000000
314910,0.252789,0.859588,-0.338941,0.251435,0.272397,0.316362,-0.873210,400.000534,0.000000
314914,0.252797,0.859595,-0.338935,0.251368,0.272436,0.316296,-0.873241,400.000191,0.000000
314917,0.252795,0.859584,-0.338944,0.251442,0.272386,0.316339,-0.873220,400.000534,0.000000
314920,0.252810,0.859583,-0.338946,0.251480,0.272371,0.316436,-0.873178,400.000534,0.000000
314924,0.252797,0.859600,-0.338938,0.251465,0.272486,0.316339,-0.873182,400.000534,0.000000
314928,0.252796,0.859594,-0.338917,0.251394,0.272354,0.316295,-0.873259,400.000534,-0.000343
314931,0.252784,0.859594,-0.338912,0.251404,0.272381,0.316308,-0.873243,400.000534,0.000000
314935,0.252775,0.859597,-0.338889,0.251354,0.272471,0.316315,-0.873227,400.000534,0.000000
314938,0.252770,0.859593,-0.338891,0.251375,0.272401,0.316303,-0.873248,400.000191,0.000000
314942,0.252766,0.859595,-0.338904,0.251397,0.272419,0.316295,-0.873238,400.000534,0.000000
314945,0.252761,0.859602,-0.338908,0.251351,0.272487,0.316285,-0.873234,400.000191,0.000000
314949,0.252772,0.859596,-0.338929,0.251432,0.272321,0.316303,-0.873256,400.000534,0.000000
314952,0.252772,0.859599,-0.338938,0.251400,0.272360,0.316218,-0.873284,400.000534,0.000000
314956,0.252782,0.859598,-0.338940,0.251408,0.272458,0.316337,-0.873208,400.000191,0.000000
314959,0.252794,0.859594,-0.338954,0.251424,0.272429,0.316303,-0.873224,400.000534,0.000000
314963,0.252809,0.859586,-0.338949,0.251446,0.272334,0.316369,-0.873224,400.000191,0.000000
314967,0.252805,0.859586,-0.338940,0.251445,0.272487,0.316480,-0.873136,400.000191,0.000343
314970,0.252800,0.859585,-0.338939,0.251446,0.272403,0.316414,-0.873186,400.000191,0.000343
314974,0.252786,0.859583,-0.338938,0.251503,0.272402,0.316429,-0.873164,400.000191,0.000000
314977,0.252768,0.859596,-0.338938,0.251398,0.272487,0.316362,-0.873192,400.000534,0.000000
314981,0.252759,0.859587,-0.338947,0.251461,0.272378,0.316433,-0.873183,400.000191,0.000000
314984,0.252746,0.859591,-0.338950,0.251423,0.272333,0.316352,-0.873237,400.000191,0.000000
314988,0.252739,0.859600,-0.338941,0.251411,0.272505,0.316419,-0.873162,400.000191,0.000343
314991,0.252747,0.859598,-0.338933,0.251432,0.272432,0.316382,-0.873193,400.000191,0.000343
314995,0.252766,0.859588,-0.338926,0.251430,0.272400,0.316365,-0.873209,400.000191,0.000000
314999,0.252783,0.859599,-0.338905,0.251374,0.272436,0.316296,-0.873239,399.999504,0.000343
315002,0.252802,0.859582,-0.338908,0.251426,0.272419,0.316455,-0.873172,399.998474,0.000343
315006,0.252801,0.859591,-0.338904,0.251361,0.272402,0.316305,-0.873250,399.991264,0.000000
315009,0.252796,0.859584,-0.338917,0.251430,0.272482,0.316426,-0.873162,399.974442,0.000343
315013,0.252785,0.859597,-0.338932,0.251378,0.272389,0.316258,-0.873266,399.944916,0.000343
315017,0.252758,0.859598,-0.338940,0.251415,0.272466,0.316331,-0.873205,399.896507,0.000000
315020,0.252739,0.859602,-0.338948,0.251395,0.272470,0.316249,-0.873240,399.855309,0.000343
315023,0.252732,0.859603,-0.338950,0.251413,0.272457,0.316348,-0.873203,399.813423,0.000343
315027,0.252728,0.859601,-0.338949,0.251369,0.272385,0.316260,-0.873269,399.768448,0.000343
315031,0.252732,0.859599,-0.338940,0.251402,0.272465,0.316413,-0.873180,399.722443,0.000343
315034,0.252744,0.859600,-0.338927,0.251358,0.272378,0.316287,-0.873265,399.681244,0.000343
315038,0.252762,0.859588,-0.338922,0.251473,0.272449,0.316398,-0.873169,399.624939,0.000343
315041,0.252763,0.859606,-0.338916,0.251403,0.272451,0.316262,-0.873238,399.562798,0.000343
315045,0.252782,0.859587,-0.338923,0.251494,0.272380,0.316388,-0.873189,399.488297,0.000343
315048,0.252786,0.859596,-0.338922,0.251370,0.272338,0.316303,-0.873268,399.405899,0.000343
315052,0.252780,0.859595,-0.338925,0.251434,0.272501,0.316449,-0.873146,399.303932,0.000343
315056,0.252774,0.859597,-0.338918,0.251371,0.272420,0.316317,-0.873237,399.185486,0.000343
315059,0.252755,0.859600,-0.338921,0.251415,0.272432,0.316383,-0.873197,399.066353,0.000343
315062,0.252743,0.859613,-0.338915,0.251362,0.272459,0.316254,-0.873251,398.953056,0.000687
315066,0.252731,0.859612,-0.338905,0.251385,0.272457,0.316355,-0.873208,398.815727,0.000343
315070,0.252710,0.859621,-0.338902,0.251361,0.272474,0.316252,-0.873247,398.681488,0.000343
315073,0.252705,0.859629,-0.338896,0.251354,0.272552,0.316330,-0.873197,398.555489,0.000343
315077,0.252704,0.859638,-0.338899,0.251301,0.272464,0.316196,-0.873288,398.380737,0.000343
315080,0.252692,0.859638,-0.338897,0.251316,0.272459,0.316256,-0.873263,398.207359,0.000343
315084,0.252675,0.859661,-0.338886,0.251293,0.272591,0.316154,-0.873266,398.016129,0.000343
315087,0.252659,0.859661,-0.338874,0.251298,0.272587,0.316223,-0.873240,397.806358,0.000000
315091,0.252648,0.859679,-0.338858,0.251244,0.272516,0.316039,-0.873344,397.607918,0.000343
315094,0.252632,0.859683,-0.338845,0.251234,0.272608,0.316124,-0.873288,397.357635,0.000343
315098,0.252609,0.859695,-0.338829,0.251155,0.272552,0.316001,-0.873373,397.140656,0.000343
315102,0.252575,0.859711,-0.338817,0.251154,0.272599,0.315976,-0.873368,396.865654,0.000343
315105,0.252549,0.859734,-0.338810,0.251115,0.272664,0.315927,-0.873376,396.636314,0.000343
315109,0.252519,0.859742,-0.338810,0.251124,0.272545,0.315864,-0.873433,396.333160,0.000343
315112,0.252492,0.859765,-0.338806,0.251089,0.272576,0.315726,-0.873484,396.036186,0.000343
315116,0.252461,0.859793,-0.338795,0.251051,0.272709,0.315801,-0.873426,395.716896,0.000343
315119,0.252580,0.860014,-0.338798,0.250674,0.272885,0.316365,-0.873275,395.415459,0.000343
315123,0.252725,0.860182,-0.338733,0.250258,0.273004,0.316898,-0.873164,395.028191,0.000343
315126,0.252438,0.859817,-0.338761,0.250994,0.272724,0.315633,-0.873498,394.701347,0.000343
315130,0.252453,0.859816,-0.338751,0.250993,0.272676,0.315689,-0.873494,394.275627,0.000343
315133,0.252589,0.860005,-0.338752,0.250634,0.272858,0.316205,-0.873353,393.884239,0.000343
315137,0.252456,0.859823,-0.338743,0.250986,0.272786,0.315710,-0.873454,393.504524,0.000343
315141,0.252445,0.859827,-0.338752,0.250958,0.272729,0.315755,-0.873463,393.043785,0.000343
315144,0.252404,0.859853,-0.338746,0.250883,0.272699,0.315640,-0.873536,392.651024,0.000343
315148,0.252634,0.860272,-0.338696,0.250180,0.273234,0.316778,-0.873158,392.132607,0.000343
315151,0.252304,0.859925,-0.338733,0.250831,0.272878,0.315467,-0.873557,391.642685,0.000343
315155,0.252253,0.859961,-0.338717,0.250817,0.272908,0.315325,-0.873603,391.175766,0.000343
315159,0.252209,0.860014,-0.338685,0.250693,0.272946,0.315109,-0.873705,390.579414,0.000343
315162,0.252170,0.860040,-0.338661,0.250650,0.272946,0.315110,-0.873717,390.073013,0.000343
315165,0.252430,0.860466,-0.338571,0.249748,0.273316,0.316185,-0.873471,389.436836,0.000343
315169,0.252352,0.860522,-0.338533,0.249645,0.273520,0.315989,-0.873507,388.900566,0.000343
315173,0.252158,0.860428,-0.338555,0.249862,0.273329,0.315247,-0.873773,388.280525,0.000343
315176,0.252247,0.860635,-0.338493,0.249458,0.273495,0.315619,-0.873703,387.587357,0.000343
315180,0.251865,0.860327,-0.338532,0.250100,0.273288,0.314207,-0.874092,386.937103,0.000343
315183,0.251813,0.860374,-0.338527,0.250057,0.273315,0.314077,-0.874143,386.321182,0.000343
315187,0.251759,0.860430,-0.338521,0.249948,0.273289,0.313895,-0.874248,385.621490,0.000343
315190,0.251695,0.860482,-0.338506,0.249891,0.273410,0.313720,-0.874289,384.795113,0.000343
315194,0.251609,0.860577,-0.338481,0.249703,0.273510,0.313426,-0.874417,384.091301,0.000343
315197,0.251555,0.860645,-0.338457,0.249608,0.273540,0.313223,-0.874507,383.216858,0.000343
315201,0.251447,0.860761,-0.338421,0.249388,0.273814,0.312897,-0.874601,382.401810,0.000343
315204,0.251371,0.860851,-0.338409,0.249242,0.273938,0.312581,-0.874717,381.688385,0.000343
315208,0.251274,0.860956,-0.338386,0.249076,0.273926,0.312199,-0.874904,380.748024,0.000343
315212,0.251143,0.861083,-0.338370,0.248846,0.274187,0.311859,-0.875009,379.866714,0.000000
315215,0.251061,0.861190,-0.338361,0.248623,0.274282,0.311466,-0.875183,379.048920,0.000343
315219,0.250933,0.861327,-0.338346,0.248369,0.274349,0.311021,-0.875392,378.103065,0.000343
315222,0.250824,0.861466,-0.338331,0.248054,0.274543,0.310568,-0.875582,377.127686,0.000343
315226,0.250654,0.861630,-0.338301,0.247638,0.274707,0.309986,-0.875854,376.126900,0.000343
315230,0.250478,0.861833,-0.338275,0.247263,0.274775,0.309184,-0.876222,375.012131,0.000343
315233,0.250319,0.862003,-0.338263,0.246944,0.274734,0.308571,-0.876541,374.112625,0.000343
315237,0.250108,0.862272,-0.338260,0.246491,0.274735,0.307449,-0.877062,372.950821,0.000343
315240,0.249941,0.862510,-0.338234,0.246098,0.274730,0.306738,-0.877423,371.856995,0.000343
315244,0.249681,0.862819,-0.338210,0.245560,0.274909,0.305616,-0.877909,370.736046,0.000343
315247,0.249509,0.863031,-0.338197,0.245145,0.274986,0.304884,-0.878256,369.619560,0.000687
315251,0.249262,0.863310,-0.338194,0.244662,0.274902,0.303708,-0.878824,368.591995,0.000343
315254,0.249047,0.863548,-0.338174,0.244172,0.274926,0.302873,-0.879240,367.307625,0.000343
315258,0.249128,0.864374,-0.338034,0.242504,0.275469,0.303079,-0.879461,366.109085,0.000343
315261,0.248536,0.864148,-0.338069,0.243040,0.275177,0.300769,-0.880197,365.005302,0.000343
315265,0.248251,0.864523,-0.338028,0.242657,0.275632,0.299450,-0.880610,363.651237,0.000343
315268,0.248011,0.864815,-0.337977,0.242151,0.275825,0.298448,-0.881029,362.534409,0.000343
315272,0.247666,0.865209,-0.337926,0.241391,0.275895,0.296996,-0.881706,361.129875,0.000343
315275,0.247363,0.865515,-0.337858,0.240794,0.276105,0.295890,-0.882176,359.831429,0.000343
315279,0.246981,0.865927,-0.337793,0.239951,0.276436,0.294444,-0.882785,358.663101,0.000343
315283,0.246621,0.866319,-0.337710,0.239105,0.276740,0.292967,-0.883411,357.202950,0.000343
315286,0.246321,0.866633,-0.337658,0.238547,0.276899,0.291796,-0.883899,355.848198,0.000343
315290,0.245966,0.866999,-0.337595,0.237858,0.277037,0.290481,-0.884475,354.613609,0.000343
315293,0.245694,0.867288,-0.337537,0.237253,0.277235,0.289416,-0.884924,353.232422,0.000343
315297,0.245551,0.867965,-0.337218,0.235900,0.277607,0.288358,-0.885514,351.834755,0.000343
315300,0.245255,0.868323,-0.337131,0.235124,0.277761,0.287131,-0.886071,350.271263,0.000343
315304,0.244803,0.868821,-0.337001,0.234039,0.277916,0.285458,-0.886849,348.968697,0.000343
315307,0.244084,0.868848,-0.337350,0.235101,0.277807,0.281985,-0.887714,347.520905,0.000343
315311,0.243667,0.869266,-0.337257,0.234237,0.278195,0.280492,-0.888293,345.923424,0.000343
315314,0.243347,0.869587,-0.337190,0.233582,0.278329,0.279199,-0.888831,344.599228,0.000343
315318,0.243401,0.870440,-0.336868,0.232524,0.282328,0.274431,-0.889332,342.957802,0.000343
315322,0.242442,0.870491,-0.337070,0.232112,0.278905,0.275496,-0.890190,341.600304,0.000343
315325,0.242117,0.870799,-0.337001,0.231522,0.279027,0.274270,-0.890684,340.072517,0.000343
315329,0.241637,0.871264,-0.336898,0.230596,0.279287,0.272456,-0.891399,338.384399,0.000000
315332,0.241215,0.871668,-0.336797,0.229864,0.279561,0.270735,-0.892026,336.838760,0.000343
315336,0.240717,0.872139,-0.336698,0.229062,0.279639,0.268731,-0.892814,335.273209,0.000343
315339,0.240353,0.872446,-0.336638,0.228238,0.280232,0.267709,-0.893146,333.874855,0.000343
315343,0.240495,0.874029,-0.335734,0.223008,0.281224,0.270117,-0.893430,332.110176,0.000343
315346,0.239405,0.873360,-0.336470,0.226784,0.280675,0.263999,-0.894481,330.507202,0.000343
315350,0.238965,0.873807,-0.336382,0.226122,0.280662,0.262170,-0.895190,329.064217,0.000343
315354,0.238343,0.874390,-0.336266,0.225250,0.280695,0.259745,-0.896106,327.284775,0.000343
315357,0.237935,0.874676,-0.336242,0.224291,0.281627,0.258713,-0.896352,325.669785,0.000343
315361,0.237451,0.875091,-0.336104,0.223363,0.281956,0.256957,-0.896986,324.200020,0.000343
315364,0.237030,0.875471,-0.336038,0.222830,0.281929,0.255511,-0.897540,322.379379,0.000343
315368,0.236563,0.875971,-0.335952,0.222494,0.281535,0.253329,-0.898364,320.883179,0.000343
315371,0.236449,0.876474,-0.335631,0.221758,0.284779,0.248453,-0.898886,319.234200,0.000343
315375,0.235452,0.876824,-0.335766,0.220101,0.282923,0.250093,-0.899424,317.392616,0.000343
315378,0.235185,0.877504,-0.335300,0.215564,0.284609,0.250004,-0.900016,315.712395,0.000343
315382,0.234597,0.878010,-0.335161,0.214392,0.284937,0.247926,-0.900766,314.189758,0.000343
315386,0.234282,0.878658,-0.334908,0.214078,0.286655,0.243088,-0.901614,312.318993,0.000343
315389,0.233665,0.878975,-0.334957,0.213462,0.284250,0.243785,-0.902333,310.795670,0.000343
315393,0.233064,0.879377,-0.334739,0.211327,0.287763,0.240932,-0.902488,309.087296,0.000343
315396,0.232615,0.879804,-0.334619,0.210438,0.288137,0.238941,-0.903106,307.216530,0.000000
315400,0.231969,0.880236,-0.334589,0.210907,0.285959,0.238036,-0.903927,305.477257,0.000343
315403,0.231610,0.880589,-0.334455,0.210145,0.286240,0.236410,-0.904442,303.755150,0.000343
315407,0.230900,0.881023,-0.334336,0.207558,0.288625,0.234699,-0.904728,302.206421,0.000343
315410,0.230465,0.881370,-0.334272,0.206789,0.288951,0.232724,-0.905309,300.470581,0.000343
315414,0.230193,0.882002,-0.333990,0.204603,0.291564,0.228624,-0.906013,298.569946,0.000343
315417,0.229656,0.882374,-0.333976,0.204937,0.289841,0.227607,-0.906746,296.831017,0.000343
315421,0.228695,0.882702,-0.333954,0.203655,0.289863,0.227190,-0.907132,295.084877,0.000343
315425,0.228168,0.883122,-0.333792,0.202535,0.290312,0.225186,-0.907739,293.344917,0.000343
315428,0.227668,0.883537,-0.333685,0.201650,0.290684,0.223190,-0.908310,291.777992,0.000000
315432,0.227085,0.884124,-0.333567,0.201090,0.290375,0.220267,-0.909246,289.845428,0.000343
315435,0.226759,0.884469,-0.333411,0.200118,0.291017,0.218550,-0.909669,288.273697,0.000343
315439,0.225847,0.884737,-0.333372,0.198854,0.291181,0.218333,-0.909946,286.529961,0.000343
315442,0.225467,0.885181,-0.333262,0.197538,0.292120,0.215793,-0.910537,284.786568,0.000343
315446,0.224929,0.885636,-0.333124,0.196465,0.292524,0.213736,-0.911125,282.859840,0.000343
315449,0.224509,0.886029,-0.333064,0.196262,0.292170,0.211781,-0.911738,281.279526,0.000343
315453,0.223761,0.886442,-0.332949,0.193932,0.293840,0.209597,-0.912205,279.348679,0.000343
315457,0.223275,0.886867,-0.332769,0.192714,0.294680,0.207494,-0.912673,277.602882,0.000343
315460,0.222778,0.887237,-0.332674,0.191867,0.294834,0.205772,-0.913191,276.023941,0.000343
315464,0.221969,0.887704,-0.332581,0.192103,0.293237,0.204026,-0.914047,274.098244,0.000343
315467,0.221498,0.887971,-0.332478,0.190593,0.294354,0.202694,-0.914300,272.512779,0.000343
315471,0.220913,0.888443,-0.332310,0.188670,0.295560,0.200160,-0.914868,270.592232,0.000343
315474,0.220453,0.888862,-0.332228,0.187993,0.295653,0.198046,-0.915438,269.035263,0.000343
315478,0.219804,0.889293,-0.332105,0.186889,0.296024,0.195751,-0.916037,267.116432,0.000000
315482,0.219045,0.889758,-0.331992,0.185250,0.296782,0.193755,-0.916549,265.537491,0.000343
315485,0.218555,0.890099,-0.331900,0.184469,0.296897,0.192063,-0.917025,263.788948,0.000000
315489,0.217893,0.890605,-0.331728,0.183521,0.296814,0.190513,-0.917565,261.860504,0.000343
315492,0.217300,0.890902,-0.331684,0.182481,0.297234,0.188177,-0.918119,260.095482,0.000343
315496,0.216698,0.891300,-0.331547,0.181326,0.297420,0.186326,-0.918665,258.506241,0.000000
315499,0.216154,0.891629,-0.331424,0.179797,0.298281,0.184973,-0.918960,256.593590,0.000000
315503,0.215400,0.892107,-0.331320,0.178747,0.298528,0.182173,-0.919643,255.014305,0.000000
315506,0.214884,0.892417,-0.331220,0.177794,0.298768,0.180477,-0.920084,253.096161,0.000000
315510,0.214139,0.892816,-0.331096,0.176830,0.298917,0.178477,-0.920612,251.352425,0.000000
315513,0.213611,0.893186,-0.330985,0.175447,0.299639,0.176465,-0.921029,249.777603,0.000000
315517,0.213104,0.893635,-0.330832,0.174132,0.299788,0.174931,-0.921523,248.034210,0.000000
315521,0.212220,0.894009,-0.330718,0.172892,0.300312,0.172057,-0.922127,246.284294,0.000343
315524,0.211659,0.894362,-0.330644,0.172109,0.300441,0.170109,-0.922593,244.346581,0.000000
315528,0.210966,0.894776,-0.330470,0.170660,0.300799,0.167792,-0.923169,242.762146,0.000000
315531,0.210504,0.895166,-0.330314,0.169630,0.301156,0.166306,-0.923511,240.835762,0.000000
315535,0.209738,0.895473,-0.330250,0.168470,0.301582,0.163903,-0.924014,239.100952,0.000000
315538,0.209310,0.895709,-0.330141,0.167613,0.301822,0.162696,-0.924305,237.518578,0.000000
315542,0.208631,0.896230,-0.329993,0.166181,0.302086,0.160305,-0.924895,235.592880,0.000000
315545,0.207864,0.896401,-0.330129,0.166992,0.301763,0.156373,-0.925527,234.017715,0.000343
315549,0.207331,0.896843,-0.329768,0.164082,0.302663,0.156308,-0.925764,232.260933,0.000000
315553,0.206605,0.897327,-0.329857,0.164200,0.302815,0.152638,-0.926306,230.342445,0.000343
315556,0.206116,0.897756,-0.329428,0.163340,0.302002,0.150826,-0.927020,228.607979,0.000000
315560,0.205554,0.898016,-0.329315,0.162564,0.302009,0.149123,-0.927430,227.034874,0.000000
315563,0.205038,0.898271,-0.329477,0.160733,0.303564,0.147656,-0.927476,225.104713,0.000000
315567,0.204182,0.898461,-0.329309,0.159739,0.303837,0.144596,-0.928040,223.542938,0.000000
315570,0.203935,0.899114,-0.328936,0.159281,0.302901,0.144336,-0.928465,221.610718,0.000000
315574,0.203204,0.899477,-0.328760,0.157782,0.303345,0.142030,-0.928932,219.844322,0.000000
315577,0.202448,0.899350,-0.328928,0.156553,0.304647,0.139092,-0.929158,218.264694,0.000343
315581,0.201789,0.899701,-0.328801,0.155154,0.305132,0.136913,-0.929557,216.521988,0.000000
315584,0.201415,0.900190,-0.328735,0.154095,0.305450,0.136256,-0.929726,214.587364,0.000000
315588,0.200566,0.900329,-0.328591,0.152992,0.305581,0.133185,-0.930309,213.021126,0.000000
315591,0.199998,0.900599,-0.328461,0.152044,0.305816,0.131525,-0.930624,211.279449,0.000000
315595,0.199231,0.900944,-0.328306,0.150780,0.306104,0.129207,-0.931059,209.355812,0.000000
315599,0.198684,0.901253,-0.328138,0.149616,0.306517,0.127167,-0.931392,207.600746,0.000000
315602,0.198106,0.901488,-0.328049,0.148631,0.306832,0.125761,-0.931637,206.041031,0.000000
315606,0.197366,0.901858,-0.327938,0.147336,0.307100,0.123159,-0.932102,204.109497,0.000000
315609,0.196897,0.902081,-0.327812,0.146433,0.307391,0.121817,-0.932324,202.354088,0.000000
315613,0.196100,0.902415,-0.327655,0.145189,0.307610,0.119470,-0.932750,200.601082,0.000000
315616,0.195541,0.902662,-0.327561,0.144341,0.307756,0.117911,-0.933032,199.038963,0.000000
315620,0.194897,0.902958,-0.327406,0.143088,0.308136,0.115882,-0.933354,197.101593,0.000000
315623,0.194273,0.903240,-0.327305,0.141970,0.308567,0.113952,-0.933620,195.352364,0.000000
315627,0.193537,0.903576,-0.327217,0.140683,0.308771,0.111648,-0.934026,193.783035,0.000000
315631,0.192836,0.903879,-0.327032,0.139346,0.309190,0.109558,-0.934335,191.843948,0.000000
315634,0.192202,0.904142,-0.326931,0.138510,0.309303,0.107566,-0.934653,190.265694,0.000000
315638,0.191436,0.904455,-0.326746,0.137165,0.309547,0.105468,-0.935010,188.353043,0.000000
315641,0.190927,0.904851,-0.326609,0.135851,0.310057,0.104350,-0.935158,186.605186,0.000000
315645,0.190118,0.905195,-0.326489,0.134455,0.310418,0.101972,-0.935502,185.026932,0.000000
315648,0.189581,0.905413,-0.326388,0.133382,0.310624,0.100089,-0.935791,183.108101,0.000000
315652,0.188792,0.905750,-0.326236,0.132122,0.311077,0.097663,-0.936075,181.367798,0.000000
315655,0.188154,0.905995,-0.326136,0.131199,0.311262,0.095808,-0.936335,179.602432,0.000000
315659,0.187501,0.906232,-0.326001,0.130049,0.311232,0.093984,-0.936690,178.025894,0.000000
315663,0.186629,0.906564,-0.325848,0.128456,0.311693,0.091527,-0.937000,176.102257,0.000000
315666,0.185931,0.906760,-0.325765,0.127452,0.311934,0.089341,-0.937268,174.522285,0.000000
315670,0.185249,0.906949,-0.325562,0.126218,0.312098,0.086928,-0.937607,172.771683,0.000343
315673,0.184566,0.907158,-0.325435,0.125243,0.312302,0.084477,-0.937894,170.847015,0.000000
315677,0.183769,0.907474,-0.325279,0.123861,0.312571,0.082468,-0.938167,169.095039,0.000000
315680,0.183285,0.907610,-0.325179,0.123126,0.312654,0.080821,-0.938379,167.525024,0.000000
315684,0.182460,0.907882,-0.325046,0.121640,0.312950,0.078325,-0.938686,165.609970,0.000000
315687,0.181870,0.908248,-0.324973,0.120467,0.313521,0.076871,-0.938767,163.866234,0.000000
315691,0.181181,0.908494,-0.324801,0.119172,0.313639,0.074636,-0.939073,162.279053,-0.000343
315695,0.180356,0.908792,-0.324651,0.117914,0.313938,0.072278,-0.939317,160.344429,0.000343
315698,0.179740,0.908971,-0.324530,0.116860,0.314039,0.070561,-0.939545,158.770294,0.000000
315702,0.179037,0.909199,-0.324365,0.115590,0.314189,0.068620,-0.939795,156.848373,-0.000343
315705,0.178398,0.909427,-0.324237,0.114436,0.314613,0.066454,-0.939950,155.097427,-0.000343
315709,0.177542,0.909689,-0.324071,0.112914,0.315008,0.063990,-0.940173,153.523293,0.000000
315712,0.176991,0.909852,-0.323975,0.112038,0.315076,0.062272,-0.940371,151.602058,0.000000
315716,0.176089,0.909955,-0.323808,0.110917,0.315107,0.059340,-0.940683,150.022774,0.000000
315719,0.175551,0.910109,-0.323715,0.110022,0.315150,0.057812,-0.940869,148.104973,0.000000
315723,0.174862,0.910326,-0.323586,0.108861,0.315433,0.055715,-0.941035,146.356087,-0.000343
315726,0.174274,0.910651,-0.323476,0.107308,0.316134,0.054452,-0.941052,144.599991,0.000000
315730,0.173453,0.910866,-0.323347,0.106147,0.316220,0.051988,-0.941294,143.024483,-0.000343
315733,0.172913,0.911026,-0.323198,0.105118,0.316148,0.050638,-0.941508,141.272850,0.000000
315737,0.172040,0.911254,-0.323039,0.103900,0.316492,0.047893,-0.941671,139.512291,-0.000343
315741,0.171383,0.911434,-0.322848,0.102712,0.316697,0.046021,-0.941825,137.774048,-0.000343
315744,0.170809,0.911585,-0.322726,0.101581,0.317035,0.044230,-0.941920,135.855560,-0.000343
315748,0.169922,0.911831,-0.322600,0.100124,0.317339,0.041673,-0.942090,134.109421,0.000000
315751,0.169268,0.911830,-0.322469,0.099292,0.317298,0.039486,-0.942286,132.523956,0.000000
315755,0.168446,0.912053,-0.322346,0.097978,0.317426,0.036933,-0.942484,130.599632,-0.000343
315758,0.167836,0.912206,-0.322212,0.096860,0.317697,0.035016,-0.942582,129.032021,-0.000343
315762,0.167164,0.912465,-0.322078,0.095557,0.318101,0.033314,-0.942640,127.103920,0.000000
315766,0.166256,0.912772,-0.321787,0.094353,0.317680,0.031026,-0.942982,125.347137,-0.000343
315769,0.165664,0.912916,-0.321669,0.093417,0.317901,0.029401,-0.943052,123.589668,0.000000
315772,0.165124,0.912953,-0.321677,0.092191,0.318691,0.028012,-0.942949,122.022400,-0.000343
315776,0.164269,0.913134,-0.321496,0.090696,0.318984,0.025167,-0.943075,120.101509,0.000000
315780,0.163564,0.913382,-0.321222,0.089901,0.318560,0.023128,-0.943346,118.356400,0.000000
315783,0.163073,0.913480,-0.321106,0.088948,0.318643,0.021867,-0.943439,116.791534,-0.000343
315787,0.162137,0.913630,-0.320966,0.087563,0.318761,0.019033,-0.943590,115.032349,-0.000343
315790,0.161373,0.913737,-0.320829,0.086496,0.319144,0.016675,-0.943603,113.100471,0.000000
315794,0.160584,0.913878,-0.320677,0.085042,0.319459,0.014397,-0.943667,111.348152,-0.000343
315797,0.159956,0.914064,-0.320572,0.083912,0.319661,0.012866,-0.943721,109.603043,-0.000343
315801,0.159080,0.914221,-0.320414,0.082578,0.319973,0.010554,-0.943762,108.015518,-0.000343
315805,0.158379,0.914376,-0.320280,0.081412,0.320105,0.008862,-0.943836,106.104927,-0.000343
315808,0.157750,0.914486,-0.320176,0.080329,0.320284,0.006633,-0.943887,104.543839,-0.000343
315812,0.156904,0.914626,-0.320053,0.078914,0.320748,0.004184,-0.943862,102.801819,0.000000
315815,0.156255,0.914724,-0.319937,0.077801,0.320943,0.002370,-0.943895,100.889854,-0.000343
315819,0.155384,0.914757,-0.319726,0.076542,0.320902,-0.000252,-0.944014,99.164658,-0.000343
315822,0.154796,0.914848,-0.319592,0.075616,0.321039,-0.002120,-0.944040,97.601509,-0.000343
315826,0.153995,0.915045,-0.319455,0.074064,0.321395,-0.003871,-0.944036,95.694008,-0.000343
315829,0.153364,0.915142,-0.319336,0.072945,0.321609,-0.005937,-0.944040,93.972588,-0.000343
315833,0.152438,0.915279,-0.319161,0.071385,0.321860,-0.008456,-0.944055,92.414932,-0.000343
315837,0.151588,0.915383,-0.318989,0.069999,0.322198,-0.010964,-0.944017,90.529060,-0.000343
315840,0.151052,0.915470,-0.318865,0.069074,0.322276,-0.012445,-0.944040,89.006767,-0.000343
315844,0.150210,0.915475,-0.318728,0.067994,0.322157,-0.015074,-0.944121,87.148705,-0.000343
315847,0.149568,0.915542,-0.318620,0.066955,0.322339,-0.016685,-0.944106,85.451317,-0.000343
315851,0.148816,0.915707,-0.318556,0.065687,0.322719,-0.018723,-0.944027,83.775902,0.000000
315854,0.148257,0.915778,-0.318449,0.064640,0.322906,-0.020283,-0.944003,82.271118,-0.000343
315858,0.147369,0.915883,-0.318314,0.063094,0.323157,-0.022842,-0.943963,80.412369,-0.000343
315861,0.146775,0.915948,-0.318191,0.062243,0.323268,-0.024444,-0.943942,78.744507,-0.000343
315865,0.146088,0.915998,-0.318002,0.061004,0.323375,-0.026437,-0.943932,77.089005,-0.000343
315868,0.145554,0.916077,-0.317894,0.060093,0.323509,-0.027930,-0.943902,75.610313,-0.000343
315872,0.144734,0.916045,-0.317711,0.058973,0.323352,-0.030628,-0.943943,73.817825,-0.000343
315876,0.143923,0.916154,-0.317580,0.057426,0.323867,-0.032577,-0.943796,72.354927,0.000000
315879,0.143334,0.916212,-0.317458,0.056414,0.324006,-0.034024,-0.943758,70.578575,-0.000343
315883,0.142607,0.916272,-0.317293,0.055211,0.324142,-0.036133,-0.943705,69.146576,-0.000343
315886,0.142091,0.916332,-0.317228,0.054389,0.324219,-0.037714,-0.943664,67.558365,-0.000343
315890,0.141362,0.916372,-0.317112,0.053112,0.324362,-0.039682,-0.943607,65.822525,0.000000
315893,0.140863,0.916414,-0.317076,0.052361,0.324429,-0.041062,-0.943567,64.395332,-0.000343
315897,0.140169,0.916458,-0.316942,0.051190,0.324600,-0.042779,-0.943496,62.669106,-0.000343
315900,0.139528,0.916444,-0.316799,0.050186,0.324695,-0.044779,-0.943424,61.280708,-0.000343
315904,0.138789,0.916491,-0.316638,0.048981,0.324871,-0.046822,-0.943328,59.594994,-0.000343
315908,0.138151,0.916509,-0.316438,0.047809,0.325068,-0.048513,-0.943235,58.089867,0.000000
315911,0.137661,0.916558,-0.316344,0.047006,0.325166,-0.049944,-0.943166,56.577873,0.000000
315914,0.137212,0.916577,-0.316232,0.046161,0.325230,-0.051421,-0.943107,55.082359,0.000000
315918,0.136591,0.916607,-0.316101,0.045041,0.325426,-0.053074,-0.943002,53.614655,-0.000343
315922,0.135811,0.916630,-0.315980,0.043833,0.325538,-0.055204,-0.942898,52.304878,-0.000343
315925,0.135272,0.916602,-0.315865,0.043121,0.325543,-0.056899,-0.942828,50.711517,-0.000343
315929,0.134624,0.916613,-0.315767,0.042046,0.325764,-0.058629,-0.942694,49.415474,-0.000343
315932,0.134108,0.916632,-0.315691,0.041158,0.325887,-0.060005,-0.942604,47.862282,-0.000343
315936,0.133476,0.916657,-0.315626,0.040169,0.325907,-0.061671,-0.942533,46.469078,-0.000343
315939,0.133024,0.916674,-0.315544,0.039311,0.326125,-0.062794,-0.942419,45.226936,-0.000343
315943,0.132326,0.916688,-0.315419,0.038233,0.326237,-0.064874,-0.942284,43.740692,-0.000343
315947,0.131708,0.916701,-0.315276,0.037013,0.326377,-0.066562,-0.942166,42.520523,-0.000343
315950,0.131219,0.916645,-0.315170,0.036499,0.326194,-0.068118,-0.942139,41.071701,-0.000343
315953,0.130788,0.916695,-0.315099,0.035657,0.326478,-0.069076,-0.942003,39.892044,-0.000343
315957,0.130138,0.916645,-0.314935,0.034571,0.326453,-0.071124,-0.941900,38.468971,-0.000343
315961,0.129582,0.916654,-0.314811,0.033636,0.326722,-0.072718,-0.941718,37.327766,-0.000343
315964,0.129164,0.916645,-0.314697,0.032840,0.326758,-0.073783,-0.941651,36.072578,-0.000343
315968,0.128564,0.916661,-0.314589,0.031943,0.326820,-0.075432,-0.941530,34.712677,0.000000
315972,0.127963,0.916654,-0.314487,0.030938,0.327067,-0.077098,-0.941343,33.626060,-0.000343
315975,0.127486,0.916647,-0.314423,0.030176,0.327158,-0.078568,-0.941214,32.328300,-0.000343
315978,0.127044,0.916655,-0.314383,0.029585,0.327109,-0.079790,-0.941147,31.160316,-0.000343
315982,0.126518,0.916632,-0.314286,0.028687,0.327117,-0.081182,-0.941053,30.132751,-0.000343
315986,0.125913,0.916583,-0.314191,0.027904,0.327123,-0.082810,-0.940933,28.902969,-0.000343
315989,0.125520,0.916583,-0.314121,0.027231,0.327184,-0.083950,-0.940830,27.920723,-0.000343
315993,0.124994,0.916576,-0.314028,0.026300,0.327405,-0.085338,-0.940655,26.748619,-0.000343
315996,0.124659,0.916567,-0.313982,0.025842,0.327439,-0.086376,-0.940561,25.681915,-0.000343
316000,0.124225,0.916535,-0.313863,0.024983,0.327406,-0.087762,-0.940468,24.641304,-0.000343
316003,0.123836,0.916528,-0.313779,0.024289,0.327517,-0.088932,-0.940337,23.738022,-0.000343
316007,0.123300,0.916452,-0.313610,0.023551,0.327551,-0.090656,-0.940179,22.746162,-0.000343
316010,0.122952,0.916486,-0.313521,0.022763,0.327746,-0.091406,-0.940058,21.795845,0.000000
316014,0.122462,0.916483,-0.313443,0.022069,0.327819,-0.092654,-0.939927,20.775490,-0.000343
316018,0.122061,0.916419,-0.313363,0.021566,0.327611,-0.094097,-0.939868,19.883194,-0.000343
316021,0.121760,0.916414,-0.313350,0.021162,0.327612,-0.094852,-0.939801,19.099731,-0.000343
316025,0.121345,0.916388,-0.313309,0.020386,0.327722,-0.095993,-0.939664,18.160400,-0.000343
316028,0.121024,0.916365,-0.313275,0.019826,0.327853,-0.096762,-0.939551,17.405434,-0.000343
316032,0.120597,0.916347,-0.313217,0.019085,0.327981,-0.097779,-0.939417,16.506958,-0.000343
316035,0.120307,0.916331,-0.313142,0.018617,0.328040,-0.098564,-0.939323,15.725899,-0.000343
316039,0.119919,0.916317,-0.313054,0.017975,0.328108,-0.099805,-0.939181,14.970245,-0.000343
316042,0.119671,0.916293,-0.312990,0.017497,0.328143,-0.100466,-0.939107,14.252357,-0.000343
316046,0.119356,0.916281,-0.312923,0.016983,0.328225,-0.101472,-0.938980,13.616180,0.000000
316049,0.119116,0.916269,-0.312863,0.016524,0.328274,-0.102163,-0.938896,12.929192,-0.000343
316053,0.118778,0.916240,-0.312777,0.015869,0.328274,-0.103213,-0.938793,12.199287,-0.000343
316057,0.118436,0.916185,-0.312710,0.015534,0.328235,-0.104305,-0.938691,11.562767,0.000000
316060,0.118215,0.916169,-0.312670,0.015210,0.328156,-0.104845,-0.938664,10.957832,-0.000343
316064,0.117921,0.916155,-0.312629,0.014816,0.328136,-0.105643,-0.938588,10.438385,-0.000343
316067,0.117697,0.916136,-0.312600,0.014473,0.328170,-0.106363,-0.938500,9.828300,-0.000343
316071,0.117440,0.916111,-0.312555,0.013898,0.328315,-0.106858,-0.938402,9.328079,0.000000
316074,0.117250,0.916099,-0.312533,0.013595,0.328315,-0.107491,-0.938334,8.789749,-0.000343
316078,0.117010,0.916077,-0.312502,0.013230,0.328356,-0.108085,-0.938257,8.276825,-0.000343
316081,0.116852,0.916065,-0.312467,0.012910,0.328343,-0.108627,-0.938203,7.792740,-0.000343
316085,0.116609,0.916050,-0.312429,0.012571,0.328427,-0.109157,-0.938116,7.262993,-0.000343
316089,0.116358,0.916031,-0.312363,0.012126,0.328528,-0.109945,-0.937995,6.800880,-0.000343
316092,0.116184,0.916013,-0.312308,0.011785,0.328570,-0.110338,-0.937938,6.377907,0.000000
316096,0.115972,0.915991,-0.312257,0.011381,0.328552,-0.111015,-0.937870,6.006432,-0.000343
316099,0.115820,0.915941,-0.312214,0.011296,0.328469,-0.111632,-0.937827,5.581055,-0.000343
316103,0.115658,0.915921,-0.312202,0.010972,0.328606,-0.112127,-0.937724,5.222969,-0.000343
316106,0.115563,0.915916,-0.312193,0.010789,0.328592,-0.112429,-0.937694,4.872437,-0.000343
316110,0.115397,0.915901,-0.312174,0.010614,0.328502,-0.112980,-0.937662,4.576836,-0.000343
316114,0.115229,0.915885,-0.312145,0.010359,0.328497,-0.113365,-0.937620,4.213943,0.000000
316117,0.115109,0.915913,-0.312132,0.009887,0.328672,-0.113390,-0.937561,3.925552,-0.000343
316121,0.114921,0.915900,-0.312098,0.009570,0.328782,-0.113888,-0.937465,3.611412,0.000000
316124,0.114784,0.915886,-0.312085,0.009400,0.328775,-0.114259,-0.937424,3.318214,-0.000343
316128,0.114655,0.915885,-0.312079,0.009233,0.328766,-0.114644,-0.937382,3.022270,-0.000343
316131,0.114564,0.915875,-0.312069,0.009156,0.328768,-0.114943,-0.937345,2.803574,-0.000343
316135,0.114454,0.915857,-0.312042,0.008882,0.328832,-0.115136,-0.937302,2.558784,0.000000
316138,0.114380,0.915855,-0.312019,0.008748,0.328802,-0.115395,-0.937282,2.343521,0.000000
316142,0.114273,0.915791,-0.311952,0.008711,0.328692,-0.115925,-0.937255,2.163963,-0.000343
316145,0.114200,0.915780,-0.311926,0.008556,0.328675,-0.116095,-0.937241,1.948013,-0.000343
316149,0.114136,0.915774,-0.311898,0.008474,0.328706,-0.116303,-0.937205,1.746140,-0.000343
316152,0.114079,0.915775,-0.311885,0.008352,0.328697,-0.116536,-0.937181,1.587524,0.000000
316156,0.113992,0.915764,-0.311883,0.008216,0.328812,-0.116627,-0.937130,1.412773,-0.000343
316160,0.113929,0.915762,-0.311889,0.008146,0.328681,-0.116896,-0.937144,1.267204,-0.000343
316163,0.113863,0.915759,-0.311902,0.008102,0.328742,-0.117042,-0.937104,1.138802,-0.000343
316167,0.113778,0.915751,-0.311905,0.008000,0.328767,-0.117189,-0.937078,1.009712,-0.000343
316170,0.113723,0.915753,-0.311902,0.007938,0.328734,-0.117370,-0.937067,0.888519,0.000000
316174,0.113660,0.915750,-0.311892,0.007866,0.328752,-0.117516,-0.937043,0.780373,-0.000343
316177,0.113618,0.915749,-0.311879,0.007772,0.328772,-0.117592,-0.937028,0.692825,-0.000343
316181,0.113589,0.915745,-0.311853,0.007732,0.328713,-0.117762,-0.937027,0.584679,-0.000343
316184,0.113575,0.915745,-0.311834,0.007729,0.328677,-0.117828,-0.937032,0.508804,-0.000343
316188,0.113545,0.915735,-0.311812,0.007520,0.328818,-0.117910,-0.936974,0.432930,0.000000
316192,0.113531,0.915738,-0.311799,0.007486,0.328764,-0.118127,-0.936966,0.368385,-0.000343
316195,0.113507,0.915731,-0.311788,0.007500,0.328781,-0.118082,-0.936965,0.322037,-0.000343
316199,0.113480,0.915726,-0.311782,0.007422,0.328753,-0.118201,-0.936961,0.259895,0.000000
316202,0.113468,0.915733,-0.311788,0.007431,0.328797,-0.118212,-0.936944,0.213890,-0.000343
316206,0.113443,0.915728,-0.311796,0.007371,0.328743,-0.118347,-0.936946,0.170288,-0.000343
316209,0.113423,0.915725,-0.311804,0.007346,0.328791,-0.118270,-0.936939,0.125313,-0.000343
316213,0.113398,0.915729,-0.311815,0.007327,0.328743,-0.118424,-0.936936,0.094414,0.000000
316216,0.113384,0.915731,-0.311815,0.007339,0.328734,-0.118410,-0.936941,0.070381,-0.000343
316220,0.113348,0.915730,-0.311815,0.007295,0.328822,-0.118544,-0.936894,0.047379,-0.000343
316223,0.113328,0.915724,-0.311810,0.007253,0.328806,-0.118493,-0.936906,0.033302,0.000000
316227,0.113320,0.915728,-0.311808,0.007306,0.328733,-0.118582,-0.936920,0.022316,-0.000343
316230,0.113319,0.915729,-0.311806,0.007288,0.328733,-0.118570,-0.936922,0.015450,0.000000
316234,0.113331,0.915727,-0.311798,0.007204,0.328757,-0.118562,-0.936915,0.009613,-0.000343
316238,0.113349,0.915729,-0.311787,0.007233,0.328856,-0.118544,-0.936882,0.007210,-0.000343
316241,0.113352,0.915721,-0.311771,0.007195,0.328794,-0.118570,-0.936901,0.003777,-0.000343
316245,0.113362,0.915727,-0.311752,0.007234,0.328807,-0.118534,-0.936901,-0.000343,-0.000343
316248,0.113354,0.915726,-0.311742,0.007188,0.328793,-0.118688,-0.936887,-0.005836,-0.000343
316252,0.113341,0.915721,-0.311724,0.007133,0.328869,-0.118532,-0.936880,-0.009956,-0.000343
316255,0.113332,0.915720,-0.311724,0.007115,0.328828,-0.118644,-0.936880,-0.011330,0.000000
316259,0.113312,0.915719,-0.311726,0.007125,0.328832,-0.118580,-0.936887,-0.011673,-0.000343
316262,0.113300,0.915717,-0.311740,0.007099,0.328804,-0.118670,-0.936886,-0.011673,-0.000343
316266,0.113290,0.915721,-0.311761,0.007141,0.328855,-0.118638,-0.936872,-0.011673,0.000000
316270,0.113284,0.915728,-0.311786,0.007179,0.328785,-0.118660,-0.936893,-0.011673,0.000000
316273,0.113283,0.915723,-0.311793,0.007187,0.328828,-0.118616,-0.936884,-0.011673,-0.000343
316277,0.113269,0.915720,-0.311784,0.007153,0.328772,-0.118742,-0.936888,-0.011673,0.000000
316280,0.113270,0.915722,-0.311772,0.007144,0.328771,-0.118654,-0.936899,-0.011673,-0.000343
316284,0.113253,0.915719,-0.311758,0.007083,0.328828,-0.118716,-0.936872,-0.010986,0.000000
316287,0.113263,0.915719,-0.311749,0.007057,0.328859,-0.118631,-0.936872,-0.010643,-0.000343
316291,0.113290,0.915723,-0.311763,0.007149,0.328766,-0.118725,-0.936892,-0.009956,0.000000
316295,0.113294,0.915718,-0.311763,0.007109,0.328817,-0.118713,-0.936876,-0.008240,-0.000343
316298,0.113295,0.915717,-0.311763,0.007130,0.328790,-0.118737,-0.936882,-0.006180,-0.000343
316301,0.113283,0.915725,-0.311761,0.007139,0.328801,-0.118673,-0.936886,-0.003433,-0.000343
316305,0.113243,0.915718,-0.311738,0.007060,0.328815,-0.118791,-0.936867,-0.001030,-0.000343
316309,0.113234,0.915725,-0.311726,0.007103,0.328776,-0.118803,-0.936879,0.001030,-0.000343
316312,0.113230,0.915722,-0.311719,0.007073,0.328810,-0.118812,-0.936866,0.002747,-0.000343
316316,0.113242,0.915715,-0.311717,0.007071,0.328856,-0.118756,-0.936857,0.003433,0.000000
316319,0.113254,0.915717,-0.311721,0.007078,0.328829,-0.118748,-0.936867,0.003777,-0.000343
316323,0.113267,0.915720,-0.311718,0.007108,0.328788,-0.118807,-0.936874,0.004120,0.000000
316326,0.113270,0.915716,-0.311718,0.007051,0.328836,-0.118755,-0.936864,0.004120,-0.000343
316330,0.113260,0.915713,-0.311725,0.007047,0.328834,-0.118694,-0.936873,0.004120,0.000000
316334,0.113256,0.915717,-0.311740,0.007094,0.328829,-0.118722,-0.936871,0.004463,0.000000
316337,0.113253,0.915720,-0.311750,0.007108,0.328859,-0.118741,-0.936857,0.004120,-0.000343
316341,0.113257,0.915716,-0.311763,0.007093,0.328784,-0.118716,-0.936887,0.004120,0.000000
316344,0.113258,0.915724,-0.311765,0.007133,0.328789,-0.118777,-0.936877,0.004120,0.000000
316348,0.113242,0.915718,-0.311759,0.007051,0.328887,-0.118718,-0.936851,0.004120,-0.000343
316351,0.113237,0.915718,-0.311756,0.007049,0.328893,-0.118747,-0.936845,0.004120,0.000000
316355,0.113225,0.915724,-0.311746,0.007111,0.328817,-0.118766,-0.936869,0.004120,0.000000
316358,0.113207,0.915719,-0.311738,0.007073,0.328873,-0.118719,-0.936856,0.004120,0.000000
316362,0.113201,0.915725,-0.311730,0.007136,0.328819,-0.118788,-0.936865,0.004120,-0.000343
316365,0.113194,0.915730,-0.311733,0.007066,0.328832,-0.118612,-0.936884,0.004120,-0.000343
316369,0.113216,0.915715,-0.311717,0.007026,0.328893,-0.118766,-0.936843,0.004120,-0.000343
316373,0.113249,0.915718,-0.311721,0.007074,0.328807,-0.118833,-0.936864,0.004120,0.000000
316376,0.113268,0.915717,-0.311720,0.007079,0.328836,-0.118754,-0.936864,0.004120,-0.000343
316380,0.113273,0.915713,-0.311721,0.007070,0.328848,-0.118791,-0.936855,0.004120,0.000000
316383,0.113261,0.915715,-0.311722,0.007097,0.328856,-0.118703,-0.936864,0.004120,-0.000343
316387,0.113230,0.915718,-0.311718,0.007091,0.328818,-0.118900,-0.936852,0.004120,0.000000
316390,0.113195,0.915725,-0.311732,0.007027,0.328876,-0.118617,-0.936868,0.004120,0.000000
316394,0.113163,0.915728,-0.311743,0.006962,0.328872,-0.118710,-0.936858,0.003777,-0.000343
316397,0.113160,0.915732,-0.311754,0.007002,0.328838,-0.118733,-0.936867,0.003777,0.000000
316401,0.113156,0.915719,-0.311753,0.007053,0.328871,-0.118908,-0.936832,0.003777,0.000000
316405,0.113170,0.915731,-0.311760,0.007073,0.328857,-0.118683,-0.936866,0.003777,0.000000
316408,0.113189,0.915717,-0.311742,0.007112,0.328767,-0.118920,-0.936867,0.003777,0.000000
316412,0.113216,0.915718,-0.311722,0.007025,0.328879,-0.118724,-0.936853,0.003777,0.000000
316415,0.113232,0.915716,-0.311720,0.007018,0.328807,-0.118795,-0.936870,0.003433,0.000000
316419,0.113257,0.915718,-0.311718,0.007039,0.328873,-0.118731,-0.936854,0.003433,0.000000
316422,0.113267,0.915712,-0.311718,0.007021,0.328866,-0.118757,-0.936854,0.003433,0.000000
316426,0.113260,0.915720,-0.311722,0.007083,0.328860,-0.118815,-0.936848,0.003090,0.000000
316429,0.113250,0.915718,-0.311721,0.007055,0.328820,-0.118840,-0.936859,0.003090,0.000000
316433,0.113229,0.915714,-0.311719,0.007024,0.328864,-0.118759,-0.936854,0.003090,0.000000
316436,0.113207,0.915714,-0.311721,0.007014,0.328828,-0.118807,-0.936861,0.003090,0.000000
316440,0.113211,0.915715,-0.311714,0.007038,0.328828,-0.118802,-0.936861,0.002747,-0.000343
316444,0.113195,0.915716,-0.311718,0.007005,0.328860,-0.118807,-0.936849,0.002403,0.000000
316447,0.113199,0.915717,-0.311717,0.007024,0.328878,-0.118838,-0.936839,0.002403,0.000000
316451,0.113203,0.915720,-0.311726,0.007064,0.328786,-0.118895,-0.936864,0.002060,0.000000
316454,0.113201,0.915719,-0.311726,0.007025,0.328872,-0.118808,-0.936845,0.001717,0.000000
316458,0.113208,0.915715,-0.311731,0.007023,0.328774,-0.118909,-0.936867,0.001373,0.000000
316462,0.113213,0.915712,-0.311731,0.007053,0.328817,-0.118843,-0.936860,0.001373,0.000000
316465,0.113211,0.915708,-0.311726,0.006973,0.328888,-0.118861,-0.936833,0.001030,0.000000
316468,0.113224,0.915716,-0.311721,0.007020,0.328870,-0.118787,-0.936848,0.001030,0.000000
316468,0.113224,0.915716,-0.311721,0.007020,0.328870,-0.118787,-0.936848,0.001030,0.000000
316468,0.113224,0.915716,-0.311721,0.007020,0.328870,-0.118787,-0.936848,0.001030,0.000000
316468,0.113224,0.915716,-0.311721,0.007020,0.328870,-0.118787,-0.936848,0.001030,0.000000
316468,0.113224,0.915716,-0.311721,0.007020,0.328870,-0.118787,-0.936848,0.001030,0.000000
316468,0.113224,0.915716,-0.311721,0.007020,0.328870,-0.118787,-0.936848,0.001030,0.000000
316468,0.113224,0.915716,-0.311721,0.007020,0.328870,-0.118787,-0.936848,0.001030,0.000000
316468,0.113224,0.915716,-0.311721,0.007020,0.328870,-0.118787,-0.936848,0.001030,0.000000
316468,0.113224,0.915716,-0.311721,0.007020,0.328870,-0.118787,-0.936848,0.001030,0.000000
316468,0.113224,0.915716,-0.311721,0.007020,0.328870,-0.118787,-0.936848,0.001030,0.000000
316468,0.113224,0.915716,-0.311721,0.007020,0.328870,-0.118787,-0.936848,0.001030,0.000000
