0,0.000000,0.000000,0.000000,0.000000,0.000000,0.000000,0.000000,0.000000,0.000000
0,0.000000,0.000000,0.000000,0.000000,0.000000,0.000000,0.000000,0.000000,0.000000
0,0.000000,0.000000,0.000000,0.000000,0.000000,0.000000,0.000000,0.000000,0.000000
0,0.000000,0.000000,0.000000,0.000000,0.000000,0.000000,0.000000,0.000000,0.000000
0,0.000000,0.000000,0.000000,0.000000,0.000000,0.000000,0.000000,0.000000,0.000000
0,0.000000,0.000000,0.000000,0.000000,0.000000,0.000000,0.000000,0.000000,0.000000
0,0.000000,0.000000,0.000000,0.000000,0.000000,0.000000,0.000000,0.000000,0.000000
0,0.000000,0.000000,0.000000,0.000000,0.000000,0.000000,0.000000,0.000000,0.000000
0,0.000000,0.000000,0.000000,0.000000,0.000000,0.000000,0.000000,0.000000,0.000000
0,0.000000,0.000000,0.000000,0.000000,0.000000,0.000000,0.000000,0.000000,0.000000
0,0.000000,0.000000,0.000000,0.000000,0.000000,0.000000,0.000000,0.000000,0.000000
0,0.000000,0.000000,0.000000,0.000000,0.000000,0.000000,0.000000,0.000000,0.000000
0,0.000000,0.000000,0.000000,0.000000,0.000000,0.000000,0.000000,0.000000,0.000000
0,0.000000,0.000000,0.000000,0.000000,0.000000,0.000000,0.000000,0.000000,0.000000
0,0.000000,0.000000,0.000000,0.000000,0.000000,0.000000,0.000000,0.000000,0.000000
0,0.000000,0.000000,0.000000,0.000000,0.000000,0.000000,0.000000,0.000000,0.000000
0,0.000000,0.000000,0.000000,0.000000,0.000000,0.000000,0.000000,0.000000,0.000000
0,0.000000,0.000000,0.000000,0.000000,0.000000,0.000000,0.000000,0.000000,0.000000
0,0.000000,0.000000,0.000000,0.000000,0.000000,0.000000,0.000000,0.000000,0.000000
0,0.000000,0.000000,0.000000,0.000000,0.000000,0.000000,0.000000,0.000000,0.000000
0,0.000000,0.000000,0.000000,0.000000,0.000000,0.000000,0.000000,0.000000,0.000000
0,0.000000,0.000000,0.000000,0.000000,0.000000,0.000000,0.000000,0.000000,0.000000
0,0.000000,0.000000,0.000000,0.000000,0.000000,0.000000,0.000000,0.000000,0.000000
0,0.000000,0.000000,0.000000,0.000000,0.000000,0.000000,0.000000,0.000000,0.000000
0,0.000000,0.000000,0.000000,0.000000,0.000000,0.000000,0.000000,0.000000,0.000000
0,0.000000,0.000000,0.000000,0.000000,0.000000,0.000000,0.000000,0.000000,0.000000
0,0.000000,0.000000,0.000000,0.000000,0.000000,0.000000,0.000000,0.000000,0.000000
0,0.000000,0.000000,0.000000,0.000000,0.000000,0.000000,0.000000,299.999886,0.000343
305919,0.223175,0.887120,-0.332849,0.193707,0.294732,0.206470,-0.912678,299.999542,0.000343
305923,0.223315,0.887289,-0.332824,0.193479,0.294860,0.207318,-0.912493,299.999542,0.000343
305926,0.223169,0.887133,-0.332854,0.193703,0.294752,0.206393,-0.912690,299.999542,0.000000
305930,0.223149,0.887138,-0.332898,0.193768,0.294735,0.206396,-0.912681,299.999542,0.000000
305934,0.223378,0.887464,-0.332873,0.193290,0.294991,0.207976,-0.912341,299.999199,0.000343
305937,0.223115,0.887152,-0.332949,0.193788,0.294776,0.206399,-0.912663,299.999199,0.000343
305940,0.223119,0.887157,-0.332954,0.193782,0.294748,0.206333,-0.912688,299.999199,0.000343
305944,0.223272,0.887314,-0.332927,0.193547,0.294814,0.207251,-0.912508,299.999199,0.000000
305948,0.223280,0.887304,-0.332905,0.193501,0.294979,0.207285,-0.912457,299.999199,0.000343
305951,0.223411,0.887447,-0.332848,0.193268,0.294994,0.208056,-0.912326,299.999199,0.000000
305955,0.223157,0.887133,-0.332903,0.193771,0.294708,0.206450,-0.912677,299.999199,0.000343
305958,0.223148,0.887134,-0.332906,0.193772,0.294787,0.206471,-0.912646,299.999199,0.000343
305962,0.223383,0.887453,-0.332864,0.193262,0.294907,0.207998,-0.912369,299.999199,0.000343
305965,0.223380,0.887453,-0.332873,0.193286,0.294929,0.207983,-0.912360,299.999199,0.000343
305969,0.223366,0.887466,-0.332884,0.193274,0.295006,0.207937,-0.912348,299.999199,0.000343
305973,0.223373,0.887459,-0.332884,0.193341,0.294855,0.207849,-0.912403,299.999199,0.000343
305976,0.223135,0.887147,-0.332927,0.193766,0.294700,0.206367,-0.912699,299.999199,0.000343
305980,0.223394,0.887454,-0.332835,0.193223,0.294996,0.207930,-0.912364,299.998856,0.000343
305983,0.223150,0.887130,-0.332882,0.193712,0.294740,0.206436,-0.912682,299.998512,0.000343
305987,0.223157,0.887130,-0.332876,0.193717,0.294690,0.206445,-0.912695,299.996452,0.000343
305990,0.223148,0.887132,-0.332887,0.193709,0.294772,0.206429,-0.912674,299.991646,0.000343
305994,0.223133,0.887138,-0.332919,0.193748,0.294666,0.206315,-0.912726,299.981689,0.000343
305997,0.223384,0.887455,-0.332887,0.193356,0.294832,0.207940,-0.912386,299.961090,0.000343
306001,0.223366,0.887465,-0.332905,0.193318,0.294957,0.207921,-0.912358,299.933968,0.000343
306004,0.223110,0.887150,-0.332969,0.193805,0.294760,0.206347,-0.912676,299.901352,0.000343
306008,0.223373,0.887456,-0.332890,0.193286,0.294885,0.207910,-0.912391,299.867363,0.000343
306012,0.223123,0.887140,-0.332915,0.193751,0.294812,0.206459,-0.912645,299.831314,0.000343
306015,0.223391,0.887450,-0.332831,0.193265,0.294915,0.207980,-0.912370,299.791489,0.000343
306019,0.223282,0.887300,-0.332843,0.193485,0.294885,0.207349,-0.912476,299.747200,0.000343
306022,0.223144,0.887127,-0.332867,0.193739,0.294751,0.206451,-0.912669,299.697762,0.000343
306026,0.223399,0.887445,-0.332820,0.193256,0.294955,0.208079,-0.912336,299.638023,0.000343
306029,0.223388,0.887453,-0.332844,0.193296,0.294864,0.207939,-0.912389,299.573822,0.000343
306033,0.223360,0.887462,-0.332878,0.193286,0.295027,0.207985,-0.912328,299.497261,0.000343
306036,0.223233,0.887322,-0.332935,0.193481,0.294918,0.207233,-0.912493,299.412804,0.000343
306040,0.223355,0.887467,-0.332901,0.193311,0.294951,0.207956,-0.912354,299.320450,0.000343
306044,0.223346,0.887465,-0.332893,0.193338,0.294953,0.207859,-0.912369,299.219513,0.000343
306047,0.223245,0.887317,-0.332906,0.193530,0.294877,0.207239,-0.912494,299.104843,0.000343
306048,0.223246,0.887314,-0.332898,0.193469,0.294843,0.207202,-0.912527,299.104843,0.000343
306052,0.223374,0.887459,-0.332823,0.193241,0.295032,0.208029,-0.912326,298.914986,0.000343
306055,0.223373,0.887456,-0.332795,0.193180,0.294945,0.207904,-0.912395,298.770447,0.000343
306058,0.223249,0.887312,-0.332832,0.193432,0.294888,0.207237,-0.912512,298.630028,0.000343
306062,0.223334,0.887476,-0.332803,0.193225,0.295005,0.207827,-0.912384,298.489952,0.000343
306065,0.223066,0.887173,-0.332875,0.193659,0.294862,0.206325,-0.912679,298.309021,0.000343
306069,0.223045,0.887191,-0.332888,0.193718,0.294673,0.206171,-0.912762,298.143883,0.000343
306073,0.223010,0.887195,-0.332892,0.193660,0.294815,0.206134,-0.912737,297.926903,0.000343
306076,0.222995,0.887197,-0.332890,0.193638,0.294788,0.206124,-0.912753,297.735672,0.000687
306080,0.222974,0.887212,-0.332878,0.193620,0.294843,0.206129,-0.912738,297.497063,0.000343
306083,0.222959,0.887222,-0.332864,0.193627,0.294848,0.206046,-0.912753,297.289352,0.000343
306087,0.222948,0.887228,-0.332851,0.193615,0.294762,0.206061,-0.912780,297.021904,0.000343
306090,0.222935,0.887238,-0.332836,0.193560,0.294796,0.205987,-0.912797,296.800117,0.000343
306094,0.222910,0.887258,-0.332815,0.193530,0.294904,0.206026,-0.912760,296.503487,0.000343
306097,0.222883,0.887265,-0.332806,0.193499,0.294875,0.205933,-0.912797,296.212692,0.000343
306101,0.222873,0.887279,-0.332788,0.193468,0.294882,0.205927,-0.912803,295.899239,0.000687
306104,0.222851,0.887288,-0.332779,0.193423,0.294894,0.205882,-0.912819,295.575142,0.000687
306108,0.222846,0.887295,-0.332766,0.193461,0.294918,0.205881,-0.912803,295.239029,0.000343
306112,0.222836,0.887294,-0.332763,0.193435,0.294961,0.205890,-0.912792,294.922829,0.000687
306115,0.222827,0.887295,-0.332764,0.193456,0.294950,0.205907,-0.912788,294.549637,0.000687
306119,0.222827,0.887298,-0.332769,0.193420,0.294910,0.205829,-0.912826,294.163399,0.000687
306122,0.222688,0.887191,-0.332836,0.194312,0.293534,0.207205,-0.912769,293.727379,0.000343
306126,0.222795,0.887317,-0.332776,0.193391,0.294991,0.205833,-0.912805,293.317108,0.000687
306129,0.222761,0.887335,-0.332772,0.193397,0.294993,0.205725,-0.912828,292.874222,0.000687
306133,0.222724,0.887365,-0.332760,0.193348,0.294929,0.205607,-0.912885,292.463608,0.000687
306136,0.222685,0.887385,-0.332736,0.193289,0.295012,0.205558,-0.912882,291.937981,0.000687
306140,0.222631,0.887404,-0.332712,0.193248,0.295003,0.205320,-0.912947,291.474495,0.000687
306144,0.222573,0.887434,-0.332682,0.193190,0.294998,0.205169,-0.912995,290.946121,0.000343
306147,0.222546,0.887475,-0.332648,0.193078,0.295059,0.205298,-0.912970,290.410538,0.000343
306151,0.222478,0.887502,-0.332634,0.193047,0.295024,0.204930,-0.913071,289.856071,0.000343
306154,0.222432,0.887540,-0.332609,0.192969,0.295092,0.204762,-0.913103,289.220581,0.000687
306158,0.222342,0.887582,-0.332589,0.192884,0.295212,0.204546,-0.913130,288.663368,0.000687
306161,0.222163,0.887534,-0.332633,0.193554,0.294096,0.205499,-0.913134,288.034744,0.000687
306165,0.222068,0.887585,-0.332611,0.193443,0.294136,0.205191,-0.913215,287.321663,0.000343
306168,0.222010,0.887628,-0.332606,0.193390,0.294165,0.205011,-0.913257,286.723595,0.000343
306172,0.221955,0.887676,-0.332588,0.193307,0.294251,0.204802,-0.913294,286.025276,0.000687
306175,0.221824,0.887694,-0.332566,0.192449,0.295091,0.204915,-0.913178,285.315971,0.000343
306179,0.221721,0.887745,-0.332540,0.192376,0.295255,0.204541,-0.913225,284.575768,0.000687
306183,0.221639,0.887812,-0.332487,0.192129,0.295280,0.204323,-0.913317,283.736000,0.000343
306186,0.221547,0.887874,-0.332470,0.192026,0.295320,0.203931,-0.913414,283.015366,0.000343
306190,0.221409,0.887958,-0.332429,0.191864,0.295523,0.203557,-0.913465,282.086678,0.000687
306193,0.221298,0.888042,-0.332408,0.191667,0.295540,0.203167,-0.913588,281.305618,0.000687
306197,0.221156,0.888152,-0.332386,0.191477,0.295586,0.202631,-0.913732,280.431862,0.000343
306200,0.221036,0.888245,-0.332359,0.191215,0.295738,0.202226,-0.913828,279.476738,0.000687
306204,0.220876,0.888368,-0.332341,0.190920,0.295796,0.201655,-0.913996,278.673706,0.000687
306208,0.220682,0.888496,-0.332316,0.190605,0.295843,0.200853,-0.914224,277.660904,0.000343
306211,0.220524,0.888609,-0.332297,0.190295,0.296047,0.200375,-0.914327,276.767235,0.000687
306214,0.220365,0.888728,-0.332267,0.189939,0.296228,0.199793,-0.914470,275.751686,0.000687
306218,0.220180,0.888963,-0.332190,0.189102,0.296862,0.198275,-0.914768,274.610481,0.000343
306222,0.219915,0.889159,-0.332163,0.188709,0.296900,0.197210,-0.915067,273.654671,0.000687
306225,0.219711,0.889313,-0.332133,0.188407,0.296781,0.196478,-0.915325,272.597923,0.000687
306229,0.219338,0.889522,-0.332074,0.187221,0.297340,0.195546,-0.915587,271.409683,0.000687
306232,0.219095,0.889686,-0.332046,0.186825,0.297312,0.194746,-0.915847,270.294228,0.000687
306236,0.218741,0.889933,-0.331984,0.186215,0.297361,0.193495,-0.916220,269.290009,0.000687
306239,0.218426,0.890159,-0.331935,0.185720,0.297417,0.192468,-0.916519,268.142967,0.000687
306243,0.217977,0.890369,-0.331878,0.185487,0.297137,0.191435,-0.916874,266.973610,0.000687
306247,0.217589,0.890630,-0.331796,0.184721,0.297176,0.190321,-0.917247,265.643578,0.000687
306250,0.217282,0.890845,-0.331747,0.184164,0.297228,0.189240,-0.917566,264.400406,0.000687
306254,0.216879,0.891135,-0.331669,0.183193,0.297623,0.187529,-0.917983,263.267784,0.000687
306257,0.216540,0.891341,-0.331613,0.182191,0.298160,0.186734,-0.918171,262.019463,0.000687
306260,0.216211,0.891582,-0.331559,0.181562,0.298329,0.185738,-0.918443,260.737152,0.000687
306264,0.215767,0.891839,-0.331496,0.180801,0.298480,0.184132,-0.918867,259.428062,0.000687
306268,0.215324,0.892114,-0.331441,0.180034,0.298598,0.182681,-0.919269,258.113480,0.000687
306271,0.214976,0.892372,-0.331391,0.179628,0.298499,0.181295,-0.919654,256.795807,0.000687
306275,0.214398,0.892705,-0.331290,0.178860,0.298766,0.179599,-0.920050,255.305443,0.000687
306278,0.213991,0.892920,-0.331195,0.177664,0.299402,0.178511,-0.920287,254.068794,0.000343
306282,0.213545,0.893199,-0.331095,0.176763,0.299561,0.176866,-0.920726,252.676964,0.000687
306286,0.212955,0.893568,-0.330958,0.175490,0.300042,0.175226,-0.921126,251.130638,0.000687
306289,0.212553,0.893809,-0.330878,0.174772,0.300272,0.173897,-0.921440,249.835281,0.000343
306293,0.212088,0.894096,-0.330761,0.173929,0.300466,0.172251,-0.921845,248.391266,0.000687
306296,0.211621,0.894373,-0.330676,0.173225,0.300584,0.170743,-0.922220,246.798248,0.000687
306300,0.210978,0.894740,-0.330583,0.172032,0.300856,0.168611,-0.922747,245.492249,0.000687
306303,0.210725,0.895020,-0.330458,0.171204,0.301094,0.167860,-0.922960,244.020081,0.000343
306307,0.209992,0.895306,-0.330379,0.170107,0.301570,0.165474,-0.923438,242.346039,0.000343
306310,0.209531,0.895576,-0.330303,0.169102,0.301857,0.164176,-0.923760,240.966225,0.000687
306314,0.209018,0.895864,-0.330183,0.168194,0.301979,0.162463,-0.924189,239.460411,0.000687
306317,0.208646,0.896090,-0.330103,0.167581,0.302103,0.161309,-0.924462,237.921295,0.000343
306321,0.208134,0.896483,-0.329940,0.166348,0.302356,0.159540,-0.924909,236.359863,0.000343
306325,0.207349,0.896806,-0.329823,0.165125,0.302717,0.157140,-0.925421,234.776802,0.000687
306328,0.206903,0.897053,-0.329720,0.164300,0.302970,0.155688,-0.925730,233.201637,0.000687
306331,0.206513,0.897357,-0.329814,0.164834,0.302930,0.153128,-0.926075,231.623039,0.000687
306335,0.205848,0.897857,-0.329366,0.163752,0.302130,0.150598,-0.926943,230.032768,0.000687
306339,0.205179,0.897859,-0.329544,0.162585,0.303302,0.148527,-0.927100,228.277359,0.000687
306342,0.204812,0.898250,-0.329432,0.161286,0.303817,0.147748,-0.927282,226.822701,0.000343
306346,0.204057,0.898489,-0.329298,0.160414,0.303839,0.144999,-0.927860,225.176811,0.000687
306349,0.203785,0.898977,-0.328934,0.160029,0.302932,0.144082,-0.928366,223.554955,0.000343
306353,0.203208,0.899434,-0.328776,0.158555,0.303381,0.142848,-0.928663,221.894989,0.000343
306356,0.202557,0.899515,-0.328959,0.157235,0.304761,0.140747,-0.928756,220.048256,0.000687
306360,0.201798,0.899652,-0.328782,0.155902,0.305223,0.137816,-0.929269,218.379707,0.000687
306364,0.201335,0.900188,-0.328665,0.154603,0.305529,0.136945,-0.929514,216.879730,0.000687
306367,0.200637,0.900237,-0.328564,0.153959,0.305476,0.134265,-0.930029,215.188179,0.000687
306371,0.199982,0.900551,-0.328414,0.152711,0.305790,0.132392,-0.930400,213.501778,0.000343
306374,0.199463,0.900794,-0.328298,0.151744,0.305995,0.130866,-0.930707,211.814690,0.000687
306378,0.198795,0.901163,-0.328137,0.150453,0.306376,0.128273,-0.931152,209.937744,0.000343
306381,0.198292,0.901354,-0.328047,0.149578,0.306702,0.127129,-0.931342,208.402061,0.000687
306385,0.197701,0.901652,-0.327916,0.148351,0.307014,0.125257,-0.931689,206.534729,0.000343
306388,0.197101,0.901931,-0.327809,0.147344,0.307275,0.123297,-0.932025,204.975357,0.000687
306392,0.196436,0.902226,-0.327688,0.146318,0.307471,0.121411,-0.932369,203.252220,0.000687
306396,0.195780,0.902506,-0.327540,0.145176,0.307662,0.119369,-0.932748,201.523590,0.000687
306399,0.195201,0.902781,-0.327457,0.144235,0.307875,0.117629,-0.933045,199.612312,0.000343
306403,0.194594,0.903065,-0.327333,0.143171,0.308249,0.115770,-0.933318,197.865829,0.000343
306406,0.194138,0.903262,-0.327233,0.142220,0.308498,0.114312,-0.933561,196.314354,0.000687
306410,0.193309,0.903647,-0.327099,0.140675,0.308946,0.111602,-0.933974,194.570274,0.000343
306413,0.192796,0.903880,-0.326962,0.139734,0.309170,0.110101,-0.934220,192.808685,0.000343
306417,0.192071,0.904144,-0.326771,0.138585,0.309371,0.107993,-0.934570,190.885048,0.000343
306420,0.191520,0.904578,-0.326673,0.137496,0.309691,0.106883,-0.934753,189.321556,0.000343
306424,0.190788,0.904865,-0.326513,0.136101,0.310059,0.104776,-0.935073,187.582626,0.000343
306427,0.190234,0.905084,-0.326408,0.135042,0.310347,0.103209,-0.935305,185.835114,0.000343
306431,0.189403,0.905457,-0.326317,0.133724,0.310654,0.100404,-0.935698,184.085884,0.000343
306435,0.188681,0.905738,-0.326145,0.132478,0.311000,0.098363,-0.935977,182.324638,0.000343
306438,0.188083,0.905978,-0.326043,0.131506,0.311202,0.096498,-0.936241,180.570946,0.000687
306442,0.187316,0.906290,-0.325888,0.130209,0.311287,0.094497,-0.936599,178.823776,0.000343
306445,0.186759,0.906308,-0.325766,0.129404,0.311451,0.092631,-0.936842,177.078323,0.000343
306449,0.185996,0.906707,-0.325661,0.127925,0.311892,0.090343,-0.937122,175.317421,0.000343
306452,0.185395,0.906975,-0.325538,0.126830,0.312160,0.088420,-0.937365,173.574715,0.000343
306456,0.184619,0.907117,-0.325356,0.125725,0.312287,0.085387,-0.937752,171.824799,0.000343
306460,0.183741,0.907442,-0.325179,0.124142,0.312605,0.083129,-0.938060,169.897041,0.000687
306463,0.183067,0.907654,-0.325096,0.123272,0.312650,0.081082,-0.938339,168.323250,0.000687
306466,0.182594,0.907797,-0.324993,0.122388,0.312822,0.079534,-0.938530,166.588097,0.000343
306470,0.181870,0.908199,-0.324887,0.120978,0.313443,0.077909,-0.938642,164.821014,0.000687
306473,0.181220,0.908442,-0.324791,0.119776,0.313697,0.075779,-0.938885,163.073845,0.000687
306477,0.180540,0.908703,-0.324607,0.118614,0.313948,0.073689,-0.939115,161.147118,0.000687
306481,0.179720,0.908952,-0.324457,0.117326,0.313972,0.071373,-0.939448,159.400635,0.000343
306484,0.179119,0.909158,-0.324325,0.116225,0.314258,0.069679,-0.939616,157.817574,0.000343
306488,0.178456,0.909392,-0.324160,0.114967,0.314690,0.067462,-0.939788,156.076927,0.000687
306491,0.177813,0.909593,-0.324047,0.113790,0.315042,0.065609,-0.939945,154.319115,0.000687
306495,0.176947,0.909858,-0.323925,0.112504,0.315148,0.062921,-0.940248,152.389641,0.000687
306498,0.176361,0.909964,-0.323802,0.111559,0.315260,0.061179,-0.940438,150.825462,0.000343
306502,0.175462,0.910123,-0.323621,0.110329,0.315301,0.058323,-0.940751,149.090309,0.000343
306506,0.174790,0.910339,-0.323506,0.109236,0.315613,0.056286,-0.940897,147.152252,0.000343
306509,0.174269,0.910509,-0.323391,0.108057,0.315944,0.054846,-0.941008,145.572281,0.000343
306513,0.173389,0.910874,-0.323295,0.106563,0.316275,0.052563,-0.941197,143.817215,0.000343
306516,0.172847,0.911046,-0.323187,0.105640,0.316216,0.051150,-0.941399,142.066612,0.000687
306520,0.172071,0.911233,-0.323035,0.104364,0.316587,0.048866,-0.941537,140.136795,0.000343
306523,0.171406,0.911436,-0.322921,0.103335,0.316824,0.046754,-0.941679,138.580513,0.000343
306527,0.170730,0.911614,-0.322790,0.102123,0.317177,0.044769,-0.941788,136.657219,0.000343
306531,0.169936,0.911830,-0.322628,0.100675,0.317493,0.042539,-0.941941,134.898033,0.000343
306534,0.169284,0.911991,-0.322540,0.099687,0.317522,0.040666,-0.942119,133.336258,0.000343
306538,0.168509,0.912043,-0.322335,0.098522,0.317503,0.037806,-0.942367,131.588745,0.000343
306541,0.167913,0.912207,-0.322183,0.097444,0.317719,0.035938,-0.942480,129.813423,0.000687
306545,0.167127,0.912505,-0.322003,0.096027,0.318274,0.033777,-0.942518,128.064194,0.000343
306548,0.166574,0.912619,-0.321870,0.095028,0.318225,0.032664,-0.942675,126.317368,0.000343
306552,0.165666,0.912830,-0.321716,0.093550,0.318559,0.030141,-0.942794,124.561958,0.000343
306556,0.164889,0.913041,-0.321602,0.092309,0.318774,0.027890,-0.942913,122.818565,0.000343
306559,0.164342,0.913136,-0.321512,0.091372,0.319007,0.026215,-0.942973,120.905228,0.000343
306562,0.163709,0.913374,-0.321286,0.090714,0.318593,0.024268,-0.943229,119.331093,0.000343
306566,0.162939,0.913539,-0.321177,0.089563,0.318730,0.022336,-0.943340,117.409515,0.000343
306570,0.162289,0.913665,-0.321029,0.088339,0.318898,0.020341,-0.943444,115.849457,0.000343
306573,0.161520,0.913737,-0.320883,0.087295,0.319098,0.017743,-0.943526,114.088554,0.000343
306577,0.160617,0.913902,-0.320677,0.085705,0.319559,0.015161,-0.943561,112.319756,0.000343
306580,0.160098,0.914004,-0.320536,0.084830,0.319659,0.013751,-0.943628,110.561943,0.000343
306584,0.159272,0.914213,-0.320348,0.083266,0.320018,0.011573,-0.943674,108.831253,0.000343
306587,0.158637,0.914355,-0.320207,0.082281,0.320262,0.009912,-0.943697,106.910362,0.000343
306591,0.157932,0.914484,-0.320057,0.081094,0.320341,0.007759,-0.943793,105.338974,0.000343
306594,0.157326,0.914601,-0.319992,0.080085,0.320693,0.006005,-0.943772,103.601074,0.000343
306598,0.156387,0.914731,-0.319901,0.078618,0.320963,0.003564,-0.943817,101.853218,0.000343
306601,0.155644,0.914739,-0.319765,0.077720,0.320870,0.001238,-0.943928,100.106392,0.000343
306605,0.154795,0.914875,-0.319623,0.076381,0.321181,-0.001161,-0.943932,98.389778,0.000343
306609,0.154032,0.915062,-0.319487,0.074961,0.321434,-0.002900,-0.943956,96.658058,0.000343
306612,0.153422,0.915163,-0.319402,0.073942,0.321680,-0.004514,-0.943946,94.748840,0.000343
306615,0.152777,0.915258,-0.319280,0.072771,0.321791,-0.006567,-0.943987,93.202515,0.000343
306619,0.151906,0.915362,-0.319095,0.071202,0.322230,-0.009063,-0.943937,91.321793,0.000000
306623,0.151115,0.915492,-0.318935,0.069925,0.322376,-0.011471,-0.943956,89.614105,0.000343
306626,0.150561,0.915576,-0.318783,0.068877,0.322512,-0.013044,-0.943966,87.923584,0.000343
306630,0.149813,0.915617,-0.318641,0.067841,0.322481,-0.015147,-0.944020,86.406097,0.000687
306633,0.149184,0.915679,-0.318512,0.066749,0.322694,-0.016951,-0.943995,84.702530,0.000343
306637,0.148370,0.915799,-0.318388,0.065474,0.323027,-0.019275,-0.943926,83.024368,0.000343
306641,0.147606,0.915880,-0.318243,0.064032,0.323286,-0.021356,-0.943891,81.348953,0.000343
306644,0.146910,0.915967,-0.318122,0.063051,0.323307,-0.023207,-0.943906,79.669418,0.000343
306648,0.146092,0.916049,-0.317962,0.061719,0.323482,-0.025530,-0.943874,78.013573,0.000000
306651,0.145600,0.916102,-0.317840,0.060850,0.323600,-0.026851,-0.943854,76.365280,0.000343
306655,0.144839,0.916185,-0.317760,0.059601,0.323779,-0.029143,-0.943804,74.559059,0.000000
306658,0.144224,0.916174,-0.317642,0.058586,0.323882,-0.030900,-0.943776,73.095474,0.000000
306662,0.143410,0.916257,-0.317536,0.057287,0.324097,-0.033131,-0.943706,71.323586,0.000343
306665,0.142828,0.916315,-0.317405,0.056303,0.324253,-0.034702,-0.943655,69.878197,0.000000
306669,0.142091,0.916382,-0.317235,0.054993,0.324384,-0.036982,-0.943601,68.114891,0.000343
306672,0.141565,0.916417,-0.317141,0.054136,0.324458,-0.038433,-0.943568,66.681862,0.000000
306676,0.140876,0.916457,-0.317000,0.052979,0.324507,-0.040403,-0.943534,64.933662,0.000343
306680,0.140170,0.916517,-0.316905,0.051821,0.324796,-0.042275,-0.943417,63.389053,0.000000
306683,0.139600,0.916449,-0.316756,0.051153,0.324691,-0.044252,-0.943399,61.994133,0.000000
306687,0.138817,0.916540,-0.316616,0.049594,0.324968,-0.046179,-0.943294,60.446434,0.000000
306690,0.138234,0.916575,-0.316495,0.048658,0.325110,-0.047745,-0.943216,58.767929,0.000000
306694,0.137549,0.916614,-0.316350,0.047468,0.325283,-0.049485,-0.943127,57.250099,0.000000
306697,0.137038,0.916653,-0.316304,0.046702,0.325410,-0.050997,-0.943041,55.923157,0.000000
306701,0.136370,0.916626,-0.316195,0.045714,0.325451,-0.052961,-0.942967,54.301987,0.000000
306704,0.135908,0.916690,-0.316144,0.044799,0.325595,-0.054042,-0.942900,52.971268,0.000000
306708,0.135184,0.916719,-0.316000,0.043528,0.325825,-0.056162,-0.942756,51.502876,0.000000
306712,0.134518,0.916685,-0.315827,0.042551,0.325905,-0.058204,-0.942649,49.917755,0.000000
306715,0.134063,0.916690,-0.315701,0.041643,0.325982,-0.059531,-0.942580,48.649178,0.000000
306719,0.133391,0.916720,-0.315565,0.040490,0.326133,-0.061397,-0.942459,47.250137,0.000000
306722,0.132990,0.916738,-0.315478,0.039789,0.326225,-0.062476,-0.942386,45.725784,0.000000
306726,0.132358,0.916739,-0.315324,0.038711,0.326332,-0.064137,-0.942282,44.353523,0.000000
306729,0.131813,0.916773,-0.315260,0.037854,0.326518,-0.065585,-0.942153,43.137474,0.000000
306733,0.131124,0.916712,-0.315124,0.036899,0.326418,-0.067743,-0.942073,41.685905,0.000000
306736,0.130644,0.916720,-0.315073,0.036236,0.326497,-0.069062,-0.941975,40.486679,0.000000
306740,0.129998,0.916722,-0.314979,0.035082,0.326584,-0.071015,-0.941843,39.179649,0.000000
306743,0.129557,0.916725,-0.314909,0.034344,0.326772,-0.072186,-0.941716,37.902832,0.000000
306747,0.129014,0.916733,-0.314811,0.033417,0.326916,-0.073568,-0.941593,36.642494,0.000000
306751,0.128434,0.916729,-0.314667,0.032368,0.326996,-0.075107,-0.941480,35.390396,0.000000
306754,0.127999,0.916739,-0.314584,0.031715,0.327186,-0.076462,-0.941327,34.051781,-0.000343
306757,0.127600,0.916728,-0.314476,0.031000,0.327258,-0.077607,-0.941233,32.983704,0.000000
306761,0.127047,0.916713,-0.314356,0.030044,0.327264,-0.079294,-0.941121,31.811943,0.000000
306765,0.126457,0.916697,-0.314253,0.029084,0.327266,-0.080845,-0.941018,30.665932,0.000000
306768,0.126037,0.916641,-0.314161,0.028497,0.327252,-0.082054,-0.940936,29.531593,-0.000343
306772,0.125487,0.916658,-0.314082,0.027711,0.327295,-0.083601,-0.940809,28.407211,-0.000343
306776,0.124900,0.916630,-0.313985,0.026706,0.327577,-0.085065,-0.940608,27.210388,0.000000
306779,0.124523,0.916630,-0.313926,0.026160,0.327568,-0.086116,-0.940531,26.253204,-0.000343
306783,0.124088,0.916620,-0.313865,0.025513,0.327562,-0.087465,-0.940427,25.124359,-0.000343
306786,0.123739,0.916597,-0.313772,0.024761,0.327663,-0.088562,-0.940309,24.198418,-0.000343
306790,0.123188,0.916538,-0.313655,0.024007,0.327731,-0.090383,-0.940131,23.192139,0.000000
306793,0.122866,0.916561,-0.313569,0.023229,0.327893,-0.091027,-0.940032,22.216415,-0.000343
306797,0.122357,0.916555,-0.313463,0.022507,0.327975,-0.092392,-0.939888,21.288414,-0.000343
306800,0.121997,0.916544,-0.313414,0.021975,0.327990,-0.093254,-0.939810,20.373802,-0.000343
306804,0.121581,0.916470,-0.313325,0.021458,0.327778,-0.094626,-0.939759,19.418678,-0.000343
306807,0.121248,0.916457,-0.313312,0.020994,0.327837,-0.095584,-0.939652,18.629036,-0.000343
306811,0.120789,0.916390,-0.313251,0.020232,0.328008,-0.096828,-0.939482,17.769356,-0.000343
306815,0.120409,0.916425,-0.313238,0.019479,0.328174,-0.097668,-0.939353,16.958771,-0.000343
306818,0.120137,0.916417,-0.313189,0.019009,0.328237,-0.098372,-0.939267,16.163979,-0.000343
306822,0.119797,0.916385,-0.313108,0.018355,0.328261,-0.099603,-0.939142,15.397682,-0.000343
306825,0.119518,0.916363,-0.313038,0.017882,0.328382,-0.100287,-0.939036,14.583321,-0.000343
306829,0.119156,0.916345,-0.312925,0.017206,0.328431,-0.101417,-0.938910,13.943710,-0.000343
306832,0.118919,0.916337,-0.312842,0.016751,0.328521,-0.102042,-0.938819,13.255348,-0.000343
306836,0.118594,0.916318,-0.312742,0.016207,0.328460,-0.103043,-0.938740,12.513428,-0.000343
306839,0.118308,0.916260,-0.312672,0.015923,0.328290,-0.103964,-0.938703,11.864204,-0.000343
306843,0.118002,0.916230,-0.312627,0.015419,0.328383,-0.104909,-0.938574,11.298409,0.000000
306846,0.117810,0.916216,-0.312603,0.015128,0.328386,-0.105349,-0.938528,10.691757,-0.000343
306850,0.117493,0.916197,-0.312571,0.014613,0.328395,-0.106307,-0.938425,10.117035,-0.000343
306854,0.117182,0.916175,-0.312530,0.014135,0.328478,-0.107062,-0.938318,9.570122,-0.000343
306857,0.116969,0.916159,-0.312510,0.013814,0.328454,-0.107632,-0.938266,9.040375,-0.000343
306861,0.116696,0.916135,-0.312489,0.013412,0.328609,-0.108227,-0.938149,8.529854,-0.000343
306864,0.116521,0.916128,-0.312475,0.013101,0.328636,-0.108847,-0.938072,8.012123,-0.000343
306868,0.116313,0.916117,-0.312459,0.012719,0.328691,-0.109397,-0.937994,7.468643,-0.000343
306871,0.116172,0.916106,-0.312429,0.012433,0.328720,-0.109962,-0.937921,7.053566,-0.000343
306875,0.115982,0.916081,-0.312355,0.011995,0.328827,-0.110430,-0.937835,6.564331,-0.000343
306878,0.115824,0.916024,-0.312274,0.011850,0.328658,-0.111149,-0.937811,6.192856,-0.000343
306882,0.115617,0.915999,-0.312184,0.011475,0.328705,-0.111700,-0.937734,5.799751,-0.000343
306886,0.115401,0.915979,-0.312108,0.011149,0.328770,-0.112249,-0.937649,5.414200,-0.000343
306889,0.115264,0.915969,-0.312079,0.010930,0.328732,-0.112608,-0.937622,5.027618,-0.000343
306893,0.115105,0.915997,-0.312088,0.010479,0.328931,-0.112732,-0.937543,4.689102,-0.000343
306896,0.114982,0.915989,-0.312095,0.010334,0.328924,-0.113072,-0.937506,4.394875,-0.000343
306900,0.114811,0.915978,-0.312117,0.010092,0.328901,-0.113593,-0.937453,4.061165,-0.000343
306903,0.114673,0.915971,-0.312124,0.009874,0.328947,-0.113922,-0.937400,3.713379,-0.000343
306907,0.114471,0.915948,-0.312116,0.009640,0.328993,-0.114335,-0.937336,3.416061,-0.000343
306910,0.114345,0.915944,-0.312098,0.009479,0.328983,-0.114677,-0.937299,3.140373,-0.000343
306914,0.114190,0.915928,-0.312061,0.009254,0.328969,-0.115092,-0.937256,2.918930,-0.001030
306917,0.114110,0.915929,-0.312040,0.009134,0.329070,-0.115282,-0.937198,2.687187,-0.000343
306921,0.114017,0.915863,-0.311978,0.009107,0.328797,-0.116021,-0.937203,2.467117,-0.000343
306925,0.113944,0.915852,-0.311950,0.008853,0.328930,-0.116269,-0.937128,2.233658,-0.000343
306928,0.113894,0.915846,-0.311924,0.008727,0.328976,-0.116406,-0.937096,2.029381,-0.000343
306932,0.113812,0.915843,-0.311892,0.008639,0.328899,-0.116761,-0.937079,1.862183,-0.000343
306935,0.113739,0.915839,-0.311870,0.008541,0.328941,-0.116924,-0.937045,1.669579,-0.000343
306939,0.113628,0.915829,-0.311849,0.008356,0.328946,-0.117184,-0.937013,1.499290,-0.000343
306942,0.113564,0.915829,-0.311844,0.008276,0.328972,-0.117381,-0.936980,1.329002,-0.000343
306946,0.113489,0.915818,-0.311847,0.008161,0.328900,-0.117545,-0.936985,1.201973,-0.000343
306949,0.113437,0.915811,-0.311857,0.008065,0.328947,-0.117696,-0.936951,1.071510,-0.000343
306953,0.113393,0.915813,-0.311863,0.007965,0.328926,-0.117853,-0.936939,0.952377,-0.000343
306957,0.113336,0.915810,-0.311853,0.007899,0.328972,-0.117946,-0.936912,0.828438,-0.000343
306960,0.113291,0.915804,-0.311839,0.007804,0.328973,-0.118110,-0.936892,0.731964,-0.000343
306964,0.113236,0.915812,-0.311823,0.007694,0.329031,-0.118063,-0.936878,0.627594,-0.000343
306967,0.113204,0.915810,-0.311803,0.007614,0.329029,-0.118243,-0.936857,0.546913,-0.000343
306971,0.113176,0.915806,-0.311785,0.007492,0.329131,-0.118199,-0.936828,0.466919,-0.000343
306974,0.113160,0.915800,-0.311783,0.007442,0.329092,-0.118336,-0.936824,0.392418,-0.000343
306978,0.113152,0.915803,-0.311784,0.007474,0.329104,-0.118421,-0.936809,0.337830,-0.000343
306982,0.113119,0.915795,-0.311785,0.007420,0.329076,-0.118496,-0.936810,0.281525,-0.000343
306985,0.113090,0.915796,-0.311788,0.007405,0.329075,-0.118589,-0.936799,0.241699,-0.000343
306988,0.113052,0.915795,-0.311796,0.007368,0.329040,-0.118669,-0.936801,0.188141,-0.000343
306992,0.112995,0.915792,-0.311801,0.007264,0.329128,-0.118692,-0.936768,0.141792,-0.000343
306996,0.112966,0.915794,-0.311821,0.007287,0.329016,-0.118899,-0.936781,0.108490,-0.000343
306999,0.112951,0.915789,-0.311829,0.007269,0.329042,-0.118824,-0.936781,0.083084,-0.000343
307003,0.112939,0.915787,-0.311836,0.007243,0.329106,-0.118923,-0.936747,0.058708,-0.000343
307006,0.112944,0.915786,-0.311831,0.007246,0.329097,-0.118886,-0.936754,0.041542,-0.000343
307010,0.112946,0.915785,-0.311806,0.007213,0.329021,-0.119012,-0.936766,0.026093,-0.000343
307013,0.112946,0.915787,-0.311773,0.007190,0.329079,-0.118895,-0.936760,0.017509,-0.000343
307017,0.112938,0.915779,-0.311735,0.007134,0.329031,-0.119056,-0.936757,0.011330,-0.000343
307021,0.112930,0.915772,-0.311705,0.007080,0.329099,-0.118991,-0.936742,0.008240,-0.000343
307024,0.112932,0.915772,-0.311702,0.007029,0.329128,-0.119007,-0.936730,0.004463,-0.000343
307027,0.112931,0.915769,-0.311707,0.007015,0.329144,-0.118968,-0.936729,0.000687,-0.000343
307031,0.112934,0.915776,-0.311741,0.007116,0.328999,-0.119075,-0.936766,-0.005493,-0.000343
307035,0.112926,0.915777,-0.311770,0.007064,0.329098,-0.119072,-0.936732,-0.009270,-0.000343
307038,0.112927,0.915779,-0.311789,0.007090,0.329031,-0.119097,-0.936752,-0.010986,-0.000343
307042,0.112910,0.915777,-0.311801,0.007086,0.329054,-0.119146,-0.936738,-0.011673,-0.000343
307045,0.112898,0.915775,-0.311802,0.007047,0.329039,-0.119155,-0.936742,-0.011673,-0.000343
307049,0.112895,0.915775,-0.311798,0.007069,0.329053,-0.119168,-0.936736,-0.011673,-0.000343
307053,0.112897,0.915769,-0.311781,0.007067,0.329091,-0.119057,-0.936736,-0.011673,-0.000343
307056,0.112908,0.915771,-0.311766,0.007058,0.329077,-0.119125,-0.936732,-0.011673,-0.000343
307059,0.112909,0.915778,-0.311763,0.007060,0.329106,-0.119135,-0.936721,-0.011673,-0.000343
307063,0.112911,0.915776,-0.311756,0.007048,0.329061,-0.119117,-0.936739,-0.011330,-0.000343
307067,0.112895,0.915774,-0.311753,0.007020,0.329126,-0.119056,-0.936724,-0.011330,-0.000343
307070,0.112880,0.915774,-0.311756,0.007028,0.329065,-0.119069,-0.936744,-0.010986,-0.000343
307074,0.112859,0.915773,-0.311757,0.007061,0.329082,-0.119097,-0.936734,-0.010643,-0.000343
307077,0.112854,0.915777,-0.311752,0.007069,0.329111,-0.119153,-0.936717,-0.009270,-0.000343
307081,0.112857,0.915780,-0.311740,0.007047,0.329067,-0.119166,-0.936731,-0.007210,-0.000343
307084,0.112864,0.915780,-0.311732,0.007070,0.329058,-0.119167,-0.936734,-0.005150,-0.000343
307088,0.112858,0.915768,-0.311710,0.006979,0.329129,-0.119131,-0.936714,-0.002747,-0.000343
307091,0.112865,0.915773,-0.311704,0.006989,0.329153,-0.119136,-0.936705,0.000000,-0.000343
307095,0.112865,0.915774,-0.311704,0.007072,0.329077,-0.119157,-0.936729,0.002060,-0.000343
307099,0.112852,0.915768,-0.311712,0.006963,0.329112,-0.119220,-0.936709,0.003433,-0.000343
307102,0.112847,0.915770,-0.311725,0.007063,0.329090,-0.119188,-0.936720,0.003777,-0.000343
307106,0.112823,0.915764,-0.311743,0.006987,0.329068,-0.119255,-0.936720,0.004120,-0.000343
307109,0.112818,0.915772,-0.311761,0.006986,0.329137,-0.119202,-0.936702,0.004463,-0.000343
307112,0.112817,0.915777,-0.311770,0.007000,0.329128,-0.119151,-0.936712,0.004463,-0.000343
307116,0.112808,0.915775,-0.311772,0.007023,0.329017,-0.119179,-0.936747,0.004463,-0.000343
307120,0.112813,0.915769,-0.311759,0.006989,0.329087,-0.119297,-0.936708,0.004463,-0.000343
307123,0.112825,0.915775,-0.311740,0.007014,0.329108,-0.119229,-0.936709,0.004463,-0.000343
307127,0.112839,0.915774,-0.311716,0.007027,0.329042,-0.119275,-0.936726,0.004463,-0.000343
307130,0.112845,0.915765,-0.311700,0.006995,0.329098,-0.119253,-0.936709,0.004463,-0.000343
307134,0.112851,0.915769,-0.311688,0.006940,0.329093,-0.119247,-0.936712,0.004463,-0.000343
307138,0.112856,0.915770,-0.311695,0.006981,0.329123,-0.119145,-0.936715,0.004463,-0.000343
307141,0.112849,0.915763,-0.311715,0.006926,0.329128,-0.119260,-0.936698,0.004463,-0.000343
307145,0.112858,0.915776,-0.311746,0.007008,0.329116,-0.119247,-0.936704,0.004463,-0.000343
307148,0.112863,0.915776,-0.311766,0.007041,0.329040,-0.119334,-0.936719,0.004463,-0.000343
307152,0.112856,0.915775,-0.311771,0.006987,0.329154,-0.119162,-0.936701,0.004120,-0.000343
307155,0.112861,0.915774,-0.311762,0.006970,0.329062,-0.119241,-0.936724,0.004463,-0.000343
307159,0.112867,0.915778,-0.311729,0.006987,0.329097,-0.119182,-0.936719,0.004463,-0.000343
307163,0.112858,0.915766,-0.311685,0.006967,0.329137,-0.119209,-0.936701,0.004463,-0.000343
307166,0.112866,0.915762,-0.311660,0.006992,0.329074,-0.119168,-0.936728,0.004463,-0.000343
307170,0.112852,0.915759,-0.311640,0.006959,0.329094,-0.119243,-0.936712,0.004120,-0.000343
307173,0.112847,0.915760,-0.311638,0.006917,0.329160,-0.119170,-0.936699,0.004120,-0.000343
307177,0.112824,0.915763,-0.311654,0.006953,0.329063,-0.119267,-0.936720,0.004120,-0.000343
307180,0.112803,0.915761,-0.311676,0.006934,0.329065,-0.119243,-0.936723,0.004120,-0.000343
307183,0.112784,0.915769,-0.311700,0.006950,0.329033,-0.119299,-0.936727,0.004120,-0.000343
307187,0.112768,0.915771,-0.311730,0.006945,0.329111,-0.119251,-0.936705,0.003777,-0.000343
307191,0.112773,0.915773,-0.311756,0.006990,0.329041,-0.119352,-0.936717,0.003777,-0.000343
307194,0.112788,0.915771,-0.311756,0.007009,0.329091,-0.119290,-0.936707,0.003777,-0.000343
307198,0.112822,0.915772,-0.311743,0.006960,0.329067,-0.119258,-0.936720,0.003777,-0.000343
307201,0.112840,0.915771,-0.311723,0.007004,0.329079,-0.119262,-0.936715,0.003777,-0.000343
307205,0.112847,0.915760,-0.311677,0.006904,0.329103,-0.119250,-0.936709,0.003433,-0.000343
307209,0.112862,0.915761,-0.311654,0.006964,0.329027,-0.119260,-0.936733,0.003433,-0.000343
307212,0.112859,0.915762,-0.311646,0.006940,0.329100,-0.119303,-0.936703,0.003090,-0.000343
307216,0.112844,0.915763,-0.311661,0.006879,0.329146,-0.119248,-0.936694,0.003090,-0.000343
307219,0.112838,0.915773,-0.311680,0.006968,0.329091,-0.119287,-0.936708,0.003090,-0.000343
307223,0.112818,0.915772,-0.311699,0.006946,0.329035,-0.119359,-0.936718,0.002403,-0.000343
307223,0.112818,0.915772,-0.311699,0.006946,0.329035,-0.119359,-0.936718,0.002403,-0.000343
307223,0.112818,0.915772,-0.311699,0.006946,0.329035,-0.119359,-0.936718,0.002403,-0.000343
307223,0.112818,0.915772,-0.311699,0.006946,0.329035,-0.119359,-0.936718,0.002403,-0.000343
307223,0.112818,0.915772,-0.311699,0.006946,0.329035,-0.119359,-0.936718,0.002403,-0.000343
307223,0.112818,0.915772,-0.311699,0.006946,0.329035,-0.119359,-0.936718,0.002403,-0.000343
307223,0.112818,0.915772,-0.311699,0.006946,0.329035,-0.119359,-0.936718,0.002403,-0.000343
307223,0.112818,0.915772,-0.311699,0.006946,0.329035,-0.119359,-0.936718,0.002403,-0.000343
307223,0.112818,0.915772,-0.311699,0.006946,0.329035,-0.119359,-0.936718,0.002403,-0.000343
307223,0.112818,0.915772,-0.311699,0.006946,0.329035,-0.119359,-0.936718,0.002403,-0.000343
307223,0.112818,0.915772,-0.311699,0.006946,0.329035,-0.119359,-0.936718,0.002403,-0.000343
307223,0.112818,0.915772,-0.311699,0.006946,0.329035,-0.119359,-0.936718,0.002403,-0.000343
307223,0.112818,0.915772,-0.311699,0.006946,0.329035,-0.119359,-0.936718,0.002403,-0.000343
307223,0.112818,0.915772,-0.311699,0.006946,0.329035,-0.119359,-0.936718,0.002403,-0.000343
