0,0.000000,0.000000,0.000000,0.000000,0.000000,0.000000,0.000000,0.000000,0.000000
0,0.000000,0.000000,0.000000,0.000000,0.000000,0.000000,0.000000,0.000000,0.000000
0,0.000000,0.000000,0.000000,0.000000,0.000000,0.000000,0.000000,0.000000,0.000000
0,0.000000,0.000000,0.000000,0.000000,0.000000,0.000000,0.000000,0.000000,0.000000
0,0.000000,0.000000,0.000000,0.000000,0.000000,0.000000,0.000000,0.000000,0.000000
0,0.000000,0.000000,0.000000,0.000000,0.000000,0.000000,0.000000,0.000000,0.000000
0,0.000000,0.000000,0.000000,0.000000,0.000000,0.000000,0.000000,0.000000,0.000000
0,0.000000,0.000000,0.000000,0.000000,0.000000,0.000000,0.000000,0.000000,0.000000
0,0.000000,0.000000,0.000000,0.000000,0.000000,0.000000,0.000000,0.000000,0.000000
0,0.000000,0.000000,0.000000,0.000000,0.000000,0.000000,0.000000,0.000000,0.000000
0,0.000000,0.000000,0.000000,0.000000,0.000000,0.000000,0.000000,0.000000,0.000000
0,0.000000,0.000000,0.000000,0.000000,0.000000,0.000000,0.000000,0.000000,0.000000
0,0.000000,0.000000,0.000000,0.000000,0.000000,0.000000,0.000000,0.000000,0.000000
0,0.000000,0.000000,0.000000,0.000000,0.000000,0.000000,0.000000,0.000000,0.000000
0,0.000000,0.000000,0.000000,0.000000,0.000000,0.000000,0.000000,0.000000,0.000000
0,0.000000,0.000000,0.000000,0.000000,0.000000,0.000000,0.000000,0.000000,0.000000
0,0.000000,0.000000,0.000000,0.000000,0.000000,0.000000,0.000000,0.000000,0.000000
0,0.000000,0.000000,0.000000,0.000000,0.000000,0.000000,0.000000,0.000000,0.000000
0,0.000000,0.000000,0.000000,0.000000,0.000000,0.000000,0.000000,0.000000,0.000000
0,0.000000,0.000000,0.000000,0.000000,0.000000,0.000000,0.000000,0.000000,0.000000
0,0.000000,0.000000,0.000000,0.000000,0.000000,0.000000,0.000000,0.000000,0.000000
0,0.000000,0.000000,0.000000,0.000000,0.000000,0.000000,0.000000,0.000000,0.000000
0,0.000000,0.000000,0.000000,0.000000,0.000000,0.000000,0.000000,0.000000,0.000000
326210,0.275129,0.824043,-0.343862,0.311237,0.242620,0.420421,-0.817015,500.000839,0.000343
326214,0.275112,0.824044,-0.343856,0.311271,0.242766,0.420365,-0.816987,500.000839,0.000343
326217,0.275116,0.824040,-0.343850,0.311278,0.242738,0.420444,-0.816952,500.000839,0.000343
326221,0.275121,0.824049,-0.343843,0.311226,0.242679,0.420306,-0.817061,500.000839,0.000343
326225,0.275114,0.824042,-0.343836,0.311234,0.242742,0.420436,-0.816972,500.000839,0.000343
326228,0.275133,0.824053,-0.343847,0.311200,0.242674,0.420347,-0.817051,500.000839,0.000343
326232,0.275133,0.824043,-0.343847,0.311201,0.242734,0.420425,-0.816993,500.000839,0.000343
326235,0.275133,0.824042,-0.343849,0.311204,0.242786,0.420404,-0.816987,500.000839,0.000343
326239,0.275148,0.824040,-0.343857,0.311271,0.242629,0.420437,-0.816991,500.000839,0.000343
326242,0.275134,0.824043,-0.343850,0.311222,0.242647,0.420334,-0.817057,500.000839,0.000343
326246,0.275135,0.824048,-0.343848,0.311251,0.242757,0.420475,-0.816941,500.000839,0.000343
326249,0.275136,0.824054,-0.343842,0.311217,0.242729,0.420341,-0.817031,500.000839,0.000343
326253,0.275136,0.824035,-0.343834,0.311197,0.242703,0.420458,-0.816986,500.001183,0.000343
326257,0.275131,0.824039,-0.343837,0.311276,0.242709,0.420437,-0.816966,500.000839,0.000343
326260,0.275129,0.824033,-0.343844,0.311241,0.242667,0.420476,-0.816971,500.000839,0.000343
326264,0.275114,0.824044,-0.343851,0.311273,0.242737,0.420436,-0.816959,500.000839,0.000343
326267,0.275104,0.824044,-0.343858,0.311295,0.242758,0.420453,-0.816935,500.000839,0.000000
326271,0.275113,0.824041,-0.343868,0.311240,0.242669,0.420402,-0.817009,500.001183,0.000343
326274,0.275118,0.824041,-0.343872,0.311240,0.242645,0.420431,-0.817001,500.000839,0.000343
326278,0.275113,0.824048,-0.343863,0.311290,0.242748,0.420477,-0.816928,500.000839,0.000343
326281,0.275117,0.824034,-0.343852,0.311264,0.242720,0.420445,-0.816962,500.000839,0.000343
326285,0.275133,0.824041,-0.343839,0.311259,0.242703,0.420405,-0.816990,500.000839,0.000343
326289,0.275139,0.824040,-0.343837,0.311193,0.242700,0.420379,-0.817029,500.000839,0.000343
326292,0.275138,0.824033,-0.343832,0.311249,0.242643,0.420390,-0.817020,500.000839,0.000343
326296,0.275130,0.824037,-0.343835,0.311237,0.242718,0.420376,-0.817009,500.000839,0.000343
326299,0.275133,0.824046,-0.343837,0.311220,0.242742,0.420454,-0.816968,500.000839,0.000343
326303,0.275118,0.824046,-0.343843,0.311212,0.242636,0.420305,-0.817079,500.000839,0.000343
326306,0.275108,0.824039,-0.343843,0.311228,0.242634,0.420347,-0.817052,500.000839,0.000343
326310,0.275097,0.824045,-0.343846,0.311221,0.242761,0.420306,-0.817038,500.000839,0.000343
326313,0.275102,0.824045,-0.343856,0.311246,0.242676,0.420366,-0.817023,500.000839,0.000343
326317,0.275113,0.824045,-0.343865,0.311222,0.242720,0.420354,-0.817026,500.000839,0.000343
326321,0.275133,0.824037,-0.343859,0.311235,0.242724,0.420477,-0.816956,500.000839,0.000343
326324,0.275138,0.824032,-0.343854,0.311238,0.242663,0.420317,-0.817055,500.000839,0.000343
326328,0.275138,0.824034,-0.343843,0.311261,0.242774,0.420468,-0.816936,500.000839,0.000343
326331,0.275137,0.824040,-0.343838,0.311260,0.242775,0.420415,-0.816964,500.000839,0.000343
326335,0.275159,0.824035,-0.343854,0.311227,0.242643,0.420435,-0.817005,500.000839,0.000343
326338,0.275152,0.824036,-0.343853,0.311223,0.242672,0.420369,-0.817032,500.000839,0.000343
326342,0.275155,0.824038,-0.343856,0.311276,0.242732,0.420503,-0.816924,500.000839,0.000343
326345,0.275149,0.824040,-0.343852,0.311197,0.242728,0.420407,-0.817005,500.000839,0.000343
326349,0.275131,0.824049,-0.343848,0.311261,0.242744,0.420489,-0.816933,500.000839,0.000343
326352,0.275114,0.824049,-0.343853,0.311229,0.242772,0.420409,-0.816979,500.000839,0.000000
326356,0.275119,0.824035,-0.343855,0.311227,0.242660,0.420425,-0.817005,500.000839,0.000343
326359,0.275118,0.824037,-0.343855,0.311212,0.242656,0.420391,-0.817029,500.000839,0.000343
326363,0.275129,0.824051,-0.343855,0.311257,0.242809,0.420460,-0.816931,500.000839,0.000343
326367,0.275127,0.824051,-0.343844,0.311242,0.242621,0.420336,-0.817056,500.000839,0.000000
326370,0.275132,0.824050,-0.343831,0.311236,0.242716,0.420420,-0.816987,500.000839,0.000343
326374,0.275132,0.824044,-0.343816,0.311241,0.242706,0.420383,-0.817007,500.000839,0.000000
326377,0.275144,0.824031,-0.343809,0.311249,0.242681,0.420434,-0.816985,500.000839,0.000343
326381,0.275153,0.824044,-0.343815,0.311199,0.242741,0.420423,-0.816992,500.000839,0.000000
326384,0.275143,0.824031,-0.343824,0.311270,0.242776,0.420486,-0.816923,500.000839,0.000343
326388,0.275140,0.824042,-0.343842,0.311228,0.242632,0.420336,-0.817059,500.000839,0.000343
326391,0.275122,0.824035,-0.343861,0.311265,0.242647,0.420437,-0.816988,500.000839,0.000343
326395,0.275100,0.824054,-0.343883,0.311261,0.242734,0.420390,-0.816988,500.000839,0.000343
326399,0.275099,0.824048,-0.343892,0.311239,0.242719,0.420389,-0.817001,500.000839,0.000000
326402,0.275086,0.824050,-0.343895,0.311272,0.242710,0.420313,-0.817030,500.000839,0.000343
326406,0.275112,0.824048,-0.343888,0.311238,0.242692,0.420430,-0.816988,500.000839,0.000343
326409,0.275123,0.824044,-0.343863,0.311200,0.242645,0.420360,-0.817053,500.000839,0.000343
326413,0.275148,0.824054,-0.343838,0.311262,0.242770,0.420465,-0.816938,500.000839,0.000343
326417,0.275164,0.824039,-0.343817,0.311228,0.242631,0.420492,-0.816979,500.000153,0.000343
326420,0.275151,0.824030,-0.343813,0.311228,0.242652,0.420451,-0.816993,499.999123,0.000343
326423,0.275148,0.824040,-0.343818,0.311224,0.242647,0.420348,-0.817049,499.991913,0.000343
326427,0.275142,0.824049,-0.343827,0.311215,0.242774,0.420496,-0.816939,499.969254,0.000343
326430,0.275128,0.824046,-0.343836,0.311208,0.242704,0.420331,-0.817047,499.932518,0.000343
326434,0.275110,0.824048,-0.343853,0.311255,0.242750,0.420434,-0.816963,499.879990,0.000343
326438,0.275126,0.824054,-0.343858,0.311270,0.242696,0.420415,-0.816983,499.825401,0.000343
326441,0.275127,0.824048,-0.343858,0.311243,0.242659,0.420396,-0.817014,499.772530,0.000343
326445,0.275121,0.824048,-0.343844,0.311217,0.242798,0.420462,-0.816948,499.729271,0.000343
326448,0.275117,0.824036,-0.343832,0.311251,0.242811,0.420475,-0.816925,499.691162,0.000343
326452,0.275125,0.824037,-0.343831,0.311200,0.242654,0.420413,-0.817023,499.655457,0.000343
326455,0.275126,0.824046,-0.343838,0.311228,0.242717,0.420486,-0.816956,499.608078,0.000343
326459,0.275114,0.824045,-0.343846,0.311260,0.242759,0.420384,-0.816984,499.545937,0.000343
326462,0.275115,0.824043,-0.343857,0.311267,0.242702,0.420427,-0.816976,499.461136,0.000343
326466,0.275113,0.824058,-0.343859,0.311237,0.242726,0.420422,-0.816983,499.357109,0.000343
326470,0.275104,0.824049,-0.343848,0.311201,0.242669,0.420315,-0.817069,499.236603,0.000343
326473,0.275102,0.824056,-0.343842,0.311184,0.242640,0.420344,-0.817069,499.109573,0.000343
326477,0.275080,0.824066,-0.343817,0.311207,0.242807,0.420324,-0.817021,498.974304,0.000343
326480,0.275076,0.824066,-0.343809,0.311208,0.242799,0.420312,-0.817029,498.868217,0.000343
326484,0.275071,0.824067,-0.343807,0.311157,0.242696,0.420276,-0.817097,498.745308,0.000343
326487,0.275068,0.824081,-0.343812,0.311159,0.242758,0.420290,-0.817071,498.599739,0.000343
326491,0.275055,0.824090,-0.343815,0.311131,0.242792,0.420245,-0.817095,498.467903,0.000343
326495,0.275045,0.824098,-0.343821,0.311146,0.242817,0.420287,-0.817060,498.287315,0.000343
326498,0.275025,0.824110,-0.343813,0.311116,0.242883,0.420220,-0.817087,498.122177,0.000343
326502,0.275028,0.824117,-0.343795,0.311125,0.242789,0.420222,-0.817110,497.922707,0.000343
326505,0.275032,0.824138,-0.343779,0.311042,0.242803,0.420150,-0.817174,497.698174,0.000343
326509,0.275007,0.824144,-0.343749,0.311032,0.242970,0.420220,-0.817092,497.465057,0.000343
326512,0.274999,0.824155,-0.343730,0.311006,0.242928,0.420159,-0.817146,497.230568,0.000343
326516,0.274988,0.824167,-0.343723,0.310973,0.242887,0.420140,-0.817181,496.986809,0.000343
326519,0.274968,0.824188,-0.343718,0.310906,0.242951,0.420078,-0.817219,496.733437,0.000343
326523,0.274946,0.824209,-0.343726,0.310901,0.242962,0.420077,-0.817218,496.476631,0.000343
326526,0.274919,0.824228,-0.343735,0.310837,0.242967,0.420028,-0.817266,496.195107,0.000343
326530,0.274891,0.824265,-0.343738,0.310810,0.243085,0.420050,-0.817230,495.857620,0.000343
326534,0.274868,0.824283,-0.343733,0.310714,0.242999,0.419899,-0.817370,495.552406,0.000343
326537,0.274852,0.824300,-0.343721,0.310688,0.243061,0.419903,-0.817359,495.208397,0.000343
326541,0.274836,0.824326,-0.343693,0.310657,0.243180,0.419830,-0.817373,494.842415,0.000000
326544,0.274836,0.824321,-0.343678,0.310666,0.243140,0.419857,-0.817368,494.467850,0.000000
326548,0.274839,0.824336,-0.343662,0.310641,0.243087,0.419781,-0.817432,494.075432,0.000000
326551,0.274848,0.824338,-0.343655,0.310652,0.243151,0.419867,-0.817365,493.677521,0.000343
326555,0.274841,0.824329,-0.343651,0.310618,0.243077,0.419810,-0.817429,493.254547,0.000343
326558,0.274843,0.824338,-0.343645,0.310627,0.243064,0.419833,-0.817417,492.827454,0.000343
326562,0.274807,0.824380,-0.343636,0.310576,0.243211,0.419707,-0.817457,492.378731,0.000343
326565,0.274785,0.824407,-0.343631,0.310525,0.243245,0.419738,-0.817451,491.889153,0.000343
326569,0.274744,0.824452,-0.343613,0.310478,0.243223,0.419513,-0.817591,491.380348,0.000343
326573,0.274705,0.824497,-0.343592,0.310382,0.243382,0.419524,-0.817574,490.861588,0.000343
326576,0.274664,0.824536,-0.343578,0.310316,0.243367,0.419394,-0.817670,490.301285,0.000343
326580,0.274623,0.824590,-0.343557,0.310229,0.243428,0.419336,-0.817716,489.722443,0.000343
326583,0.274582,0.824647,-0.343535,0.310169,0.243533,0.419211,-0.817771,489.138794,0.000343
326587,0.274539,0.824715,-0.343516,0.310086,0.243533,0.419112,-0.817853,488.549995,0.000343
326590,0.274498,0.824770,-0.343502,0.310018,0.243547,0.418893,-0.817987,487.940254,0.000343
326594,0.274441,0.824857,-0.343473,0.309962,0.243748,0.418747,-0.818023,487.288628,0.000343
326598,0.274390,0.824928,-0.343452,0.309841,0.243705,0.418543,-0.818186,486.598892,0.000343
326601,0.274350,0.824992,-0.343428,0.309752,0.243828,0.418406,-0.818253,485.877228,0.000343
326604,0.274310,0.825058,-0.343403,0.309724,0.243879,0.418220,-0.818344,485.141487,0.000343
326608,0.274269,0.825137,-0.343373,0.309627,0.243961,0.418039,-0.818448,484.309959,0.000343
326612,0.274198,0.825270,-0.343337,0.309438,0.244084,0.417723,-0.818644,483.631554,0.000343
326615,0.274145,0.825357,-0.343316,0.309322,0.244232,0.417552,-0.818731,482.831612,0.000343
326619,0.274065,0.825472,-0.343296,0.309117,0.244247,0.417236,-0.818965,482.025146,0.000343
326622,0.274011,0.825562,-0.343286,0.308984,0.244371,0.416995,-0.819101,481.097832,0.000000
326626,0.273914,0.825662,-0.343281,0.308884,0.244526,0.416607,-0.819290,480.216866,0.000343
326629,0.273862,0.825753,-0.343280,0.308787,0.244582,0.416373,-0.819429,479.410400,0.000343
326633,0.273799,0.825906,-0.343276,0.308602,0.244653,0.415959,-0.819688,478.474503,0.000343
326636,0.273726,0.826016,-0.343268,0.308456,0.244797,0.415579,-0.819892,477.510109,0.000343
326640,0.273630,0.826209,-0.343248,0.308199,0.244871,0.415042,-0.820239,476.546059,0.000343
326644,0.273523,0.826430,-0.343217,0.307882,0.245042,0.414465,-0.820598,475.554543,0.000343
326647,0.273447,0.826650,-0.343196,0.307603,0.245276,0.414014,-0.820861,474.531784,0.000343
326651,0.273317,0.826950,-0.343186,0.307275,0.245403,0.413180,-0.821366,473.463364,0.000343
326654,0.273224,0.827185,-0.343185,0.306910,0.245546,0.412475,-0.821814,472.386703,0.000000
326658,0.272983,0.827459,-0.343185,0.306521,0.245736,0.411294,-0.822494,471.313133,0.000343
326661,0.272946,0.827799,-0.343173,0.306125,0.245894,0.410825,-0.822828,470.188065,0.000343
326665,0.272749,0.828188,-0.343152,0.305537,0.246179,0.409716,-0.823514,469.061966,0.000343
326668,0.272619,0.828463,-0.343144,0.305187,0.246363,0.408866,-0.824011,467.884712,0.000343
326672,0.272414,0.828874,-0.343112,0.304654,0.246536,0.407635,-0.824766,466.712265,0.000343
326676,0.272237,0.829280,-0.343080,0.304041,0.246869,0.406504,-0.825451,465.502396,0.000343
326679,0.272118,0.829544,-0.343041,0.303600,0.247073,0.405777,-0.825910,464.164467,0.000343
326683,0.271937,0.829955,-0.343005,0.302952,0.247321,0.404691,-0.826606,463.031158,0.000343
326686,0.271738,0.830374,-0.342974,0.302307,0.247656,0.403503,-0.827322,461.763268,0.000343
326690,0.271366,0.830722,-0.342932,0.301553,0.248181,0.401822,-0.828258,460.477867,0.000343
326693,0.271242,0.831121,-0.342905,0.301275,0.248267,0.401014,-0.828725,459.189034,0.000343
326697,0.270964,0.831630,-0.342875,0.300535,0.248557,0.399570,-0.829604,457.869644,0.000343
326700,0.271091,0.832427,-0.342868,0.299946,0.248850,0.399658,-0.829686,456.516266,0.000343
326704,0.270519,0.832608,-0.342825,0.299277,0.249169,0.397131,-0.831045,455.141602,0.000343
326707,0.270636,0.833295,-0.342743,0.298656,0.249397,0.397222,-0.831156,453.782387,0.000343
326711,0.270008,0.833537,-0.342719,0.297921,0.249877,0.394536,-0.832554,452.405319,0.000343
326715,0.269756,0.834046,-0.342664,0.296935,0.250191,0.393009,-0.833533,450.980873,0.000343
326718,0.269516,0.834494,-0.342597,0.296102,0.250638,0.391755,-0.834285,449.550934,0.000343
326722,0.269198,0.835071,-0.342519,0.295312,0.251196,0.390217,-0.835118,447.974396,0.000343
326725,0.269000,0.835455,-0.342438,0.294638,0.251574,0.389091,-0.835768,446.534500,0.000000
326729,0.268681,0.835949,-0.342457,0.293840,0.252334,0.387157,-0.836717,445.185928,0.000343
326732,0.268389,0.836496,-0.342316,0.293095,0.252319,0.386015,-0.837510,443.694878,0.000343
326736,0.268112,0.836920,-0.342340,0.292330,0.252869,0.384488,-0.838314,442.201424,0.000343
326739,0.267869,0.837383,-0.342278,0.291516,0.253287,0.383281,-0.839023,440.684280,0.000343
326743,0.267561,0.838016,-0.342167,0.290270,0.254478,0.382740,-0.839342,439.149971,0.000343
326746,0.267288,0.838441,-0.342101,0.289522,0.254778,0.381439,-0.840101,437.608795,0.000343
326750,0.266911,0.839042,-0.342007,0.288452,0.255266,0.379756,-0.841083,436.055946,0.000343
326754,0.266550,0.839667,-0.341917,0.287284,0.256018,0.377933,-0.842074,434.491768,0.000343
326757,0.266287,0.840079,-0.341842,0.286518,0.256224,0.376684,-0.842832,432.912140,0.000687
326761,0.265912,0.840702,-0.341741,0.285413,0.256865,0.374929,-0.843794,431.165314,0.000343
326764,0.265930,0.841598,-0.341630,0.284536,0.257108,0.374854,-0.844049,429.726791,0.000343
326768,0.265232,0.841781,-0.341615,0.283945,0.257425,0.371735,-0.845530,428.101845,0.000343
326771,0.264966,0.842198,-0.341525,0.283265,0.257754,0.370486,-0.846206,426.476555,0.000343
326775,0.264555,0.842936,-0.341426,0.281858,0.258506,0.368313,-0.847394,424.829292,0.000343
326778,0.264216,0.843418,-0.341369,0.281095,0.258780,0.366877,-0.848186,423.027534,0.000343
326782,0.263773,0.844008,-0.341262,0.280080,0.259192,0.365170,-0.849133,421.566353,0.000343
326786,0.263265,0.844616,-0.341199,0.278837,0.259979,0.363198,-0.850146,419.901924,0.000687
326789,0.263022,0.845223,-0.341095,0.277034,0.260941,0.361240,-0.851274,418.223076,0.000343
326793,0.262298,0.845470,-0.341032,0.276340,0.261159,0.358143,-0.852740,416.365700,0.000343
326796,0.262253,0.846305,-0.340916,0.275272,0.261565,0.358089,-0.852984,414.680672,0.000343
326800,0.262155,0.847356,-0.340780,0.274671,0.261607,0.357465,-0.853426,413.177261,0.000343
326803,0.261817,0.847826,-0.340663,0.273847,0.261886,0.356144,-0.854158,411.476097,0.000343
326807,0.260944,0.848090,-0.340624,0.273143,0.262353,0.352715,-0.855661,409.756737,0.000343
326810,0.260609,0.848520,-0.340560,0.272473,0.262656,0.351413,-0.856318,408.046303,0.000343
326814,0.260192,0.849057,-0.340459,0.271557,0.263080,0.349734,-0.857165,406.173820,0.000343
326818,0.259658,0.849578,-0.340390,0.271254,0.262919,0.348355,-0.857871,404.625435,0.000343
326821,0.259528,0.850293,-0.340293,0.268579,0.264437,0.345702,-0.859319,402.919464,0.000687
326825,0.258749,0.850623,-0.340252,0.269333,0.263758,0.345103,-0.859532,401.200790,0.000687
326828,0.258739,0.851687,-0.340100,0.264002,0.265914,0.342078,-0.861728,399.439545,0.000687
326832,0.258746,0.852898,-0.339941,0.262776,0.266208,0.341435,-0.862267,397.694435,0.000343
326835,0.257890,0.852775,-0.339972,0.265951,0.265142,0.340533,-0.861979,395.943489,0.000343
326839,0.257288,0.853237,-0.339892,0.263974,0.266070,0.336904,-0.863725,394.200096,0.000343
326842,0.256946,0.853616,-0.339834,0.263057,0.266387,0.335703,-0.864374,392.464600,0.000343
326846,0.256389,0.854242,-0.339699,0.261993,0.266855,0.333719,-0.865321,390.716057,0.000343
326849,0.255867,0.854525,-0.339647,0.263100,0.266299,0.332703,-0.865547,388.965797,0.000687
326853,0.256007,0.855875,-0.339412,0.257068,0.268865,0.329990,-0.867603,387.221031,0.000343
326857,0.254965,0.855755,-0.339379,0.260277,0.266908,0.329330,-0.867501,385.485191,0.000343
326860,0.254631,0.856292,-0.339379,0.259299,0.267548,0.328342,-0.867971,383.740082,0.000343
326864,0.254192,0.856872,-0.339243,0.258366,0.267833,0.326802,-0.868742,381.985703,0.000343
326867,0.254053,0.857753,-0.339059,0.253125,0.270548,0.322258,-0.871138,380.221024,0.000343
326871,0.253576,0.858441,-0.339039,0.252801,0.270706,0.320005,-0.872013,378.293266,0.000343
326874,0.253227,0.858862,-0.338944,0.252010,0.270887,0.318607,-0.872697,376.548157,0.000343
326878,0.252720,0.859453,-0.338818,0.250632,0.271505,0.316545,-0.873652,374.965096,0.000687
326881,0.252348,0.859889,-0.338781,0.249909,0.271794,0.315001,-0.874327,373.226166,0.000343
326885,0.252009,0.860718,-0.338625,0.248251,0.272344,0.313717,-0.875089,371.464577,0.000343
326888,0.251467,0.860970,-0.338548,0.247807,0.272479,0.311441,-0.875986,369.715691,0.000687
326892,0.250942,0.861561,-0.338449,0.246626,0.273115,0.309317,-0.876873,367.808533,0.000343
326896,0.250416,0.862094,-0.338330,0.245364,0.273472,0.307347,-0.877808,366.237488,0.000343
326899,0.250034,0.862558,-0.338252,0.244613,0.273784,0.305873,-0.878435,364.476929,0.000687
326903,0.249554,0.863177,-0.338153,0.243609,0.274241,0.303726,-0.879316,362.552948,0.000687
326906,0.249117,0.863626,-0.338067,0.242757,0.274540,0.302094,-0.880020,360.800972,0.000343
326910,0.248550,0.864263,-0.337942,0.241497,0.274820,0.299801,-0.881063,359.057236,0.000343
326913,0.248118,0.864744,-0.337863,0.240532,0.275371,0.298110,-0.881729,357.470055,0.000343
326917,0.247560,0.865325,-0.337744,0.239369,0.275742,0.296063,-0.882619,355.724258,0.000343
326920,0.247199,0.865745,-0.337690,0.238891,0.275993,0.294615,-0.883154,353.979492,0.000343
326924,0.246691,0.866331,-0.337604,0.237836,0.276555,0.292456,-0.883980,352.236099,0.000343
326928,0.246163,0.866929,-0.337491,0.236632,0.276724,0.290251,-0.884977,350.478287,0.000687
326931,0.246017,0.867609,-0.337178,0.235200,0.276858,0.289073,-0.885702,348.726654,0.000343
326935,0.245424,0.868284,-0.336997,0.233900,0.277462,0.286902,-0.886562,346.976738,0.000687
326938,0.244607,0.868416,-0.337296,0.234603,0.277417,0.283207,-0.887578,345.226822,0.000343
326942,0.244098,0.868926,-0.337213,0.233682,0.277733,0.281114,-0.888387,343.478279,0.000343
326945,0.243688,0.869337,-0.337138,0.232828,0.278118,0.279542,-0.888987,341.730423,0.000343
326949,0.243158,0.869916,-0.337058,0.231909,0.278199,0.277355,-0.889886,339.970207,0.000343
326952,0.242736,0.870324,-0.336993,0.231211,0.278534,0.275471,-0.890548,338.228531,0.000343
326956,0.242060,0.870949,-0.336857,0.230026,0.279139,0.273065,-0.891406,336.480331,0.000687
326960,0.241464,0.871523,-0.336793,0.229187,0.279157,0.270684,-0.892343,334.547081,0.000343
326963,0.241090,0.871885,-0.336694,0.228490,0.279393,0.269339,-0.892854,332.795105,0.000343
326967,0.240439,0.872458,-0.336612,0.227366,0.280237,0.267080,-0.893555,331.233330,0.000343
326970,0.240006,0.872895,-0.336589,0.226759,0.280306,0.265463,-0.894169,329.478951,0.000687
326974,0.239409,0.873442,-0.336426,0.225855,0.280551,0.263075,-0.895026,327.546387,0.000343
326977,0.238929,0.873897,-0.336349,0.225338,0.280572,0.261177,-0.895706,325.961609,0.000343
326981,0.238380,0.874428,-0.336282,0.224670,0.280333,0.259011,-0.896577,324.219933,0.000343
326984,0.237876,0.874764,-0.336177,0.223347,0.281525,0.257734,-0.896902,322.470703,0.000343
326988,0.237549,0.875434,-0.335915,0.222369,0.285058,0.252076,-0.897637,320.723534,0.000343
326991,0.236823,0.875726,-0.336058,0.221945,0.281734,0.253841,-0.898293,318.804703,0.000343
326995,0.236607,0.876398,-0.335719,0.221373,0.284679,0.248209,-0.899080,317.061996,0.000687
326998,0.236060,0.876704,-0.335682,0.219822,0.286123,0.246976,-0.899341,315.478935,0.000343
327002,0.235313,0.877471,-0.335351,0.215054,0.284426,0.249500,-0.900335,313.736572,0.000000
327006,0.234740,0.878000,-0.335214,0.213939,0.284882,0.247400,-0.901036,311.981163,0.000343
327009,0.234898,0.879042,-0.334719,0.210613,0.289726,0.240109,-0.902246,310.219574,0.000343
327013,0.234118,0.879372,-0.334917,0.211973,0.284623,0.244334,-0.902418,308.472748,0.000343
327016,0.233253,0.879295,-0.334805,0.211002,0.287476,0.240646,-0.902732,306.727295,0.000687
327020,0.232673,0.879817,-0.334702,0.210074,0.287911,0.238277,-0.903438,304.963989,0.000343
327023,0.232087,0.880085,-0.334670,0.210034,0.286483,0.238274,-0.903902,303.213043,0.000343
327027,0.231588,0.880664,-0.334549,0.209681,0.286061,0.235494,-0.904846,301.468964,0.000343
327031,0.230939,0.881066,-0.334452,0.207242,0.288348,0.233965,-0.905078,299.724541,0.000687
327034,0.230537,0.881400,-0.334330,0.206403,0.288646,0.232137,-0.905646,297.981834,0.000343
327038,0.230000,0.882077,-0.334125,0.204467,0.290127,0.228515,-0.906532,296.243591,0.000343
327041,0.229633,0.882498,-0.334031,0.204478,0.289585,0.226495,-0.907210,294.323387,0.000343
327045,0.228757,0.882743,-0.333928,0.203148,0.289576,0.226504,-0.907509,292.555275,0.000687
327048,0.228227,0.883168,-0.333850,0.202194,0.290034,0.224485,-0.908077,290.973244,0.000687
327052,0.227606,0.883675,-0.333745,0.201028,0.290558,0.221938,-0.908794,289.226074,0.000343
327055,0.227255,0.884115,-0.333609,0.200453,0.290749,0.219580,-0.909433,287.468262,0.000343
327059,0.226505,0.884557,-0.333533,0.198382,0.292262,0.217625,-0.909872,285.719032,0.000343
327062,0.225874,0.884806,-0.333497,0.198478,0.290930,0.217719,-0.910255,283.990746,0.000343
327066,0.225358,0.885325,-0.333323,0.196914,0.291976,0.214723,-0.910971,282.230530,0.000343
327070,0.224751,0.885889,-0.333201,0.196289,0.291823,0.211947,-0.911805,280.481644,0.000343
327073,0.224300,0.886215,-0.333108,0.195598,0.292125,0.210078,-0.912289,278.737564,0.000343
327077,0.223726,0.886621,-0.332922,0.193368,0.293791,0.207962,-0.912714,276.811867,0.000343
327080,0.223189,0.887050,-0.332803,0.192419,0.294007,0.205955,-0.913300,275.041351,0.000687
327084,0.222459,0.887509,-0.332687,0.191041,0.294726,0.203697,-0.913864,273.476830,0.000687
327087,0.222104,0.887846,-0.332582,0.190828,0.294366,0.202112,-0.914377,271.555939,0.000687
327091,0.221269,0.888295,-0.332510,0.189146,0.294946,0.200161,-0.914968,269.968414,0.000687
327094,0.220763,0.888693,-0.332424,0.188221,0.295325,0.198167,-0.915470,268.220901,0.000343
327098,0.220123,0.889087,-0.332248,0.186638,0.296052,0.196217,-0.915980,266.490898,0.000343
327101,0.219641,0.889461,-0.332185,0.186251,0.295884,0.194338,-0.916513,264.726219,0.000343
327105,0.219115,0.890210,-0.331967,0.184077,0.296854,0.193674,-0.916779,262.802925,0.000343
327109,0.218170,0.890395,-0.331862,0.183494,0.296932,0.189714,-0.917698,261.049576,0.000343
327112,0.217791,0.890805,-0.331756,0.182554,0.296952,0.188712,-0.918086,259.477501,0.000343
327116,0.217014,0.891147,-0.331648,0.181322,0.297299,0.186416,-0.918686,257.717628,0.000687
327119,0.216452,0.891501,-0.331581,0.180067,0.297850,0.184718,-0.919097,255.970459,0.000343
327123,0.215707,0.891955,-0.331467,0.178877,0.298213,0.182253,-0.919704,254.220200,0.000343
327126,0.215234,0.892257,-0.331380,0.177991,0.298369,0.180693,-0.920133,252.469254,0.000343
327127,0.215065,0.892366,-0.331349,0.177686,0.298520,0.180030,-0.920273,250.541840,0.000687
327132,0.214135,0.893274,-0.331139,0.175374,0.299386,0.177632,-0.920901,248.802910,0.000343
327136,0.213381,0.893387,-0.330982,0.174437,0.299577,0.174714,-0.921575,247.053680,0.000343
327139,0.212896,0.893791,-0.330843,0.173304,0.299952,0.173138,-0.921964,245.490875,0.000687
327143,0.212102,0.894167,-0.330758,0.172250,0.300124,0.170459,-0.922605,243.738213,0.000343
327147,0.211381,0.894595,-0.330554,0.170913,0.300587,0.168383,-0.923084,241.972504,0.000687
327150,0.210920,0.894976,-0.330456,0.169840,0.300906,0.166544,-0.923511,240.212288,0.000343
327154,0.210177,0.895294,-0.330355,0.168617,0.301326,0.164284,-0.924003,238.462715,0.000343
327157,0.209663,0.895557,-0.330256,0.167761,0.301570,0.162906,-0.924323,236.716232,0.000687
327161,0.208841,0.896036,-0.330155,0.166336,0.301813,0.160106,-0.924990,234.965630,0.000343
327164,0.208428,0.896379,-0.330005,0.165375,0.302052,0.158843,-0.925302,233.219490,0.000687
327168,0.207612,0.896594,-0.330022,0.165564,0.301937,0.154718,-0.926005,231.304092,0.000343
327172,0.207026,0.897126,-0.329936,0.164346,0.302283,0.152971,-0.926399,229.727211,0.000343
327175,0.206585,0.897418,-0.329787,0.163115,0.302694,0.151521,-0.926721,227.812157,0.000343
327179,0.206019,0.897865,-0.329354,0.162565,0.301938,0.149444,-0.927401,226.245918,0.000343
327182,0.205432,0.898049,-0.329596,0.161293,0.303272,0.147922,-0.927432,224.484673,0.000343
327186,0.204600,0.898265,-0.329387,0.159778,0.303510,0.144932,-0.928088,222.728920,0.000343
327189,0.204056,0.898532,-0.329293,0.159049,0.303731,0.143271,-0.928399,220.965614,0.000343
327193,0.203604,0.899326,-0.328884,0.157964,0.303022,0.142435,-0.928944,219.217758,0.000343
327196,0.202983,0.899365,-0.329052,0.156655,0.304461,0.140389,-0.929007,217.470245,0.000687
327200,0.202261,0.899733,-0.328903,0.155222,0.305023,0.138203,-0.929391,215.723076,0.000343
327203,0.201700,0.899920,-0.328797,0.154293,0.305394,0.136289,-0.929706,213.799782,0.000687
327207,0.201043,0.900340,-0.328641,0.153011,0.305607,0.134302,-0.930137,212.229424,0.000343
327211,0.200161,0.900519,-0.328449,0.151871,0.305805,0.131234,-0.930697,210.476761,0.000343
327214,0.199638,0.900774,-0.328339,0.151024,0.305997,0.129692,-0.930987,208.736115,0.000687
327218,0.198945,0.901096,-0.328217,0.149759,0.306321,0.127447,-0.931395,206.982079,0.000343
327221,0.198357,0.901379,-0.328114,0.148722,0.306695,0.125604,-0.931689,205.228043,0.000343
327225,0.197643,0.901710,-0.328005,0.147428,0.307004,0.123543,-0.932068,203.306465,0.000343
327228,0.197140,0.901961,-0.327889,0.146525,0.307232,0.121862,-0.932357,201.562042,0.000343
327232,0.196360,0.902316,-0.327733,0.145199,0.307670,0.119462,-0.932730,199.974861,0.000343
327235,0.195841,0.902533,-0.327636,0.144347,0.307797,0.118030,-0.933003,198.228722,0.000343
327239,0.195134,0.902866,-0.327461,0.143102,0.308015,0.115715,-0.933412,196.482582,0.000343
327242,0.194521,0.903156,-0.327352,0.142031,0.308343,0.113791,-0.933704,194.730263,0.000343
327246,0.193779,0.903455,-0.327209,0.140646,0.308761,0.111647,-0.934034,192.972450,0.000343
327250,0.192988,0.903806,-0.327057,0.139210,0.309018,0.109244,-0.934448,191.222878,0.000343
327253,0.192378,0.904069,-0.326967,0.138410,0.309226,0.107292,-0.934725,189.474678,0.000343
327257,0.191722,0.904527,-0.326824,0.136829,0.309592,0.105832,-0.935003,187.733002,0.000343
327260,0.191090,0.904791,-0.326719,0.135834,0.309970,0.103948,-0.935234,185.983086,0.000343
327264,0.190337,0.905106,-0.326585,0.134504,0.310300,0.101705,-0.935563,184.232140,0.000343
327267,0.189791,0.905337,-0.326442,0.133338,0.310538,0.099982,-0.935837,182.476387,0.000343
327271,0.188937,0.905685,-0.326283,0.132004,0.310835,0.097202,-0.936220,180.729561,0.000343
327274,0.188381,0.905905,-0.326137,0.131064,0.311088,0.095560,-0.936437,178.802147,0.000343
327278,0.187673,0.906182,-0.325976,0.129726,0.311197,0.093657,-0.936780,177.228355,0.000343
327282,0.186798,0.906521,-0.325837,0.128267,0.311537,0.090982,-0.937131,175.471573,0.000343
327285,0.186099,0.906568,-0.325741,0.127430,0.311566,0.088522,-0.937471,173.728523,0.000343
327289,0.185357,0.906877,-0.325581,0.125983,0.311964,0.086552,-0.937718,171.980324,0.000343
327292,0.184675,0.907121,-0.325470,0.124886,0.312244,0.083753,-0.938026,170.226631,0.000343
327296,0.183930,0.907390,-0.325320,0.123720,0.312469,0.082222,-0.938241,168.478088,0.000343
327299,0.183371,0.907547,-0.325233,0.122917,0.312522,0.080306,-0.938495,166.728172,0.000343
327303,0.182523,0.907844,-0.325093,0.121404,0.312713,0.077770,-0.938842,164.971733,0.000343
327307,0.181823,0.908249,-0.324934,0.119914,0.313364,0.075921,-0.938967,163.227997,0.000343
327310,0.181280,0.908442,-0.324804,0.118945,0.313570,0.074267,-0.939154,161.302643,0.000343
327314,0.180505,0.908721,-0.324634,0.117631,0.313810,0.071921,-0.939422,159.726791,0.000343
327317,0.179950,0.908877,-0.324521,0.116652,0.313943,0.070405,-0.939614,157.975502,0.000343
327321,0.179143,0.909147,-0.324381,0.115309,0.313988,0.068098,-0.939935,156.224556,0.000343
327324,0.178507,0.909380,-0.324253,0.114218,0.314475,0.066076,-0.940050,154.471207,0.000343
327328,0.177712,0.909606,-0.324101,0.112767,0.314802,0.063738,-0.940277,152.547569,0.000343
327332,0.176786,0.909709,-0.323952,0.111714,0.314866,0.060502,-0.940595,150.800743,0.000343
327335,0.176229,0.909887,-0.323840,0.110806,0.314956,0.058911,-0.940773,149.064560,0.000000
327338,0.175747,0.910014,-0.323721,0.109962,0.314984,0.057740,-0.940936,147.480469,0.000343
327342,0.174951,0.910268,-0.323584,0.108572,0.315321,0.055217,-0.941136,145.722656,0.000343
327345,0.174444,0.910581,-0.323470,0.107265,0.315999,0.054130,-0.941121,143.974457,0.000343
327349,0.173697,0.910766,-0.323310,0.106011,0.316157,0.051733,-0.941345,142.046356,0.000343
327353,0.172895,0.911015,-0.323160,0.104688,0.316123,0.049949,-0.941601,140.294037,0.000343
327356,0.172284,0.911158,-0.323049,0.103818,0.316325,0.047880,-0.941737,138.726768,0.000343
327360,0.171598,0.911341,-0.322902,0.102636,0.316591,0.045867,-0.941877,136.810341,0.000343
327363,0.170961,0.911536,-0.322803,0.101520,0.316939,0.043883,-0.941975,135.224190,0.000343
327367,0.170140,0.911744,-0.322644,0.100099,0.317263,0.041387,-0.942132,133.489380,0.000343
327370,0.169494,0.911824,-0.322534,0.099180,0.317319,0.039630,-0.942285,131.736031,0.000343
327374,0.168597,0.911972,-0.322355,0.097924,0.317368,0.036803,-0.942515,129.970665,0.000343
327377,0.168031,0.912112,-0.322198,0.096800,0.317622,0.034978,-0.942615,128.218002,0.000000
327381,0.167316,0.912387,-0.322040,0.095484,0.318032,0.033068,-0.942680,126.302948,0.000343
327385,0.166486,0.912707,-0.321770,0.094380,0.317661,0.031262,-0.942978,124.719543,0.000343
327388,0.165886,0.912826,-0.321643,0.093443,0.317723,0.029497,-0.943107,122.801743,0.000343
327392,0.164989,0.912954,-0.321623,0.091718,0.318693,0.027077,-0.943021,121.225548,0.000000
327395,0.164364,0.913085,-0.321516,0.090713,0.319053,0.025114,-0.943051,119.477348,0.000343
327399,0.163740,0.913312,-0.321253,0.089906,0.318582,0.023123,-0.943339,117.727089,0.000343
327402,0.163117,0.913429,-0.321156,0.088833,0.318676,0.021451,-0.943448,115.995369,0.000000
327406,0.162131,0.913590,-0.320971,0.087312,0.318974,0.018495,-0.943552,114.239273,0.000000
327409,0.161508,0.913730,-0.320861,0.086333,0.319309,0.016849,-0.943560,112.477684,0.000343
327413,0.160673,0.913886,-0.320670,0.084795,0.319660,0.014396,-0.943621,110.724678,0.000343
327416,0.159977,0.914019,-0.320529,0.083743,0.319819,0.012511,-0.943688,108.992271,0.000000
327420,0.159196,0.914160,-0.320387,0.082500,0.319950,0.010274,-0.943780,107.228966,0.000000
327424,0.158413,0.914306,-0.320251,0.081270,0.320097,0.008007,-0.943859,105.484200,0.000000
327427,0.157741,0.914450,-0.320151,0.080094,0.320400,0.006027,-0.943871,103.744240,0.000000
327431,0.156936,0.914576,-0.320005,0.078730,0.320647,0.003679,-0.943914,101.999817,0.000000
327434,0.156292,0.914668,-0.319901,0.077671,0.320860,0.001976,-0.943934,100.259514,0.000000
327438,0.155394,0.914711,-0.319690,0.076407,0.320817,-0.000754,-0.944054,98.533287,0.000000
327441,0.154892,0.914856,-0.319584,0.075404,0.321141,-0.002193,-0.944022,96.809120,0.000000
327445,0.154082,0.914984,-0.319451,0.073997,0.321246,-0.004294,-0.944091,95.076370,0.000343
327448,0.153379,0.915098,-0.319315,0.072731,0.321611,-0.006420,-0.944053,93.364220,0.000000
327452,0.152473,0.915236,-0.319166,0.071300,0.321642,-0.009046,-0.944130,91.646233,0.000000
327456,0.151732,0.915311,-0.318987,0.070015,0.322057,-0.011003,-0.944064,89.930649,-0.000343
327459,0.151172,0.915403,-0.318896,0.069057,0.322122,-0.012693,-0.944091,88.059196,0.000000
327463,0.150419,0.915516,-0.318771,0.067612,0.322201,-0.014723,-0.944139,86.543770,0.000000
327466,0.149746,0.915488,-0.318647,0.066956,0.322035,-0.017048,-0.944203,84.843636,0.000000
327470,0.149033,0.915638,-0.318531,0.065721,0.322462,-0.018713,-0.944113,83.158951,0.000000
327473,0.148410,0.915709,-0.318372,0.064482,0.322685,-0.020537,-0.944084,81.491432,0.000000
327477,0.147550,0.915813,-0.318245,0.063061,0.322917,-0.022889,-0.944047,79.816360,0.000343
327480,0.147013,0.915862,-0.318130,0.062237,0.323023,-0.024279,-0.944030,78.159485,0.000000
327484,0.146338,0.915923,-0.318019,0.061200,0.323143,-0.026196,-0.944006,76.515312,0.000000
327487,0.145808,0.915996,-0.317933,0.060286,0.323217,-0.027874,-0.943991,74.868736,0.000000
327491,0.144979,0.915980,-0.317757,0.059057,0.323191,-0.030413,-0.944000,73.243446,0.000000
327495,0.144167,0.916093,-0.317645,0.057619,0.323539,-0.032345,-0.943905,71.627426,0.000000
327498,0.143589,0.916146,-0.317502,0.056635,0.323680,-0.033811,-0.943865,70.011063,0.000000
327502,0.142888,0.916206,-0.317336,0.055394,0.323814,-0.035953,-0.943813,68.403625,0.000000
327505,0.142393,0.916246,-0.317238,0.054533,0.323994,-0.037409,-0.943745,66.659889,0.000000
327509,0.141739,0.916300,-0.317096,0.053323,0.324127,-0.039528,-0.943682,65.242310,0.000000
327512,0.141252,0.916336,-0.317021,0.052577,0.324234,-0.040764,-0.943635,63.687057,0.000000
327516,0.140509,0.916326,-0.316854,0.051447,0.324131,-0.042982,-0.943634,62.126999,-0.000343
327519,0.139860,0.916337,-0.316735,0.050575,0.324227,-0.044785,-0.943564,60.583076,0.000000
327523,0.139149,0.916418,-0.316622,0.049131,0.324630,-0.046583,-0.943415,59.057007,0.000000
327527,0.138513,0.916452,-0.316539,0.048198,0.324720,-0.048160,-0.943353,57.545013,0.000000
327530,0.137996,0.916488,-0.316466,0.047369,0.324819,-0.049713,-0.943280,56.049843,0.000000
327534,0.137340,0.916529,-0.316330,0.046144,0.325082,-0.051459,-0.943157,54.564629,0.000000
327537,0.136806,0.916560,-0.316232,0.045277,0.325119,-0.053037,-0.943099,52.942772,-0.000343
327541,0.136028,0.916587,-0.316076,0.044024,0.325361,-0.054914,-0.942967,51.627846,-0.000343
327544,0.135532,0.916601,-0.315974,0.043218,0.325453,-0.056391,-0.942885,50.188980,-0.000343
327548,0.134913,0.916572,-0.315817,0.042330,0.325502,-0.058311,-0.942792,48.772430,-0.000343
327551,0.134452,0.916591,-0.315725,0.041536,0.325605,-0.059705,-0.942704,47.373390,-0.000343
327555,0.133795,0.916548,-0.315584,0.040498,0.325710,-0.061569,-0.942593,45.981216,-0.000343
327558,0.133317,0.916613,-0.315491,0.039439,0.325900,-0.062610,-0.942504,44.607239,-0.000343
327562,0.132590,0.916653,-0.315370,0.038308,0.326073,-0.064498,-0.942364,43.262444,-0.000343
327566,0.131902,0.916659,-0.315245,0.037208,0.326244,-0.066449,-0.942213,41.929321,-0.000343
327569,0.131432,0.916665,-0.315189,0.036438,0.326284,-0.067738,-0.942137,40.596542,0.000000
327573,0.130756,0.916620,-0.315089,0.035665,0.326189,-0.069843,-0.942046,39.288826,-0.000343
327576,0.130282,0.916616,-0.315008,0.034794,0.326325,-0.070969,-0.941948,37.886009,-0.000343
327580,0.129702,0.916628,-0.314899,0.033828,0.326490,-0.072698,-0.941794,36.747208,-0.000343
327583,0.129275,0.916621,-0.314790,0.032994,0.326591,-0.073882,-0.941696,35.504379,-0.000343
327587,0.128651,0.916585,-0.314663,0.032147,0.326609,-0.075870,-0.941561,34.289017,-0.000343
327590,0.128232,0.916631,-0.314599,0.031267,0.326902,-0.076822,-0.941412,33.092537,-0.000343
327594,0.127603,0.916626,-0.314476,0.030277,0.326954,-0.078778,-0.941264,31.913223,-0.000343
327598,0.127038,0.916614,-0.314365,0.029375,0.326964,-0.080321,-0.941159,30.760689,-0.000343
327601,0.126630,0.916604,-0.314265,0.028703,0.326977,-0.081387,-0.941084,29.618111,-0.000343
327605,0.126041,0.916559,-0.314161,0.027928,0.326916,-0.083044,-0.940983,28.498535,0.000000
327608,0.125651,0.916550,-0.314090,0.027180,0.327110,-0.084145,-0.940840,27.406769,-0.000343
327612,0.125144,0.916550,-0.314048,0.026424,0.327195,-0.085521,-0.940708,26.352425,-0.000343
327615,0.124796,0.916538,-0.314007,0.025886,0.327274,-0.086551,-0.940601,25.323486,-0.000343
327619,0.124301,0.916518,-0.313927,0.024991,0.327345,-0.087957,-0.940470,24.288712,-0.000343
327622,0.123893,0.916515,-0.313868,0.024376,0.327376,-0.089138,-0.940364,23.280373,-0.000343
327626,0.123347,0.916440,-0.313723,0.023608,0.327327,-0.090973,-0.940225,22.306709,-0.000343
327629,0.122970,0.916475,-0.313664,0.022783,0.327604,-0.091762,-0.940072,21.369781,-0.000343
327633,0.122537,0.916469,-0.313580,0.022111,0.327660,-0.092947,-0.939953,20.450020,-0.000343
327637,0.122164,0.916456,-0.313508,0.021502,0.327700,-0.093967,-0.939851,19.577293,-0.000343
327640,0.121849,0.916399,-0.313452,0.021195,0.327490,-0.095204,-0.939807,18.698730,-0.000343
327644,0.121479,0.916377,-0.313367,0.020469,0.327517,-0.096277,-0.939705,17.840080,-0.000343
327647,0.121176,0.916358,-0.313307,0.019893,0.327639,-0.097151,-0.939584,16.946068,-0.000343
327651,0.120758,0.916285,-0.313207,0.019281,0.327698,-0.098311,-0.939456,16.232300,-0.000343
327655,0.120372,0.916306,-0.313146,0.018439,0.327888,-0.099115,-0.939322,15.463600,-0.000343
327658,0.120079,0.916302,-0.313098,0.017959,0.328001,-0.099985,-0.939200,14.718246,-0.000343
327662,0.119748,0.916276,-0.313032,0.017371,0.328004,-0.100917,-0.939110,14.006195,-0.000343
327665,0.119502,0.916274,-0.313008,0.017022,0.328134,-0.101646,-0.938992,13.314056,-0.000343
327669,0.119150,0.916256,-0.312952,0.016381,0.328126,-0.102675,-0.938894,12.635994,-0.000343
327672,0.118911,0.916238,-0.312918,0.015944,0.328195,-0.103352,-0.938804,11.979218,-0.000343
327676,0.118632,0.916226,-0.312878,0.015510,0.328119,-0.104282,-0.938735,11.347160,-0.000343
327679,0.118401,0.916166,-0.312824,0.015312,0.327997,-0.104997,-0.938701,10.736732,-0.000343
327683,0.118129,0.916148,-0.312770,0.014886,0.328064,-0.105827,-0.938591,10.165100,-0.000343
327686,0.117958,0.916130,-0.312729,0.014609,0.328120,-0.106352,-0.938516,9.619904,-0.000343
327690,0.117744,0.916111,-0.312672,0.014185,0.328128,-0.107023,-0.938444,9.034538,-0.000343
327693,0.117577,0.916096,-0.312628,0.013843,0.328199,-0.107510,-0.938368,8.575516,-0.000343
327697,0.117325,0.916072,-0.312569,0.013332,0.328187,-0.108247,-0.938295,8.051949,-0.000343
327700,0.117141,0.916064,-0.312529,0.013028,0.328218,-0.108713,-0.938235,7.503662,-0.000343
327704,0.116864,0.916041,-0.312488,0.012568,0.328289,-0.109351,-0.938142,7.044296,-0.000343
327708,0.116600,0.916033,-0.312453,0.012236,0.328328,-0.110080,-0.938048,6.644325,-0.000343
327711,0.116413,0.916019,-0.312429,0.011955,0.328307,-0.110667,-0.937990,6.226158,-0.000343
327715,0.116194,0.915996,-0.312401,0.011496,0.328435,-0.111052,-0.937905,5.796661,-0.000343
327718,0.116066,0.915983,-0.312394,0.011281,0.328423,-0.111570,-0.937850,5.448189,-0.000343
327722,0.115911,0.915929,-0.312372,0.011147,0.328371,-0.112203,-0.937795,5.094566,-0.000343
327725,0.115805,0.915915,-0.312352,0.010924,0.328383,-0.112629,-0.937742,4.748497,-0.000343
327729,0.115663,0.915904,-0.312316,0.010730,0.328387,-0.113039,-0.937693,4.389381,-0.000343
327732,0.115558,0.915887,-0.312279,0.010510,0.328365,-0.113415,-0.937658,4.087601,-0.000343
327736,0.115400,0.915869,-0.312224,0.010229,0.328450,-0.113757,-0.937590,3.771744,-0.000343
327740,0.115257,0.915851,-0.312188,0.009926,0.328466,-0.114251,-0.937528,3.471336,-0.000343
327743,0.115143,0.915848,-0.312170,0.009747,0.328498,-0.114529,-0.937484,3.193932,-0.000343
327747,0.115002,0.915873,-0.312176,0.009311,0.328730,-0.114625,-0.937396,2.940559,-0.000343
327750,0.114903,0.915865,-0.312172,0.009197,0.328698,-0.114842,-0.937382,2.684784,-0.000343
327754,0.114774,0.915859,-0.312161,0.009079,0.328662,-0.115300,-0.937339,2.482910,-0.000343
327757,0.114685,0.915852,-0.312152,0.008933,0.328742,-0.115438,-0.937296,2.270393,-0.000343
327761,0.114583,0.915841,-0.312129,0.008774,0.328665,-0.115734,-0.937288,2.068176,-0.000343
327764,0.114517,0.915833,-0.312108,0.008656,0.328738,-0.115918,-0.937240,1.877632,0.000000
327768,0.114441,0.915819,-0.312075,0.008429,0.328795,-0.116125,-0.937197,1.682625,-0.000343
327771,0.114393,0.915810,-0.312058,0.008355,0.328802,-0.116150,-0.937192,1.510963,-0.000343
327775,0.114342,0.915812,-0.312042,0.008281,0.328739,-0.116495,-0.937172,1.355782,-0.000343
327779,0.114281,0.915805,-0.312025,0.008129,0.328788,-0.116645,-0.937137,1.216393,-0.000343
327782,0.114211,0.915752,-0.312002,0.008261,0.328590,-0.117083,-0.937151,1.081123,-0.000343
327786,0.114152,0.915746,-0.311998,0.008135,0.328593,-0.117278,-0.937127,0.951347,-0.000343
327789,0.114092,0.915743,-0.311993,0.008067,0.328610,-0.117444,-0.937101,0.840111,-0.000343
327793,0.114030,0.915737,-0.311985,0.007986,0.328594,-0.117565,-0.937092,0.744667,-0.000343
327796,0.113989,0.915739,-0.311978,0.007960,0.328528,-0.117712,-0.937097,0.650253,-0.000343
327800,0.113937,0.915739,-0.311969,0.007877,0.328585,-0.117789,-0.937068,0.554466,-0.000343
327803,0.113904,0.915737,-0.311968,0.007811,0.328609,-0.117884,-0.937048,0.470695,-0.000343
327807,0.113856,0.915734,-0.311967,0.007800,0.328599,-0.117990,-0.937038,0.393448,-0.000343
327811,0.113815,0.915732,-0.311962,0.007690,0.328714,-0.117988,-0.936999,0.339546,-0.000343
327814,0.113790,0.915729,-0.311956,0.007671,0.328660,-0.118099,-0.937004,0.291824,-0.000343
327818,0.113759,0.915736,-0.311952,0.007684,0.328633,-0.118190,-0.937002,0.245132,-0.000343
327821,0.113749,0.915725,-0.311942,0.007597,0.328624,-0.118271,-0.936996,0.192604,-0.000343
327825,0.113732,0.915727,-0.311941,0.007651,0.328648,-0.118294,-0.936984,0.152779,-0.000343
327828,0.113735,0.915729,-0.311928,0.007609,0.328625,-0.118349,-0.936985,0.111580,-0.000343
327832,0.113716,0.915719,-0.311908,0.007481,0.328729,-0.118343,-0.936951,0.087891,-0.000343
327836,0.113708,0.915720,-0.311896,0.007475,0.328623,-0.118445,-0.936975,0.063515,-0.000343
327839,0.113699,0.915721,-0.311884,0.007473,0.328669,-0.118403,-0.936964,0.042915,-0.000343
327842,0.113679,0.915719,-0.311876,0.007404,0.328651,-0.118455,-0.936964,0.028839,-0.000343
327846,0.113657,0.915717,-0.311881,0.007435,0.328677,-0.118460,-0.936954,0.019569,-0.000687
327850,0.113637,0.915717,-0.311901,0.007439,0.328601,-0.118584,-0.936965,0.010300,-0.000343
327853,0.113630,0.915716,-0.311904,0.007400,0.328667,-0.118574,-0.936944,0.006866,-0.000343
327857,0.113623,0.915717,-0.311916,0.007417,0.328610,-0.118612,-0.936959,0.003433,-0.000343
327860,0.113629,0.915722,-0.311915,0.007388,0.328630,-0.118546,-0.936960,-0.000687,-0.000343
327864,0.113612,0.915716,-0.311905,0.007362,0.328656,-0.118651,-0.936938,-0.005493,-0.000343
327867,0.113614,0.915714,-0.311889,0.007316,0.328714,-0.118590,-0.936926,-0.008926,-0.000343
327871,0.113618,0.915714,-0.311873,0.007358,0.328631,-0.118737,-0.936936,-0.009956,-0.000343
327874,0.113626,0.915713,-0.311867,0.007342,0.328653,-0.118612,-0.936944,-0.010300,-0.000343
327878,0.113627,0.915712,-0.311864,0.007288,0.328679,-0.118690,-0.936926,-0.009956,-0.000343
327882,0.113621,0.915711,-0.311872,0.007330,0.328665,-0.118629,-0.936938,-0.010300,-0.000343
327885,0.113600,0.915710,-0.311885,0.007310,0.328642,-0.118710,-0.936936,-0.009956,-0.000343
327889,0.113588,0.915717,-0.311896,0.007355,0.328617,-0.118693,-0.936946,-0.010300,-0.000343
327892,0.113573,0.915720,-0.311900,0.007339,0.328587,-0.118741,-0.936951,-0.009956,-0.000343
327896,0.113560,0.915716,-0.311900,0.007308,0.328690,-0.118693,-0.936921,-0.009956,-0.000343
327899,0.113562,0.915716,-0.311892,0.007284,0.328652,-0.118736,-0.936929,-0.009956,-0.000343
327903,0.113580,0.915720,-0.311879,0.007276,0.328661,-0.118673,-0.936934,-0.009270,-0.000343
327906,0.113579,0.915715,-0.311872,0.007284,0.328667,-0.118747,-0.936923,-0.008926,-0.000343
327910,0.113589,0.915710,-0.311860,0.007238,0.328719,-0.118653,-0.936917,-0.008240,-0.000343
327914,0.113586,0.915713,-0.311863,0.007313,0.328683,-0.118686,-0.936925,-0.006523,-0.000343
327917,0.113580,0.915709,-0.311863,0.007291,0.328684,-0.118632,-0.936931,-0.004807,-0.000343
327921,0.113575,0.915717,-0.311878,0.007276,0.328654,-0.118738,-0.936929,-0.002747,-0.000343
327924,0.113565,0.915720,-0.311886,0.007320,0.328661,-0.118711,-0.936929,-0.000687,-0.000343
327928,0.113548,0.915714,-0.311890,0.007236,0.328701,-0.118726,-0.936914,0.001373,-0.000343
327931,0.113541,0.915712,-0.311891,0.007251,0.328725,-0.118689,-0.936910,0.002747,-0.000343
327935,0.113542,0.915715,-0.311889,0.007271,0.328682,-0.118796,-0.936911,0.003090,-0.000343
327938,0.113544,0.915716,-0.311877,0.007273,0.328730,-0.118718,-0.936904,0.003777,-0.000343
327942,0.113542,0.915717,-0.311873,0.007279,0.328685,-0.118775,-0.936913,0.003777,-0.000343
327945,0.113547,0.915717,-0.311865,0.007301,0.328701,-0.118712,-0.936915,0.003777,-0.000343
327949,0.113535,0.915709,-0.311888,0.007580,0.328192,-0.119301,-0.937016,0.004120,-0.000343
327953,0.113539,0.915712,-0.311864,0.007250,0.328650,-0.118819,-0.936920,0.004120,-0.000343
327956,0.113543,0.915713,-0.311867,0.007276,0.328657,-0.118842,-0.936914,0.003777,-0.000343
327960,0.113539,0.915715,-0.311874,0.007252,0.328732,-0.118835,-0.936889,0.003777,-0.000343
327963,0.113541,0.915713,-0.311868,0.007232,0.328718,-0.118801,-0.936899,0.003777,-0.000343
327967,0.113544,0.915719,-0.311856,0.007283,0.328680,-0.118842,-0.936906,0.003777,-0.000343
327970,0.113525,0.915708,-0.311845,0.007229,0.328672,-0.118862,-0.936907,0.003777,-0.000343
327974,0.113519,0.915713,-0.311835,0.007176,0.328736,-0.118806,-0.936892,0.003777,-0.000343
327977,0.113516,0.915711,-0.311842,0.007203,0.328654,-0.118850,-0.936915,0.004120,-0.000343
327981,0.113514,0.915716,-0.311851,0.007204,0.328730,-0.118809,-0.936893,0.004120,-0.000343
327985,0.113514,0.915715,-0.311872,0.007267,0.328724,-0.118731,-0.936905,0.003777,-0.000343
327988,0.113512,0.915718,-0.311886,0.007302,0.328629,-0.118860,-0.936921,0.003777,-0.000343
327992,0.113501,0.915717,-0.311889,0.007211,0.328756,-0.118799,-0.936885,0.004120,-0.000343
327995,0.113495,0.915717,-0.311892,0.007231,0.328689,-0.118801,-0.936909,0.003777,-0.000343
327999,0.113503,0.915718,-0.311888,0.007246,0.328682,-0.118815,-0.936909,0.003777,-0.000343
328002,0.113502,0.915710,-0.311884,0.007203,0.328704,-0.118769,-0.936908,0.003777,-0.000343
328006,0.113510,0.915711,-0.311872,0.007233,0.328721,-0.118764,-0.936902,0.003777,-0.000343
328009,0.113510,0.915710,-0.311861,0.007242,0.328655,-0.118814,-0.936919,0.003777,-0.000343
328013,0.113512,0.915708,-0.311844,0.007225,0.328734,-0.118803,-0.936893,0.003777,-0.000343
328017,0.113511,0.915711,-0.311840,0.007159,0.328705,-0.118898,-0.936891,0.003777,-0.000343
328020,0.113515,0.915709,-0.311841,0.007220,0.328629,-0.118766,-0.936934,0.003777,-0.000343
328024,0.113493,0.915712,-0.311843,0.007181,0.328732,-0.118876,-0.936884,0.003433,-0.000343
328027,0.113485,0.915703,-0.311851,0.007158,0.328743,-0.118788,-0.936892,0.003433,-0.000343
328031,0.113483,0.915714,-0.311863,0.007240,0.328652,-0.118942,-0.936904,0.003433,-0.000343
328034,0.113484,0.915712,-0.311865,0.007220,0.328716,-0.118873,-0.936890,0.003090,-0.000343
328038,0.113493,0.915708,-0.311865,0.007170,0.328673,-0.118893,-0.936903,0.003090,-0.000343
328041,0.113502,0.915711,-0.311865,0.007242,0.328670,-0.118832,-0.936911,0.003090,-0.000343
328045,0.113503,0.915709,-0.311860,0.007182,0.328666,-0.118892,-0.936905,0.003090,-0.000343
328048,0.113502,0.915709,-0.311855,0.007137,0.328765,-0.118845,-0.936877,0.002747,-0.000343
328052,0.113498,0.915712,-0.311856,0.007217,0.328665,-0.118952,-0.936898,0.002747,-0.000343
328055,0.113490,0.915709,-0.311852,0.007201,0.328673,-0.118836,-0.936910,0.002747,-0.000343
328059,0.113483,0.915710,-0.311863,0.007181,0.328678,-0.118911,-0.936899,0.002403,-0.000343
328063,0.113479,0.915711,-0.311866,0.007182,0.328668,-0.118871,-0.936908,0.002403,-0.000343
328066,0.113482,0.915717,-0.311871,0.007195,0.328669,-0.118961,-0.936895,0.001717,0.000000
328070,0.113474,0.915708,-0.311870,0.007200,0.328702,-0.118844,-0.936899,0.002060,-0.000343
328073,0.113473,0.915709,-0.311862,0.007192,0.328644,-0.118940,-0.936907,0.001717,-0.000343
328077,0.113474,0.915712,-0.311841,0.007205,0.328725,-0.118868,-0.936888,0.001717,-0.000343
328081,0.113480,0.915713,-0.311828,0.007179,0.328674,-0.118838,-0.936910,0.001373,-0.000343
328084,0.113483,0.915713,-0.311824,0.007245,0.328672,-0.118895,-0.936902,0.001030,-0.000343
328087,0.113484,0.915714,-0.311822,0.007230,0.328664,-0.118946,-0.936899,0.001030,-0.000343
328091,0.113477,0.915705,-0.311820,0.007132,0.328776,-0.118808,-0.936878,0.000687,-0.000343
328095,0.113473,0.915714,-0.311830,0.007155,0.328733,-0.118873,-0.936885,0.000687,-0.000343
328098,0.113462,0.915717,-0.311839,0.007175,0.328751,-0.118854,-0.936880,0.000343,-0.000343
328102,0.113453,0.915714,-0.311854,0.007189,0.328715,-0.118890,-0.936889,0.000687,-0.000343
328105,0.113450,0.915718,-0.311865,0.007255,0.328712,-0.118855,-0.936893,0.000343,-0.000343
328109,0.113445,0.915713,-0.311870,0.007172,0.328704,-0.118912,-0.936890,0.000343,-0.000343
328112,0.113445,0.915711,-0.311870,0.007194,0.328713,-0.118851,-0.936894,0.000343,-0.000343
328116,0.113445,0.915717,-0.311865,0.007173,0.328682,-0.118955,-0.936892,0.000000,-0.000343
328120,0.113439,0.915712,-0.311859,0.007153,0.328735,-0.118926,-0.936877,0.000000,-0.000343
328123,0.113441,0.915714,-0.311849,0.007184,0.328730,-0.118926,-0.936879,0.000000,-0.000343
328126,0.113449,0.915716,-0.311838,0.007194,0.328714,-0.118827,-0.936897,0.000000,-0.000343
328130,0.113448,0.915709,-0.311826,0.007154,0.328719,-0.118944,-0.936881,0.000000,-0.000343
328134,0.113446,0.915712,-0.311817,0.007148,0.328714,-0.118943,-0.936883,-0.000343,-0.000343
328137,0.113444,0.915709,-0.311818,0.007124,0.328647,-0.118982,-0.936901,-0.000343,0.000000
328141,0.113443,0.915711,-0.311819,0.007150,0.328737,-0.118978,-0.936870,-0.000343,-0.000343
328144,0.113445,0.915708,-0.311825,0.007122,0.328693,-0.118938,-0.936891,-0.000343,0.000000
328148,0.113459,0.915714,-0.311831,0.007215,0.328642,-0.118985,-0.936902,-0.000343,-0.000343
328151,0.113455,0.915708,-0.311838,0.007196,0.328604,-0.118956,-0.936919,-0.000343,0.000000
328155,0.113443,0.915707,-0.311829,0.007143,0.328695,-0.118893,-0.936895,-0.000343,-0.000343
328159,0.113441,0.915716,-0.311826,0.007135,0.328701,-0.118869,-0.936897,-0.000343,-0.000343
328162,0.113433,0.915711,-0.311828,0.007112,0.328701,-0.118954,-0.936886,-0.000343,0.000000
328166,0.113432,0.915713,-0.311831,0.007158,0.328761,-0.118911,-0.936870,-0.000343,0.000000
328169,0.113435,0.915712,-0.311839,0.007182,0.328656,-0.118927,-0.936905,-0.000343,-0.000343
328173,0.113434,0.915710,-0.311836,0.007151,0.328742,-0.118858,-0.936883,-0.000343,0.000000
328176,0.113432,0.915706,-0.311838,0.007124,0.328702,-0.118919,-0.936890,-0.000343,0.000000
328180,0.113440,0.915712,-0.311836,0.007176,0.328693,-0.118933,-0.936891,-0.000343,0.000000
328183,0.113435,0.915710,-0.311833,0.007157,0.328647,-0.118912,-0.936910,-0.000343,0.000000
328187,0.113432,0.915705,-0.311837,0.007138,0.328722,-0.118868,-0.936889,-0.000343,0.000000
328190,0.113428,0.915712,-0.311842,0.007121,0.328736,-0.118949,-0.936874,-0.000687,-0.000343
328194,0.113420,0.915712,-0.311845,0.007165,0.328722,-0.118941,-0.936880,-0.000343,0.000000
328197,0.113422,0.915712,-0.311846,0.007147,0.328751,-0.118947,-0.936869,-0.000343,0.000000
328201,0.113424,0.915710,-0.311846,0.007165,0.328651,-0.118913,-0.936908,-0.000343,0.000000
328205,0.113430,0.915704,-0.311838,0.007117,0.328697,-0.119030,-0.936878,-0.000687,0.000000
328208,0.113440,0.915709,-0.311834,0.007119,0.328750,-0.118881,-0.936878,-0.000343,0.000000
328212,0.113453,0.915707,-0.311826,0.007137,0.328666,-0.119028,-0.936888,-0.000343,0.000000
328216,0.113467,0.915711,-0.311810,0.007115,0.328731,-0.118924,-0.936879,-0.000687,0.000000
328219,0.113463,0.915704,-0.311802,0.007124,0.328730,-0.118946,-0.936877,-0.000343,0.000000
328222,0.113464,0.915710,-0.311798,0.007157,0.328726,-0.118952,-0.936877,-0.000687,0.000000
328226,0.113447,0.915701,-0.311803,0.007129,0.328686,-0.118985,-0.936887,-0.000343,0.000000
328230,0.113436,0.915709,-0.311810,0.007106,0.328724,-0.118922,-0.936882,-0.000343,0.000000
328233,0.113423,0.915713,-0.311825,0.007150,0.328660,-0.119018,-0.936892,-0.000343,-0.000343
328237,0.113399,0.915712,-0.311836,0.007135,0.328747,-0.118977,-0.936867,-0.000687,0.000000
328240,0.113390,0.915710,-0.311843,0.007125,0.328714,-0.119037,-0.936871,-0.000343,0.000000
328244,0.113398,0.915715,-0.311851,0.007201,0.328672,-0.119015,-0.936888,-0.000687,0.000000
328247,0.113400,0.915718,-0.311853,0.007198,0.328660,-0.119064,-0.936886,-0.000343,0.000000
328251,0.113415,0.915705,-0.311842,0.007143,0.328716,-0.118918,-0.936885,-0.000343,0.000000
328254,0.113433,0.915714,-0.311835,0.007134,0.328710,-0.119027,-0.936873,-0.000343,0.000000
328258,0.113445,0.915708,-0.311814,0.007162,0.328744,-0.118975,-0.936868,-0.000343,0.000000
328262,0.113456,0.915709,-0.311791,0.007137,0.328769,-0.118929,-0.936865,-0.000343,0.000000
328265,0.113446,0.915705,-0.311774,0.007150,0.328699,-0.118911,-0.936892,-0.000343,0.000343
328269,0.113437,0.915702,-0.311765,0.007057,0.328772,-0.118935,-0.936864,-0.000687,0.000000
328272,0.113426,0.915701,-0.311774,0.007054,0.328801,-0.118868,-0.936862,-0.000687,0.000000
328272,0.113426,0.915701,-0.311774,0.007054,0.328801,-0.118868,-0.936862,-0.000687,0.000000
328272,0.113426,0.915701,-0.311774,0.007054,0.328801,-0.118868,-0.936862,-0.000687,0.000000
328272,0.113426,0.915701,-0.311774,0.007054,0.328801,-0.118868,-0.936862,-0.000687,0.000000
328272,0.113426,0.915701,-0.311774,0.007054,0.328801,-0.118868,-0.936862,-0.000687,0.000000
328272,0.113426,0.915701,-0.311774,0.007054,0.328801,-0.118868,-0.936862,-0.000687,0.000000
328272,0.113426,0.915701,-0.311774,0.007054,0.328801,-0.118868,-0.936862,-0.000687,0.000000
328272,0.113426,0.915701,-0.311774,0.007054,0.328801,-0.118868,-0.936862,-0.000687,0.000000
328272,0.113426,0.915701,-0.311774,0.007054,0.328801,-0.118868,-0.936862,-0.000687,0.000000
328272,0.113426,0.915701,-0.311774,0.007054,0.328801,-0.118868,-0.936862,-0.000687,0.000000
328272,0.113426,0.915701,-0.311774,0.007054,0.328801,-0.118868,-0.936862,-0.000687,0.000000
328272,0.113426,0.915701,-0.311774,0.007054,0.328801,-0.118868,-0.936862,-0.000687,0.000000
328272,0.113426,0.915701,-0.311774,0.007054,0.328801,-0.118868,-0.936862,-0.000687,0.000000
