0,0.000000,0.000000,0.000000,0.000000,0.000000,0.000000,0.000000,0.000000,0.000000
0,0.000000,0.000000,0.000000,0.000000,0.000000,0.000000,0.000000,0.000000,0.000000
0,0.000000,0.000000,0.000000,0.000000,0.000000,0.000000,0.000000,0.000000,0.000000
0,0.000000,0.000000,0.000000,0.000000,0.000000,0.000000,0.000000,0.000000,0.000000
0,0.000000,0.000000,0.000000,0.000000,0.000000,0.000000,0.000000,0.000000,0.000000
0,0.000000,0.000000,0.000000,0.000000,0.000000,0.000000,0.000000,0.000000,0.000000
0,0.000000,0.000000,0.000000,0.000000,0.000000,0.000000,0.000000,0.000000,0.000000
0,0.000000,0.000000,0.000000,0.000000,0.000000,0.000000,0.000000,0.000000,0.000000
0,0.000000,0.000000,0.000000,0.000000,0.000000,0.000000,0.000000,0.000000,0.000000
0,0.000000,0.000000,0.000000,0.000000,0.000000,0.000000,0.000000,0.000000,0.000000
0,0.000000,0.000000,0.000000,0.000000,0.000000,0.000000,0.000000,0.000000,0.000000
0,0.000000,0.000000,0.000000,0.000000,0.000000,0.000000,0.000000,0.000000,0.000000
0,0.000000,0.000000,0.000000,0.000000,0.000000,0.000000,0.000000,0.000000,0.000000
0,0.000000,0.000000,0.000000,0.000000,0.000000,0.000000,0.000000,0.000000,0.000000
0,0.000000,0.000000,0.000000,0.000000,0.000000,0.000000,0.000000,0.000000,0.000000
0,0.000000,0.000000,0.000000,0.000000,0.000000,0.000000,0.000000,0.000000,0.000000
0,0.000000,0.000000,0.000000,0.000000,0.000000,0.000000,0.000000,0.000000,0.000000
0,0.000000,0.000000,0.000000,0.000000,0.000000,0.000000,0.000000,0.000000,0.000000
0,0.000000,0.000000,0.000000,0.000000,0.000000,0.000000,0.000000,0.000000,0.000000
0,0.000000,0.000000,0.000000,0.000000,0.000000,0.000000,0.000000,0.000000,0.000000
0,0.000000,0.000000,0.000000,0.000000,0.000000,0.000000,0.000000,0.000000,0.000000
0,0.000000,0.000000,0.000000,0.000000,0.000000,0.000000,0.000000,0.000000,0.000000
0,0.000000,0.000000,0.000000,0.000000,0.000000,0.000000,0.000000,0.000000,0.000000
0,0.000000,0.000000,0.000000,0.000000,0.000000,0.000000,0.000000,0.000000,0.000000
0,0.000000,0.000000,0.000000,0.000000,0.000000,0.000000,0.000000,0.000000,0.000000
0,0.000000,0.000000,0.000000,0.000000,0.000000,0.000000,0.000000,0.000000,0.000000
429674,0.044157,0.450781,-0.064980,-0.011169,-0.422457,0.183941,-0.887452,0.000343,199.999237
429678,0.044146,0.450785,-0.064989,-0.011147,-0.422460,0.183923,-0.887455,0.000000,199.999237
429681,0.044145,0.450789,-0.064988,-0.011007,-0.422588,0.184007,-0.887378,0.000343,199.999237
429685,0.044130,0.450783,-0.064992,-0.011141,-0.422485,0.183902,-0.887447,0.000343,199.999237
429688,0.044141,0.450787,-0.064985,-0.011097,-0.422573,0.184039,-0.887377,0.000343,199.999237
429692,0.044144,0.450787,-0.064984,-0.011000,-0.422608,0.183882,-0.887394,0.000343,199.999237
429696,0.044148,0.450783,-0.064989,-0.011183,-0.422468,0.183920,-0.887451,0.000343,199.999237
429699,0.044154,0.450780,-0.064988,-0.011200,-0.422445,0.183957,-0.887454,0.000000,199.999237
429703,0.044167,0.450785,-0.064985,-0.011001,-0.422615,0.183932,-0.887381,0.000343,199.999237
429706,0.044162,0.450779,-0.064992,-0.011175,-0.422496,0.183971,-0.887427,0.000343,199.999237
429710,0.044161,0.450782,-0.064993,-0.011151,-0.422506,0.183931,-0.887431,0.000343,199.999237
429714,0.044156,0.450784,-0.064993,-0.011164,-0.422490,0.183937,-0.887437,0.000343,199.999237
429717,0.044153,0.450784,-0.064987,-0.011117,-0.422564,0.183919,-0.887406,0.000343,199.999237
429720,0.044147,0.450781,-0.064991,-0.011217,-0.422458,0.184027,-0.887433,0.000343,199.999237
429724,0.044139,0.450785,-0.064989,-0.011086,-0.422505,0.183818,-0.887456,0.000000,199.999237
429728,0.044138,0.450783,-0.064987,-0.011193,-0.422436,0.184001,-0.887449,0.000343,199.999237
429731,0.044139,0.450783,-0.064983,-0.011189,-0.422472,0.183956,-0.887442,0.000343,199.999237
429735,0.044147,0.450786,-0.064975,-0.011029,-0.422614,0.183923,-0.887383,0.000343,199.999237
429738,0.044143,0.450780,-0.064981,-0.011167,-0.422496,0.183932,-0.887435,0.000343,199.999237
429742,0.044150,0.450781,-0.064981,-0.011134,-0.422499,0.183900,-0.887441,0.000343,199.999237
429745,0.044164,0.450786,-0.064980,-0.011038,-0.422608,0.183956,-0.887379,0.000343,199.999237
429749,0.044159,0.450779,-0.064986,-0.011198,-0.422471,0.183934,-0.887446,0.000000,199.999237
429753,0.044163,0.450782,-0.064991,-0.011119,-0.422484,0.183954,-0.887437,0.000343,199.999237
429756,0.044160,0.450782,-0.064992,-0.011130,-0.422491,0.183902,-0.887444,0.000343,199.999237
429759,0.044157,0.450779,-0.064991,-0.011149,-0.422476,0.183915,-0.887449,0.000343,199.999237
429763,0.044150,0.450782,-0.064996,-0.011105,-0.422517,0.183937,-0.887425,0.000343,199.999237
429767,0.044147,0.450783,-0.064996,-0.011133,-0.422523,0.183933,-0.887423,0.000000,199.999580
429770,0.044143,0.450780,-0.064997,-0.011183,-0.422473,0.183935,-0.887446,0.000343,199.999237
429774,0.044142,0.450782,-0.064996,-0.011146,-0.422496,0.183922,-0.887438,0.000343,199.999580
429777,0.044141,0.450781,-0.064994,-0.011122,-0.422491,0.183908,-0.887443,0.000343,199.999237
429781,0.044142,0.450781,-0.064989,-0.011183,-0.422436,0.183965,-0.887457,0.000343,199.999580
429784,0.044141,0.450776,-0.064984,-0.011194,-0.422469,0.183965,-0.887441,0.000343,199.999580
429788,0.044145,0.450778,-0.064980,-0.011143,-0.422497,0.183902,-0.887441,0.000343,199.999580
429792,0.044153,0.450778,-0.064982,-0.011252,-0.422459,0.184066,-0.887424,0.000000,199.999580
429795,0.044155,0.450778,-0.064986,-0.011177,-0.422511,0.183972,-0.887420,0.000000,199.999580
429799,0.044161,0.450780,-0.064988,-0.011073,-0.422611,0.184013,-0.887365,0.000343,199.999580
429802,0.044156,0.450775,-0.064996,-0.011189,-0.422472,0.183948,-0.887443,0.000343,199.999580
429806,0.044156,0.450780,-0.064999,-0.011132,-0.422500,0.183988,-0.887422,0.000343,199.999580
429809,0.044157,0.450785,-0.064994,-0.010961,-0.422631,0.183918,-0.887377,0.000343,199.999580
429813,0.044161,0.450783,-0.064994,-0.011056,-0.422589,0.184075,-0.887363,0.000343,199.999580
429817,0.044163,0.450785,-0.064991,-0.011042,-0.422606,0.184004,-0.887369,0.000343,199.999580
429820,0.044162,0.450784,-0.064986,-0.011042,-0.422605,0.183951,-0.887381,0.000343,199.999580
429823,0.044153,0.450779,-0.064988,-0.011176,-0.422460,0.183916,-0.887456,0.000000,199.999580
429827,0.044147,0.450783,-0.064986,-0.011145,-0.422484,0.183988,-0.887430,0.000343,199.999580
429831,0.044137,0.450783,-0.064989,-0.011183,-0.422452,0.184041,-0.887434,0.000000,199.999580
429834,0.044125,0.450783,-0.064993,-0.011157,-0.422459,0.183972,-0.887445,0.000343,199.999580
429838,0.044118,0.450784,-0.064996,-0.011108,-0.422478,0.183950,-0.887441,0.000343,199.999580
429841,0.044114,0.450784,-0.064997,-0.011070,-0.422533,0.183883,-0.887429,0.000343,199.999580
429845,0.044121,0.450783,-0.064996,-0.011187,-0.422470,0.184033,-0.887426,0.000000,199.999924
429848,0.044132,0.450786,-0.064990,-0.011149,-0.422483,0.183948,-0.887438,0.000343,199.999580
429852,0.044153,0.450783,-0.064980,-0.011167,-0.422494,0.184011,-0.887420,0.000343,199.999924
429855,0.044166,0.450779,-0.064971,-0.011182,-0.422488,0.183934,-0.887439,0.000343,199.999580
429859,0.044185,0.450782,-0.064961,-0.011079,-0.422592,0.184037,-0.887369,0.000000,199.999924
429862,0.044180,0.450779,-0.064963,-0.011182,-0.422497,0.183942,-0.887433,0.000343,199.999924
429866,0.044168,0.450778,-0.064972,-0.011231,-0.422461,0.184047,-0.887428,0.000343,199.999924
429870,0.044154,0.450781,-0.064988,-0.011159,-0.422503,0.184021,-0.887413,0.000000,199.999924
429873,0.044143,0.450787,-0.064995,-0.011015,-0.422593,0.183918,-0.887394,0.000343,199.999924
429877,0.044123,0.450782,-0.065018,-0.011168,-0.422442,0.184023,-0.887442,0.000343,199.999580
429880,0.044117,0.450785,-0.065023,-0.011142,-0.422462,0.183947,-0.887449,0.000343,199.999924
429884,0.044122,0.450784,-0.065022,-0.011160,-0.422440,0.184005,-0.887447,0.000000,199.999924
429887,0.044130,0.450783,-0.065016,-0.011151,-0.422447,0.183941,-0.887457,0.000343,199.999924
429891,0.044146,0.450782,-0.064998,-0.011138,-0.422492,0.183982,-0.887427,0.000343,199.999924
429894,0.044156,0.450781,-0.064986,-0.011123,-0.422498,0.183907,-0.887440,0.000000,199.999924
429898,0.044169,0.450776,-0.064971,-0.011281,-0.422464,0.184119,-0.887411,0.000000,199.999924
429901,0.044171,0.450778,-0.064967,-0.011190,-0.422472,0.183978,-0.887437,0.000343,199.999924
429905,0.044169,0.450780,-0.064970,-0.011208,-0.422496,0.184006,-0.887420,0.000343,199.999924
429909,0.044159,0.450777,-0.064974,-0.011188,-0.422470,0.184067,-0.887420,0.000343,199.999924
429912,0.044152,0.450782,-0.064985,-0.011168,-0.422447,0.183970,-0.887451,0.000343,199.999924
429916,0.044143,0.450781,-0.064992,-0.011197,-0.422451,0.184051,-0.887432,0.000343,199.999237
429919,0.044136,0.450783,-0.064996,-0.011152,-0.422468,0.184025,-0.887429,0.000000,199.996834
429923,0.044135,0.450783,-0.064994,-0.011111,-0.422485,0.183991,-0.887429,0.000343,199.988594
429927,0.044135,0.450779,-0.064989,-0.011217,-0.422445,0.184019,-0.887441,0.000000,199.975891
429930,0.044141,0.450779,-0.064988,-0.011198,-0.422450,0.184087,-0.887425,0.000343,199.961472
429933,0.044147,0.450779,-0.064989,-0.011190,-0.422485,0.183981,-0.887430,0.000343,199.939156
429937,0.044151,0.450780,-0.064993,-0.011163,-0.422491,0.184034,-0.887417,0.000343,199.918900
429941,0.044160,0.450784,-0.064986,-0.011047,-0.422565,0.184052,-0.887379,0.000000,199.898987
429944,0.044155,0.450781,-0.064992,-0.011131,-0.422489,0.184018,-0.887421,0.000000,199.888344
429948,0.044161,0.450783,-0.064982,-0.011084,-0.422567,0.184060,-0.887376,0.000343,199.879074
429951,0.044158,0.450779,-0.064986,-0.011228,-0.422448,0.184064,-0.887430,0.000000,199.872894
429955,0.044163,0.450784,-0.064980,-0.011018,-0.422601,0.183991,-0.887375,0.000343,199.866028
429958,0.044161,0.450783,-0.064980,-0.011066,-0.422602,0.183991,-0.887374,0.000000,199.852982
429962,0.044151,0.450777,-0.064989,-0.011241,-0.422444,0.184090,-0.887427,0.000343,199.834099
429966,0.044149,0.450785,-0.064988,-0.011009,-0.422600,0.183973,-0.887380,0.000000,199.812469
429969,0.044144,0.450782,-0.064994,-0.011190,-0.422439,0.184053,-0.887437,0.000000,199.781570
429973,0.044141,0.450784,-0.064997,-0.011148,-0.422451,0.183978,-0.887447,0.000343,199.753418
429976,0.044144,0.450782,-0.064996,-0.011086,-0.422500,0.184003,-0.887420,0.000343,199.729385
429980,0.044151,0.450783,-0.064985,-0.011100,-0.422554,0.184055,-0.887383,0.000343,199.701576
429983,0.044154,0.450781,-0.064987,-0.011226,-0.422430,0.184070,-0.887438,0.000343,199.681664
429987,0.044157,0.450780,-0.064983,-0.011157,-0.422504,0.183992,-0.887419,0.000000,199.654541
429990,0.044159,0.450780,-0.064984,-0.011192,-0.422494,0.184033,-0.887415,0.000000,199.629822
429994,0.044159,0.450780,-0.064985,-0.011204,-0.422443,0.184075,-0.887431,0.000343,199.598579
429998,0.044153,0.450782,-0.064987,-0.011149,-0.422501,0.183975,-0.887424,0.000000,199.563560
430001,0.044144,0.450781,-0.064992,-0.011223,-0.422425,0.184033,-0.887448,0.000343,199.524078
430004,0.044135,0.450781,-0.064998,-0.011204,-0.422458,0.184068,-0.887425,0.000000,199.477730
430008,0.044128,0.450785,-0.065004,-0.011137,-0.422476,0.183993,-0.887432,0.000343,199.437561
430012,0.044130,0.450784,-0.065001,-0.011074,-0.422547,0.184001,-0.887398,0.000343,199.388466
430015,0.044129,0.450782,-0.065006,-0.011216,-0.422438,0.184081,-0.887432,0.000343,199.350700
430019,0.044137,0.450784,-0.065000,-0.011132,-0.422498,0.183956,-0.887430,0.000343,199.302979
430022,0.044145,0.450781,-0.064993,-0.011189,-0.422437,0.184011,-0.887447,0.000000,199.258690
430026,0.044152,0.450779,-0.064982,-0.011191,-0.422471,0.184063,-0.887420,0.000000,199.213715
430029,0.044158,0.450778,-0.064976,-0.011179,-0.422498,0.184052,-0.887409,0.000000,199.155350
430033,0.044161,0.450777,-0.064976,-0.011207,-0.422482,0.184073,-0.887413,0.000000,199.096642
430037,0.044166,0.450784,-0.064976,-0.011023,-0.422634,0.183975,-0.887362,0.000000,199.041367
430040,0.044156,0.450781,-0.064989,-0.011164,-0.422489,0.183989,-0.887427,0.000343,198.974075
430044,0.044148,0.450781,-0.065000,-0.011218,-0.422442,0.184030,-0.887440,0.000343,198.910904
430047,0.044144,0.450781,-0.065005,-0.011186,-0.422450,0.184077,-0.887427,0.000000,198.851509
430051,0.044141,0.450786,-0.065001,-0.010986,-0.422604,0.183941,-0.887384,0.000343,198.778725
430054,0.044138,0.450780,-0.065004,-0.011191,-0.422442,0.184078,-0.887431,0.000000,198.709373
430058,0.044140,0.450784,-0.065001,-0.011141,-0.422492,0.183984,-0.887427,0.000000,198.635902
430061,0.044144,0.450782,-0.064998,-0.011163,-0.422455,0.184024,-0.887436,0.000000,198.566208
430065,0.044149,0.450780,-0.064994,-0.011245,-0.422449,0.184071,-0.887428,0.000343,198.484840
430068,0.044151,0.450778,-0.064991,-0.011212,-0.422442,0.184109,-0.887424,0.000000,198.395576
430072,0.044154,0.450781,-0.064989,-0.011159,-0.422482,0.184003,-0.887427,0.000343,198.312492
430075,0.044156,0.450782,-0.064990,-0.011196,-0.422461,0.184026,-0.887432,0.000343,198.227005
430079,0.044153,0.450780,-0.064987,-0.011176,-0.422446,0.184083,-0.887428,0.000343,198.146667
430083,0.044151,0.450782,-0.064986,-0.011113,-0.422511,0.183979,-0.887419,0.000343,198.052254
430086,0.044148,0.450780,-0.064986,-0.011172,-0.422468,0.184075,-0.887419,0.000343,197.944450
430090,0.044145,0.450782,-0.064989,-0.011116,-0.422520,0.183980,-0.887415,0.000000,197.842827
430093,0.044149,0.450784,-0.064989,-0.011070,-0.422582,0.184041,-0.887373,0.000343,197.738113
430097,0.044140,0.450779,-0.064995,-0.011200,-0.422458,0.184030,-0.887433,0.000000,197.641983
430101,0.044137,0.450783,-0.064999,-0.011094,-0.422496,0.183944,-0.887434,0.000343,197.532463
430104,0.044137,0.450783,-0.064996,-0.011139,-0.422472,0.183945,-0.887444,0.000000,197.410927
430108,0.044139,0.450782,-0.064995,-0.011146,-0.422474,0.184004,-0.887431,0.000343,197.297974
430111,0.044142,0.450780,-0.064994,-0.011157,-0.422472,0.184016,-0.887430,0.000000,197.190514
430114,0.044148,0.450780,-0.064994,-0.011138,-0.422487,0.184095,-0.887406,0.000000,197.050781
430118,0.044155,0.450780,-0.064991,-0.011216,-0.422458,0.184063,-0.887426,0.000000,196.932678
430122,0.044158,0.450780,-0.064986,-0.011163,-0.422483,0.183933,-0.887441,0.000000,196.789856
430125,0.044159,0.450778,-0.064985,-0.011178,-0.422496,0.184013,-0.887418,0.000000,196.670036
430129,0.044153,0.450777,-0.064984,-0.011227,-0.422434,0.184014,-0.887447,0.000000,196.522064
430132,0.044154,0.450779,-0.064986,-0.011252,-0.422444,0.184132,-0.887418,0.000000,196.382332
430136,0.044152,0.450784,-0.064984,-0.011037,-0.422592,0.183991,-0.887379,0.000000,196.238480
430139,0.044144,0.450777,-0.064991,-0.011187,-0.422468,0.184091,-0.887415,0.000000,196.107330
430143,0.044141,0.450778,-0.064993,-0.011156,-0.422494,0.183991,-0.887424,0.000000,195.938416
430147,0.044146,0.450780,-0.064984,-0.011075,-0.422585,0.183989,-0.887382,0.000000,195.777397
430150,0.044144,0.450778,-0.064984,-0.011240,-0.422464,0.184054,-0.887424,0.000000,195.610542
430154,0.044145,0.450779,-0.064981,-0.011158,-0.422469,0.183973,-0.887440,0.000343,195.459824
430157,0.044149,0.450778,-0.064977,-0.011200,-0.422472,0.183992,-0.887434,0.000000,195.271339
430161,0.044151,0.450778,-0.064977,-0.011224,-0.422437,0.184059,-0.887436,0.000000,195.115471
430164,0.044158,0.450782,-0.064974,-0.011099,-0.422548,0.184102,-0.887376,0.000000,194.943466
430167,0.044151,0.450777,-0.064980,-0.011222,-0.422447,0.184075,-0.887428,0.000000,194.753265
430171,0.044147,0.450777,-0.064983,-0.011222,-0.422462,0.184100,-0.887416,0.000343,194.589844
430175,0.044144,0.450779,-0.064987,-0.011203,-0.422485,0.184006,-0.887425,0.000000,194.399986
430178,0.044144,0.450780,-0.064989,-0.011189,-0.422457,0.184005,-0.887438,0.000000,194.201202
430182,0.044140,0.450777,-0.064989,-0.011199,-0.422467,0.184028,-0.887429,0.000343,193.997955
430185,0.044142,0.450778,-0.064987,-0.011257,-0.422429,0.184113,-0.887429,0.000343,193.766556
430189,0.044141,0.450779,-0.064987,-0.011130,-0.422498,0.183967,-0.887428,0.000000,193.557129
430193,0.044147,0.450778,-0.064984,-0.011238,-0.422433,0.184064,-0.887437,0.000000,193.348389
430196,0.044150,0.450779,-0.064982,-0.011218,-0.422460,0.184039,-0.887430,0.000000,193.136215
430200,0.044155,0.450774,-0.064980,-0.011220,-0.422501,0.184018,-0.887415,0.000000,192.938118
430203,0.044157,0.450776,-0.064976,-0.011254,-0.422460,0.184034,-0.887431,0.000000,192.690582
430207,0.044160,0.450781,-0.064969,-0.011098,-0.422549,0.183999,-0.887397,0.000000,192.459183
430210,0.044154,0.450777,-0.064973,-0.011209,-0.422446,0.183996,-0.887445,0.000000,192.243576
430214,0.044152,0.450778,-0.064978,-0.011226,-0.422431,0.184029,-0.887445,0.000000,192.001877
430217,0.044158,0.450779,-0.064973,-0.011124,-0.422550,0.184084,-0.887379,0.000000,191.730309
430221,0.044151,0.450776,-0.064980,-0.011170,-0.422480,0.183984,-0.887432,0.000000,191.502686
430225,0.044152,0.450775,-0.064977,-0.011268,-0.422424,0.184093,-0.887435,0.000000,191.247597
430228,0.044152,0.450779,-0.064975,-0.011260,-0.422438,0.184011,-0.887445,0.000000,190.957146
430232,0.044150,0.450776,-0.064976,-0.011257,-0.422461,0.184023,-0.887432,0.000000,190.693474
430236,0.044150,0.450775,-0.064976,-0.011249,-0.422453,0.184101,-0.887420,0.000000,190.428429
430239,0.044152,0.450781,-0.064974,-0.011097,-0.422562,0.184038,-0.887383,0.000000,190.177460
430242,0.044143,0.450776,-0.064979,-0.011204,-0.422453,0.183973,-0.887447,0.000000,189.872246
430246,0.044147,0.450777,-0.064980,-0.011254,-0.422429,0.184074,-0.887437,0.000000,189.617500
430250,0.044156,0.450780,-0.064972,-0.011120,-0.422548,0.184035,-0.887390,0.000000,189.329796
430253,0.044152,0.450777,-0.064971,-0.011222,-0.422464,0.184032,-0.887429,0.000000,189.038315
430256,0.044156,0.450774,-0.064968,-0.011279,-0.422452,0.184062,-0.887428,0.000000,188.699455
430256,0.044156,0.450774,-0.064968,-0.011279,-0.422452,0.184062,-0.887428,0.000000,188.419304
430256,0.044156,0.450774,-0.064968,-0.011279,-0.422452,0.184062,-0.887428,0.000000,188.075294
430256,0.044156,0.450774,-0.064968,-0.011279,-0.422452,0.184062,-0.887428,0.000000,187.769737
430256,0.044156,0.450774,-0.064968,-0.011279,-0.422452,0.184062,-0.887428,0.000000,187.491302
430256,0.044156,0.450774,-0.064968,-0.011279,-0.422452,0.184062,-0.887428,0.000000,187.140083
430256,0.044156,0.450774,-0.064968,-0.011279,-0.422452,0.184062,-0.887428,0.000000,186.855125
430256,0.044156,0.450774,-0.064968,-0.011279,-0.422452,0.184062,-0.887428,0.000000,186.524506
430256,0.044156,0.450774,-0.064968,-0.011279,-0.422452,0.184062,-0.887428,0.000000,186.190453
430256,0.044156,0.450774,-0.064968,-0.011279,-0.422452,0.184062,-0.887428,0.000000,185.843353
430256,0.044156,0.450774,-0.064968,-0.011279,-0.422452,0.184062,-0.887428,0.000000,185.468445
430256,0.044156,0.450774,-0.064968,-0.011279,-0.422452,0.184062,-0.887428,0.000000,185.117569
430256,0.044156,0.450774,-0.064968,-0.011279,-0.422452,0.184062,-0.887428,0.000000,184.810982
430256,0.044156,0.450774,-0.064968,-0.011279,-0.422452,0.184062,-0.887428,0.000000,184.460106
430256,0.044156,0.450774,-0.064968,-0.011279,-0.422452,0.184062,-0.887428,0.000000,184.110260
430256,0.044156,0.450774,-0.064968,-0.011279,-0.422452,0.184062,-0.887428,0.000000,183.747368
430256,0.044156,0.450774,-0.064968,-0.011279,-0.422452,0.184062,-0.887428,0.000000,183.390999
430256,0.044156,0.450774,-0.064968,-0.011279,-0.422452,0.184062,-0.887428,-0.000343,182.976952
430256,0.044156,0.450774,-0.064968,-0.011279,-0.422452,0.184062,-0.887428,0.000000,182.601013
430256,0.044156,0.450774,-0.064968,-0.011279,-0.422452,0.184062,-0.887428,0.000000,182.220612
430256,0.044156,0.450774,-0.064968,-0.011279,-0.422452,0.184062,-0.887428,0.000000,181.884499
430256,0.044156,0.450774,-0.064968,-0.011279,-0.422452,0.184062,-0.887428,-0.000343,181.461525
430256,0.044156,0.450774,-0.064968,-0.011279,-0.422452,0.184062,-0.887428,0.000000,181.075630
430256,0.044156,0.450774,-0.064968,-0.011279,-0.422452,0.184062,-0.887428,0.000000,180.734711
430256,0.044156,0.450774,-0.064968,-0.011279,-0.422452,0.184062,-0.887428,0.000000,180.300064
430256,0.044156,0.450774,-0.064968,-0.011279,-0.422452,0.184062,-0.887428,0.000000,179.909363
430256,0.044156,0.450774,-0.064968,-0.011279,-0.422452,0.184062,-0.887428,0.000000,179.543037
430256,0.044156,0.450774,-0.064968,-0.011279,-0.422452,0.184062,-0.887428,0.000000,179.109764
430256,0.044156,0.450774,-0.064968,-0.011279,-0.422452,0.184062,-0.887428,0.000000,178.700867
430256,0.044156,0.450774,-0.064968,-0.011279,-0.422452,0.184062,-0.887428,0.000000,178.333511
430256,0.044156,0.450774,-0.064968,-0.011279,-0.422452,0.184062,-0.887428,0.000000,177.879295
430367,0.044125,0.450775,-0.064956,-0.011297,-0.422583,0.183552,-0.887471,0.000000,177.460098
430370,0.044125,0.450776,-0.064958,-0.011298,-0.422581,0.183542,-0.887474,0.000000,177.092400
430374,0.044127,0.450774,-0.064954,-0.011380,-0.422541,0.183583,-0.887484,0.000000,176.668053
430377,0.044128,0.450776,-0.064954,-0.011299,-0.422554,0.183494,-0.887497,-0.000343,176.206284
430381,0.044134,0.450776,-0.064946,-0.011235,-0.422649,0.183581,-0.887434,0.000000,175.831032
430384,0.044136,0.450776,-0.064944,-0.011230,-0.422654,0.183543,-0.887440,0.000000,175.395355
430388,0.044130,0.450774,-0.064949,-0.011303,-0.422581,0.183467,-0.887489,-0.000343,174.937706
430391,0.044129,0.450775,-0.064948,-0.011253,-0.422623,0.183443,-0.887475,0.000000,174.499283
430395,0.044131,0.450775,-0.064949,-0.011369,-0.422559,0.183520,-0.887488,-0.000343,174.009018
430399,0.044125,0.450775,-0.064951,-0.011318,-0.422590,0.183413,-0.887496,0.000000,173.614883
430402,0.044124,0.450774,-0.064952,-0.011321,-0.422601,0.183387,-0.887496,0.000000,173.207016
430406,0.044120,0.450774,-0.064950,-0.011310,-0.422580,0.183435,-0.887496,-0.000343,172.629547
430409,0.044120,0.450776,-0.064950,-0.011313,-0.422610,0.183363,-0.887497,-0.000343,172.282791
430413,0.044118,0.450775,-0.064948,-0.011352,-0.422586,0.183374,-0.887506,0.000000,171.883507
430416,0.044119,0.450774,-0.064948,-0.011339,-0.422596,0.183407,-0.887494,0.000000,171.400108
430420,0.044120,0.450776,-0.064953,-0.011266,-0.422639,0.183321,-0.887493,-0.000343,170.986748
430424,0.044119,0.450773,-0.064950,-0.011359,-0.422612,0.183331,-0.887502,0.000000,170.527725
430427,0.044119,0.450773,-0.064950,-0.011327,-0.422597,0.183331,-0.887510,0.000000,170.074196
430431,0.044118,0.450776,-0.064951,-0.011292,-0.422605,0.183225,-0.887528,-0.000343,169.565048
430434,0.044123,0.450774,-0.064946,-0.011375,-0.422595,0.183319,-0.887513,-0.000343,169.150658
430438,0.044126,0.450777,-0.064947,-0.011276,-0.422613,0.183274,-0.887515,0.000000,168.644257
430441,0.044127,0.450776,-0.064943,-0.011323,-0.422611,0.183262,-0.887517,-0.000343,168.215790
430445,0.044125,0.450773,-0.064939,-0.011381,-0.422624,0.183256,-0.887512,-0.000343,167.704239
430448,0.044126,0.450774,-0.064942,-0.011406,-0.422629,0.183346,-0.887491,0.000000,167.246246
430452,0.044118,0.450775,-0.064943,-0.011303,-0.422629,0.183158,-0.887530,-0.000343,166.820183
430455,0.044114,0.450774,-0.064949,-0.011352,-0.422659,0.183212,-0.887504,0.000000,166.355667
430459,0.044113,0.450777,-0.064947,-0.011186,-0.422745,0.183249,-0.887458,0.000000,165.839996
430463,0.044103,0.450779,-0.064956,-0.011245,-0.422655,0.183095,-0.887532,0.000000,165.352478
430466,0.044101,0.450777,-0.064955,-0.011316,-0.422636,0.183199,-0.887519,-0.000343,164.868393
430469,0.044105,0.450774,-0.064951,-0.011370,-0.422596,0.183224,-0.887532,-0.000343,164.402161
430473,0.044111,0.450776,-0.064949,-0.011314,-0.422638,0.183135,-0.887531,0.000000,163.967171
430477,0.044120,0.450772,-0.064939,-0.011392,-0.422618,0.183173,-0.887532,0.000000,163.436050
430480,0.044124,0.450773,-0.064937,-0.011382,-0.422623,0.183256,-0.887512,0.000000,162.960205
430484,0.044126,0.450776,-0.064928,-0.011200,-0.422746,0.183061,-0.887496,-0.000343,162.477837
430487,0.044120,0.450774,-0.064935,-0.011372,-0.422628,0.183179,-0.887526,-0.000343,161.984482
430491,0.044115,0.450777,-0.064943,-0.011292,-0.422660,0.183186,-0.887510,0.000000,161.504173
430494,0.044110,0.450775,-0.064946,-0.011296,-0.422654,0.183115,-0.887527,-0.000343,161.021805
430498,0.044105,0.450775,-0.064952,-0.011283,-0.422664,0.183136,-0.887518,-0.000343,160.528450
430502,0.044103,0.450777,-0.064951,-0.011267,-0.422679,0.183017,-0.887536,-0.000343,160.042305
430505,0.044104,0.450774,-0.064949,-0.011271,-0.422684,0.183002,-0.887537,0.000000,159.554443
430509,0.044110,0.450774,-0.064943,-0.011356,-0.422654,0.183093,-0.887531,0.000000,159.101944
430512,0.044118,0.450772,-0.064936,-0.011372,-0.422657,0.183121,-0.887523,0.000000,158.559837
430516,0.044127,0.450780,-0.064928,-0.011202,-0.422754,0.182964,-0.887512,0.000000,158.073692
430519,0.044124,0.450772,-0.064930,-0.011352,-0.422631,0.183077,-0.887546,-0.000343,157.571068
430523,0.044119,0.450775,-0.064934,-0.011312,-0.422672,0.182992,-0.887544,0.000000,157.117882
430526,0.044116,0.450776,-0.064939,-0.011280,-0.422687,0.183006,-0.887535,0.000000,156.596031
430530,0.044105,0.450773,-0.064944,-0.011343,-0.422663,0.182995,-0.887547,0.000000,156.099586
430533,0.044106,0.450780,-0.064945,-0.011225,-0.422769,0.183034,-0.887490,0.000000,155.582542
430537,0.044095,0.450778,-0.064951,-0.011275,-0.422654,0.182826,-0.887587,-0.000343,155.143433
430540,0.044099,0.450780,-0.064948,-0.011163,-0.422781,0.182885,-0.887516,-0.000343,154.664154
430544,0.044098,0.450777,-0.064947,-0.011319,-0.422657,0.182939,-0.887562,0.000000,154.156380
430548,0.044098,0.450775,-0.064943,-0.011298,-0.422702,0.182804,-0.887569,-0.000343,153.658218
430551,0.044102,0.450775,-0.064938,-0.011307,-0.422673,0.182846,-0.887574,0.000000,153.110275
430555,0.044107,0.450778,-0.064928,-0.011196,-0.422810,0.182791,-0.887521,-0.000343,152.610054
430558,0.044102,0.450777,-0.064936,-0.011322,-0.422722,0.182816,-0.887556,-0.000343,152.095070
430562,0.044102,0.450778,-0.064931,-0.011271,-0.422772,0.182762,-0.887544,-0.000343,151.593475
430566,0.044094,0.450783,-0.064934,-0.011131,-0.422806,0.182663,-0.887550,0.000000,151.148529
430569,0.044082,0.450778,-0.064941,-0.011241,-0.422695,0.182608,-0.887613,-0.000343,150.590973
430573,0.044083,0.450776,-0.064941,-0.011319,-0.422693,0.182678,-0.887599,0.000000,150.139160
430576,0.044083,0.450778,-0.064944,-0.011271,-0.422701,0.182632,-0.887605,0.000000,149.607697
430580,0.044083,0.450778,-0.064938,-0.011298,-0.422699,0.182498,-0.887633,0.000000,149.118805
430583,0.044087,0.450779,-0.064931,-0.011222,-0.422781,0.182533,-0.887588,-0.000343,148.610344
430587,0.044080,0.450778,-0.064934,-0.011285,-0.422726,0.182395,-0.887642,-0.000343,148.121109
430590,0.044079,0.450779,-0.064931,-0.011287,-0.422736,0.182369,-0.887642,-0.000343,147.615738
430594,0.044073,0.450780,-0.064932,-0.011334,-0.422678,0.182331,-0.887677,0.000000,147.101097
430598,0.044066,0.450780,-0.064932,-0.011258,-0.422703,0.182208,-0.887691,-0.000343,146.590919
430601,0.044065,0.450783,-0.064924,-0.011151,-0.422819,0.182130,-0.887653,0.000000,146.097565
430605,0.044059,0.450780,-0.064929,-0.011321,-0.422703,0.182156,-0.887701,-0.000343,145.595284
430608,0.044057,0.450780,-0.064928,-0.011289,-0.422734,0.182004,-0.887718,-0.000343,145.088539
430612,0.044061,0.450783,-0.064918,-0.011174,-0.422865,0.181941,-0.887670,-0.000343,144.656639
430615,0.044055,0.450776,-0.064920,-0.011338,-0.422733,0.181901,-0.887739,0.000000,144.164658
430619,0.044051,0.450780,-0.064918,-0.011235,-0.422794,0.181722,-0.887748,-0.000343,143.612938
430622,0.044046,0.450783,-0.064915,-0.011199,-0.422786,0.181623,-0.887772,-0.000343,143.167305
430626,0.044039,0.450781,-0.064915,-0.011266,-0.422793,0.181580,-0.887777,-0.000343,142.620392
430629,0.044031,0.450784,-0.064918,-0.011217,-0.422793,0.181458,-0.887802,-0.000343,142.152786
430633,0.044022,0.450785,-0.064918,-0.011190,-0.422843,0.181279,-0.887816,-0.000343,141.593857
430637,0.044013,0.450784,-0.064919,-0.011233,-0.422835,0.181211,-0.887833,0.000000,141.154747
430640,0.044008,0.450788,-0.064918,-0.011172,-0.422862,0.181045,-0.887854,-0.000343,140.601311
430644,0.044004,0.450788,-0.064911,-0.011199,-0.422879,0.180944,-0.887867,0.000000,140.090103
430647,0.044000,0.450789,-0.064908,-0.011227,-0.422863,0.180802,-0.887903,-0.000343,139.601212
430651,0.043996,0.450790,-0.064899,-0.011167,-0.422935,0.180660,-0.887898,-0.000343,139.156952
430654,0.043989,0.450791,-0.064896,-0.011180,-0.422918,0.180481,-0.887943,-0.000343,138.603859
430658,0.043984,0.450790,-0.064896,-0.011231,-0.422942,0.180479,-0.887931,0.000000,138.100204
430661,0.043978,0.450792,-0.064896,-0.011210,-0.422959,0.180297,-0.887960,-0.000343,137.674141
430665,0.043964,0.450793,-0.064899,-0.011198,-0.422990,0.180079,-0.887990,0.000000,137.123795
430669,0.043955,0.450793,-0.064899,-0.011184,-0.422995,0.179922,-0.888020,0.000000,136.603661
430672,0.043945,0.450796,-0.064898,-0.011158,-0.423014,0.179758,-0.888044,0.000000,136.102409
430676,0.043939,0.450797,-0.064889,-0.011153,-0.423005,0.179564,-0.888088,0.000000,135.663300
430679,0.043930,0.450796,-0.064884,-0.011131,-0.423026,0.179390,-0.888113,-0.000343,135.105400
430682,0.043927,0.450798,-0.064876,-0.011138,-0.423068,0.179276,-0.888116,-0.000343,134.594879
430686,0.043918,0.450801,-0.064868,-0.011067,-0.423119,0.178938,-0.888161,-0.000343,134.148560
430690,0.043907,0.450799,-0.064864,-0.011136,-0.423083,0.178810,-0.888203,0.000000,133.594437
430693,0.043898,0.450801,-0.064861,-0.011084,-0.423142,0.178578,-0.888222,0.000000,133.097305
430697,0.043880,0.450803,-0.064864,-0.011087,-0.423141,0.178328,-0.888273,0.000000,132.665062
430700,0.043869,0.450804,-0.064860,-0.011112,-0.423155,0.178184,-0.888294,-0.000343,132.129135
430704,0.043853,0.450807,-0.064860,-0.011051,-0.423194,0.177895,-0.888334,0.000000,131.617928
430708,0.043840,0.450806,-0.064853,-0.011085,-0.423193,0.177684,-0.888377,0.000000,131.154442
430711,0.043831,0.450808,-0.064846,-0.011115,-0.423195,0.177414,-0.888429,-0.000343,130.664520
430715,0.043816,0.450812,-0.064839,-0.011018,-0.423253,0.177023,-0.888481,0.000000,130.116920
430718,0.043807,0.450811,-0.064827,-0.011068,-0.423263,0.176756,-0.888529,0.000000,129.600563
430722,0.043793,0.450814,-0.064819,-0.011091,-0.423281,0.176546,-0.888561,-0.000343,129.129868
430725,0.043780,0.450817,-0.064813,-0.011066,-0.423315,0.176268,-0.888601,0.000000,128.581581
430729,0.043763,0.450820,-0.064807,-0.011118,-0.423289,0.175981,-0.888669,0.000000,128.082733
430732,0.043746,0.450820,-0.064806,-0.011068,-0.423327,0.175695,-0.888709,0.000000,127.645683
430736,0.043729,0.450823,-0.064802,-0.011048,-0.423387,0.175339,-0.888751,-0.000343,127.173958
430739,0.043709,0.450826,-0.064795,-0.011007,-0.423419,0.174942,-0.888814,-0.000343,126.635628
430743,0.043691,0.450825,-0.064784,-0.011058,-0.423457,0.174672,-0.888848,-0.000343,126.124420
430747,0.043667,0.450827,-0.064772,-0.011017,-0.423477,0.174159,-0.888940,-0.000343,125.623512
430750,0.043649,0.450830,-0.064760,-0.011000,-0.423533,0.173806,-0.888983,-0.000343,125.164833
430753,0.043633,0.450827,-0.064749,-0.011047,-0.423525,0.173482,-0.889049,-0.000343,124.583588
430757,0.043612,0.450833,-0.064742,-0.010960,-0.423576,0.173032,-0.889114,0.000000,124.127998
430761,0.043587,0.450832,-0.064733,-0.010991,-0.423582,0.172729,-0.889170,-0.000343,123.581772
430764,0.043572,0.450835,-0.064730,-0.010983,-0.423606,0.172467,-0.889209,-0.000343,123.091850
430768,0.043554,0.450839,-0.064727,-0.010968,-0.423665,0.172046,-0.889263,-0.000343,122.595406
430772,0.043536,0.450840,-0.064720,-0.011004,-0.423693,0.171759,-0.889304,-0.000343,122.160416
430775,0.043520,0.450843,-0.064713,-0.010964,-0.423717,0.171384,-0.889366,0.000000,121.619339
430778,0.043505,0.450843,-0.064704,-0.010944,-0.423753,0.171006,-0.889421,0.000000,121.113281
430782,0.043487,0.450848,-0.064688,-0.010945,-0.423740,0.170526,-0.889520,-0.000343,120.618553
430786,0.043467,0.450851,-0.064671,-0.010895,-0.423824,0.170045,-0.889572,-0.000343,120.176353
430789,0.043448,0.450851,-0.064657,-0.010937,-0.423852,0.169598,-0.889644,0.000000,119.648666
430793,0.043415,0.450853,-0.064635,-0.011020,-0.423798,0.168921,-0.889797,-0.000343,119.075317
430796,0.043382,0.450855,-0.064625,-0.010984,-0.423880,0.168433,-0.889851,-0.000343,118.583679
430800,0.043345,0.450860,-0.064615,-0.010921,-0.423959,0.167687,-0.889956,-0.000343,118.091698
430803,0.043312,0.450865,-0.064608,-0.010928,-0.423968,0.167158,-0.890051,-0.000343,117.592506
430807,0.043270,0.450867,-0.064604,-0.010873,-0.424090,0.166523,-0.890112,-0.000343,117.108765
430811,0.043228,0.450874,-0.064590,-0.010903,-0.424080,0.165703,-0.890269,-0.000343,116.664848
430814,0.043198,0.450874,-0.064577,-0.010912,-0.424110,0.165245,-0.890341,-0.000343,116.111755
430818,0.043167,0.450875,-0.064557,-0.010880,-0.424247,0.164530,-0.890408,0.000000,115.659599
430821,0.043145,0.450877,-0.064538,-0.010861,-0.424283,0.164051,-0.890479,0.000000,115.121613
430825,0.043125,0.450875,-0.064517,-0.010898,-0.424285,0.163554,-0.890569,0.000000,114.668083
430828,0.043103,0.450874,-0.064502,-0.010891,-0.424366,0.163132,-0.890608,-0.000343,114.099197
430832,0.043062,0.450878,-0.064481,-0.010835,-0.424406,0.162250,-0.890751,-0.000343,113.587990
430835,0.043030,0.450879,-0.064470,-0.010878,-0.424420,0.161650,-0.890853,-0.000343,113.094635
430839,0.042985,0.450886,-0.064460,-0.010817,-0.424526,0.161033,-0.890915,0.000000,112.649345
430842,0.042949,0.450889,-0.064452,-0.010767,-0.424591,0.160432,-0.890993,0.000000,112.095222
430846,0.042908,0.450891,-0.064443,-0.010814,-0.424584,0.159837,-0.891103,-0.000343,111.604614
430849,0.042884,0.450893,-0.064435,-0.010820,-0.424623,0.159458,-0.891152,-0.000343,111.140785
430853,0.042860,0.450897,-0.064425,-0.010754,-0.424717,0.158865,-0.891214,-0.000343,110.640907
430857,0.042840,0.450895,-0.064405,-0.010841,-0.424734,0.158395,-0.891288,-0.000343,110.110130
430860,0.042821,0.450895,-0.064391,-0.010831,-0.424779,0.157897,-0.891355,0.000000,109.670334
430864,0.042788,0.450902,-0.064367,-0.010838,-0.424776,0.157037,-0.891508,0.000000,109.162560
430867,0.042756,0.450901,-0.064348,-0.010871,-0.424823,0.156429,-0.891593,0.000000,108.606720
430871,0.042712,0.450906,-0.064331,-0.010822,-0.424984,0.155587,-0.891664,-0.000343,108.108215
430874,0.042666,0.450910,-0.064309,-0.010859,-0.425011,0.154790,-0.891789,-0.000343,107.640266
430878,0.042620,0.450914,-0.064294,-0.010913,-0.424969,0.153981,-0.891948,0.000000,107.076874
430881,0.042587,0.450912,-0.064282,-0.010921,-0.425054,0.153453,-0.891999,-0.000343,106.632271
430885,0.042539,0.450915,-0.064269,-0.010848,-0.425126,0.152542,-0.892122,0.000000,106.143379
430889,0.042502,0.450915,-0.064251,-0.010881,-0.425157,0.151814,-0.892231,0.000000,105.649681
430889,0.042502,0.450915,-0.064251,-0.010881,-0.425157,0.151814,-0.892231,0.000000,105.158043
430889,0.042502,0.450915,-0.064251,-0.010881,-0.425157,0.151814,-0.892231,0.000000,104.674988
430889,0.042502,0.450915,-0.064251,-0.010881,-0.425157,0.151814,-0.892231,0.000000,104.127045
430889,0.042502,0.450915,-0.064251,-0.010881,-0.425157,0.151814,-0.892231,0.000000,103.612061
430889,0.042502,0.450915,-0.064251,-0.010881,-0.425157,0.151814,-0.892231,-0.000343,103.114929
430889,0.042502,0.450915,-0.064251,-0.010881,-0.425157,0.151814,-0.892231,0.000000,102.655220
430889,0.042502,0.450915,-0.064251,-0.010881,-0.425157,0.151814,-0.892231,-0.000343,102.082901
430889,0.042502,0.450915,-0.064251,-0.010881,-0.425157,0.151814,-0.892231,-0.000343,101.634521
430889,0.042502,0.450915,-0.064251,-0.010881,-0.425157,0.151814,-0.892231,0.000000,101.092758
430889,0.042502,0.450915,-0.064251,-0.010881,-0.425157,0.151814,-0.892231,-0.000343,100.648842
430889,0.042502,0.450915,-0.064251,-0.010881,-0.425157,0.151814,-0.892231,0.000000,100.100212
430889,0.042502,0.450915,-0.064251,-0.010881,-0.425157,0.151814,-0.892231,0.000000,99.614410
430889,0.042502,0.450915,-0.064251,-0.010881,-0.425157,0.151814,-0.892231,0.000000,99.167404
430889,0.042502,0.450915,-0.064251,-0.010881,-0.425157,0.151814,-0.892231,0.000000,98.608475
430889,0.042502,0.450915,-0.064251,-0.010881,-0.425157,0.151814,-0.892231,-0.000343,98.113747
430889,0.042502,0.450915,-0.064251,-0.010881,-0.425157,0.151814,-0.892231,0.000000,97.664337
430889,0.042502,0.450915,-0.064251,-0.010881,-0.425157,0.151814,-0.892231,0.000000,97.099571
430889,0.042502,0.450915,-0.064251,-0.010881,-0.425157,0.151814,-0.892231,0.000000,96.634026
430889,0.042502,0.450915,-0.064251,-0.010881,-0.425157,0.151814,-0.892231,0.000000,96.096039
430889,0.042502,0.450915,-0.064251,-0.010881,-0.425157,0.151814,-0.892231,0.000000,95.606804
430889,0.042502,0.450915,-0.064251,-0.010881,-0.425157,0.151814,-0.892231,0.000000,95.145378
430889,0.042502,0.450915,-0.064251,-0.010881,-0.425157,0.151814,-0.892231,0.000000,94.648933
430889,0.042502,0.450915,-0.064251,-0.010881,-0.425157,0.151814,-0.892231,0.000000,94.110260
430889,0.042502,0.450915,-0.064251,-0.010881,-0.425157,0.151814,-0.892231,0.000000,93.653984
430889,0.042502,0.450915,-0.064251,-0.010881,-0.425157,0.151814,-0.892231,0.000000,93.156853
430889,0.042502,0.450915,-0.064251,-0.010881,-0.425157,0.151814,-0.892231,0.000000,92.620926
430889,0.042502,0.450915,-0.064251,-0.010881,-0.425157,0.151814,-0.892231,0.000000,92.119331
430889,0.042502,0.450915,-0.064251,-0.010881,-0.425157,0.151814,-0.892231,0.000000,91.642799
430889,0.042502,0.450915,-0.064251,-0.010881,-0.425157,0.151814,-0.892231,0.000000,91.085930
430995,0.041376,0.450947,-0.063774,-0.011096,-0.427372,0.131319,-0.894419,0.000000,90.604248
430999,0.041325,0.450949,-0.063747,-0.011019,-0.427476,0.130276,-0.894523,0.000000,90.152779
431002,0.041276,0.450948,-0.063719,-0.011062,-0.427497,0.129346,-0.894647,0.000000,89.594536
431006,0.041217,0.450950,-0.063689,-0.011042,-0.427573,0.128180,-0.894779,-0.000343,89.150963
431009,0.041162,0.450952,-0.063662,-0.010995,-0.427653,0.127172,-0.894885,0.000000,88.595123
431013,0.041088,0.450951,-0.063635,-0.011007,-0.427660,0.125863,-0.895066,0.000000,88.139877
431016,0.041047,0.450952,-0.063616,-0.010958,-0.427690,0.125123,-0.895157,0.000000,87.657166
431020,0.040990,0.450955,-0.063597,-0.010920,-0.427773,0.124103,-0.895260,0.000000,87.120552
431024,0.040942,0.450956,-0.063578,-0.010947,-0.427801,0.123185,-0.895372,0.000000,86.615181
431027,0.040897,0.450957,-0.063556,-0.010968,-0.427845,0.122306,-0.895472,0.000000,86.103973
431031,0.040823,0.450958,-0.063524,-0.010968,-0.427919,0.121112,-0.895599,-0.000343,85.607185
431034,0.040790,0.450956,-0.063501,-0.010984,-0.427949,0.120314,-0.895692,0.000000,85.101128
431038,0.040740,0.450956,-0.063479,-0.011007,-0.428032,0.119423,-0.895771,0.000000,84.638329
431041,0.040695,0.450953,-0.063458,-0.011083,-0.428062,0.118514,-0.895876,0.000000,84.088326
431045,0.040622,0.450949,-0.063425,-0.011073,-0.428078,0.117178,-0.896045,0.000000,83.593597
431048,0.040575,0.450948,-0.063404,-0.011023,-0.428141,0.116301,-0.896129,-0.000343,83.142471
431052,0.040522,0.450948,-0.063377,-0.011007,-0.428188,0.115135,-0.896258,0.000000,82.648430
431055,0.040475,0.450949,-0.063354,-0.010948,-0.428204,0.114297,-0.896358,0.000000,82.113876
431059,0.040429,0.450946,-0.063330,-0.010986,-0.428298,0.113383,-0.896429,0.000000,81.655197
431062,0.040389,0.450946,-0.063317,-0.010941,-0.428337,0.112735,-0.896492,0.000000,81.100731
431066,0.040346,0.450944,-0.063297,-0.011007,-0.428340,0.111863,-0.896599,0.000000,80.670204
431070,0.040312,0.450948,-0.063279,-0.011008,-0.428408,0.111226,-0.896646,0.000000,80.115738
431073,0.040286,0.450945,-0.063270,-0.011027,-0.428436,0.110660,-0.896703,0.000000,79.596291
431077,0.040252,0.450944,-0.063247,-0.011059,-0.428421,0.109945,-0.896797,0.000000,79.140701
431080,0.040216,0.450941,-0.063234,-0.011068,-0.428457,0.109313,-0.896857,0.000000,78.650093
431084,0.040174,0.450942,-0.063208,-0.011038,-0.428555,0.108427,-0.896918,0.000000,78.099747
431087,0.040143,0.450940,-0.063194,-0.011058,-0.428544,0.107777,-0.897002,0.000000,77.644157
431091,0.040102,0.450940,-0.063175,-0.011032,-0.428611,0.107007,-0.897062,0.000000,77.107544
431095,0.040065,0.450938,-0.063163,-0.011010,-0.428583,0.106303,-0.897159,0.000000,76.615906
431098,0.040040,0.450937,-0.063156,-0.011017,-0.428575,0.105871,-0.897214,0.000000,76.164093
431101,0.040019,0.450934,-0.063148,-0.011009,-0.428604,0.105485,-0.897246,0.000000,75.617867
431105,0.039990,0.450935,-0.063139,-0.010926,-0.428638,0.104872,-0.897303,0.000000,75.172920
431109,0.039960,0.450933,-0.063121,-0.010983,-0.428631,0.104285,-0.897374,0.000000,74.606438
431112,0.039937,0.450935,-0.063109,-0.010956,-0.428664,0.103847,-0.897409,0.000000,74.088707
431116,0.039902,0.450933,-0.063091,-0.010945,-0.428678,0.103059,-0.897493,0.000000,73.652000
431119,0.039875,0.450931,-0.063083,-0.010961,-0.428665,0.102559,-0.897556,0.000000,73.100624
431123,0.039844,0.450931,-0.063069,-0.010940,-0.428722,0.102010,-0.897592,0.000000,72.592163
431126,0.039817,0.450929,-0.063059,-0.010930,-0.428767,0.101525,-0.897626,0.000000,72.153740
431130,0.039780,0.450929,-0.063051,-0.010979,-0.428721,0.100876,-0.897720,0.000000,71.611977
431134,0.039752,0.450927,-0.063032,-0.011000,-0.428767,0.100265,-0.897767,0.000000,71.155701
431137,0.039727,0.450931,-0.063017,-0.010962,-0.428802,0.099738,-0.897809,0.000000,70.610161
431141,0.039687,0.450924,-0.062995,-0.011126,-0.428792,0.098983,-0.897895,0.000000,70.181351
431144,0.039662,0.450925,-0.062984,-0.011125,-0.428818,0.098399,-0.897947,0.000000,69.620705
431148,0.039621,0.450921,-0.062967,-0.011114,-0.428846,0.097597,-0.898021,0.000000,69.088898
431151,0.039594,0.450918,-0.062953,-0.011085,-0.428861,0.097157,-0.898062,0.000000,68.640862
431155,0.039558,0.450918,-0.062944,-0.011029,-0.428914,0.096501,-0.898108,0.000343,68.103218
431158,0.039529,0.450915,-0.062929,-0.011041,-0.428913,0.095874,-0.898176,0.000343,67.600594
431162,0.039497,0.450915,-0.062920,-0.011030,-0.428899,0.095346,-0.898239,0.000000,67.145004
431165,0.039471,0.450912,-0.062905,-0.011028,-0.428938,0.094818,-0.898276,0.000000,66.609077
431169,0.039428,0.450909,-0.062886,-0.010930,-0.429007,0.093970,-0.898333,0.000000,66.157608
431172,0.039400,0.450911,-0.062872,-0.010948,-0.428989,0.093400,-0.898401,0.000000,65.601082
431176,0.039375,0.450905,-0.062855,-0.010952,-0.429053,0.092835,-0.898429,0.000343,65.164375
431179,0.039352,0.450906,-0.062847,-0.010929,-0.429094,0.092376,-0.898457,0.000000,64.628105
431183,0.039320,0.450901,-0.062829,-0.010987,-0.429071,0.091649,-0.898542,0.000000,64.159813
431187,0.039270,0.450902,-0.062810,-0.010887,-0.429131,0.090800,-0.898601,0.000000,63.596077
431191,0.039224,0.450900,-0.062786,-0.010937,-0.429157,0.089929,-0.898676,0.000000,63.101349
431194,0.039191,0.450901,-0.062770,-0.010961,-0.429155,0.089373,-0.898732,0.000000,62.659492
431197,0.039164,0.450901,-0.062761,-0.010930,-0.429216,0.088936,-0.898746,0.000343,62.099876
431201,0.039129,0.450898,-0.062749,-0.010925,-0.429230,0.088219,-0.898810,0.000000,61.588326
431205,0.039091,0.450897,-0.062737,-0.010904,-0.429248,0.087574,-0.898865,0.000000,61.140289
431208,0.039061,0.450893,-0.062723,-0.010936,-0.429268,0.086914,-0.898919,0.000000,60.643501
431212,0.039013,0.450890,-0.062705,-0.010940,-0.429228,0.086001,-0.899026,0.000343,60.152206
431215,0.038986,0.450885,-0.062690,-0.010965,-0.429262,0.085446,-0.899062,0.000343,59.614220
431219,0.038942,0.450883,-0.062666,-0.010838,-0.429336,0.084532,-0.899115,0.000000,59.118805
431222,0.038890,0.450873,-0.062641,-0.010910,-0.429390,0.083423,-0.899192,0.000343,58.658752
431226,0.038807,0.450866,-0.062600,-0.010899,-0.429428,0.081798,-0.899323,0.000343,58.106689
431230,0.038731,0.450866,-0.062566,-0.010896,-0.429494,0.080371,-0.899420,0.000000,57.652130
431233,0.038674,0.450859,-0.062538,-0.011032,-0.429537,0.079237,-0.899499,0.000343,57.138863
431236,0.038621,0.450856,-0.062514,-0.011005,-0.429534,0.078328,-0.899580,0.000343,56.595383
431240,0.038574,0.450855,-0.062496,-0.010953,-0.429603,0.077458,-0.899623,0.000343,56.104088
431244,0.038528,0.450849,-0.062481,-0.010917,-0.429603,0.076590,-0.899698,0.000343,55.651245
431247,0.038488,0.450845,-0.062464,-0.010881,-0.429642,0.075751,-0.899751,0.000000,55.097466
431251,0.038430,0.450839,-0.062431,-0.010806,-0.429719,0.074500,-0.899819,0.000000,54.655609
431254,0.038394,0.450832,-0.062413,-0.010737,-0.429730,0.073752,-0.899876,0.000343,54.106636
431258,0.038344,0.450825,-0.062379,-0.010789,-0.429790,0.072725,-0.899931,0.000000,53.600578
431262,0.038279,0.450820,-0.062350,-0.010670,-0.429815,0.071529,-0.900016,0.000343,53.102074
431265,0.038244,0.450817,-0.062334,-0.010737,-0.429813,0.070802,-0.900074,0.000000,52.668114
431268,0.038205,0.450812,-0.062320,-0.010733,-0.429840,0.070106,-0.900115,0.000343,52.111931
431272,0.038157,0.450812,-0.062306,-0.010690,-0.429862,0.069287,-0.900169,0.000343,51.643982
431276,0.038109,0.450807,-0.062288,-0.010716,-0.429912,0.068333,-0.900217,0.000343,51.156807
431279,0.038075,0.450805,-0.062277,-0.010759,-0.429916,0.067729,-0.900261,0.000343,50.603371
431283,0.038028,0.450798,-0.062252,-0.010709,-0.429989,0.066706,-0.900303,0.000343,50.093193
431286,0.037987,0.450795,-0.062233,-0.010741,-0.429981,0.065923,-0.900364,0.000343,49.602242
431290,0.037943,0.450790,-0.062204,-0.010747,-0.429954,0.065003,-0.900443,0.000343,49.155235
431293,0.037914,0.450786,-0.062183,-0.010765,-0.429968,0.064405,-0.900479,0.000343,48.597679
431297,0.037871,0.450783,-0.062160,-0.010719,-0.429939,0.063489,-0.900559,0.000343,48.150673
431301,0.037828,0.450779,-0.062139,-0.010743,-0.430027,0.062582,-0.900580,0.000343,47.618866
431304,0.037793,0.450778,-0.062123,-0.010706,-0.430027,0.061870,-0.900630,0.000343,47.175636
431307,0.037755,0.450774,-0.062107,-0.010735,-0.430012,0.061087,-0.900690,0.000343,46.616364
431311,0.037701,0.450766,-0.062084,-0.010786,-0.430053,0.060192,-0.900730,0.000000,46.105156
431314,0.037665,0.450763,-0.062070,-0.010761,-0.430084,0.059459,-0.900765,0.000000,45.658150
431318,0.037606,0.450755,-0.062043,-0.010776,-0.430037,0.058267,-0.900864,0.000343,45.152779
431321,0.037558,0.450747,-0.062028,-0.010770,-0.430093,0.057378,-0.900895,0.000343,44.597626
431325,0.037500,0.450737,-0.062003,-0.010721,-0.430111,0.056229,-0.900959,0.000343,44.157829
431329,0.037445,0.450727,-0.061980,-0.010685,-0.430139,0.055138,-0.901014,0.000343,43.655891
431332,0.037407,0.450721,-0.061959,-0.010683,-0.430176,0.054372,-0.901043,0.000000,43.109322
431336,0.037338,0.450712,-0.061925,-0.010669,-0.430287,0.053180,-0.901061,0.000343,42.629356
431339,0.037300,0.450710,-0.061906,-0.010681,-0.430251,0.052380,-0.901125,0.000343,42.150078
431343,0.037248,0.450700,-0.061880,-0.010753,-0.430289,0.051451,-0.901160,0.000000,41.658783
431347,0.037189,0.450694,-0.061860,-0.010660,-0.430284,0.050379,-0.901224,0.000343,41.210747
431350,0.037156,0.450690,-0.061846,-0.010683,-0.430284,0.049679,-0.901262,0.000343,40.662117
431354,0.037107,0.450689,-0.061829,-0.010652,-0.430309,0.048869,-0.901295,0.000343,40.207901
431357,0.037079,0.450682,-0.061820,-0.010593,-0.430320,0.048342,-0.901319,0.000343,39.709740
431361,0.037047,0.450675,-0.061802,-0.010688,-0.430332,0.047719,-0.901345,0.000343,39.171410
431364,0.037019,0.450671,-0.061791,-0.010662,-0.430353,0.047246,-0.901361,0.000343,38.687325
431368,0.036989,0.450664,-0.061775,-0.010628,-0.430359,0.046525,-0.901395,0.000343,38.248558
431371,0.036965,0.450662,-0.061764,-0.010603,-0.430365,0.046017,-0.901419,0.000000,37.729797
431375,0.036935,0.450658,-0.061751,-0.010625,-0.430369,0.045416,-0.901447,0.000000,37.260475
431379,0.036902,0.450654,-0.061737,-0.010551,-0.430421,0.044698,-0.901459,0.000343,36.821365
431382,0.036872,0.450648,-0.061724,-0.010546,-0.430394,0.044171,-0.901498,0.000343,36.300545
431386,0.036823,0.450642,-0.061703,-0.010534,-0.430456,0.043338,-0.901509,0.000343,35.873795
431389,0.036784,0.450638,-0.061691,-0.010489,-0.430468,0.042747,-0.901532,0.000000,35.317612
431393,0.036747,0.450634,-0.061676,-0.010581,-0.430455,0.042103,-0.901568,0.000000,34.880219
431396,0.036722,0.450634,-0.061670,-0.010546,-0.430459,0.041613,-0.901588,0.000343,34.361115
431400,0.036680,0.450629,-0.061656,-0.010481,-0.430489,0.040815,-0.901612,0.000343,33.881493
431404,0.036636,0.450622,-0.061640,-0.010504,-0.430483,0.039938,-0.901653,0.000343,33.454742
431407,0.036602,0.450620,-0.061625,-0.010471,-0.430463,0.039239,-0.901694,0.000000,32.996063
431410,0.036562,0.450611,-0.061600,-0.010462,-0.430517,0.038475,-0.901702,0.000343,32.528801
431414,0.036511,0.450601,-0.061572,-0.010439,-0.430547,0.037394,-0.901733,0.000343,32.024803
431418,0.036456,0.450591,-0.061543,-0.010458,-0.430572,0.036357,-0.901763,0.000343,31.563721
431421,0.036421,0.450585,-0.061527,-0.010414,-0.430592,0.035665,-0.901782,0.000343,31.087875
431425,0.036381,0.450577,-0.061505,-0.010462,-0.430586,0.034797,-0.901818,0.000343,30.670738
431428,0.036342,0.450569,-0.061488,-0.010399,-0.430616,0.034148,-0.901829,0.000343,30.167427
431432,0.036300,0.450561,-0.061470,-0.010352,-0.430600,0.033265,-0.901870,0.000343,29.742393
431435,0.036277,0.450557,-0.061456,-0.010364,-0.430573,0.032785,-0.901901,0.000343,29.240456
431439,0.036245,0.450552,-0.061439,-0.010341,-0.430598,0.032157,-0.901911,0.000000,28.796196
431443,0.036222,0.450548,-0.061426,-0.010375,-0.430609,0.031576,-0.901926,0.000343,28.346786
431446,0.036193,0.450543,-0.061415,-0.010408,-0.430579,0.031102,-0.901957,0.000343,27.902870
431449,0.036162,0.450538,-0.061407,-0.010425,-0.430590,0.030628,-0.901968,0.000343,27.456894
431453,0.036123,0.450533,-0.061392,-0.010335,-0.430616,0.029854,-0.901982,0.000000,27.060013
431457,0.036088,0.450529,-0.061385,-0.010370,-0.430619,0.029235,-0.902000,0.000000,26.579704
431460,0.036057,0.450522,-0.061373,-0.010390,-0.430638,0.028604,-0.902012,0.000000,26.131668
431464,0.036010,0.450515,-0.061352,-0.010367,-0.430640,0.027619,-0.902042,0.000000,25.733757
431467,0.035972,0.450507,-0.061329,-0.010414,-0.430602,0.026899,-0.902081,0.000343,25.248299
431471,0.035929,0.450493,-0.061291,-0.010436,-0.430671,0.025975,-0.902075,0.000000,24.811249
431475,0.035894,0.450484,-0.061262,-0.010438,-0.430667,0.025195,-0.902099,0.000343,24.438744
431478,0.035874,0.450478,-0.061243,-0.010490,-0.430699,0.024683,-0.902097,0.000343,24.019203
431481,0.035849,0.450474,-0.061232,-0.010467,-0.430680,0.024201,-0.902120,0.000343,23.593826
431485,0.035811,0.450469,-0.061226,-0.010363,-0.430657,0.023445,-0.902152,0.000000,23.130341
431489,0.035776,0.450464,-0.061226,-0.010358,-0.430696,0.022868,-0.902148,0.000343,22.749939
431492,0.035737,0.450461,-0.061224,-0.010294,-0.430740,0.022331,-0.902141,0.000000,22.287827
431496,0.035687,0.450453,-0.061211,-0.010320,-0.430761,0.021528,-0.902150,0.000343,21.867943
431499,0.035653,0.450447,-0.061201,-0.010321,-0.430769,0.020966,-0.902159,0.000343,21.510201
431503,0.035615,0.450438,-0.061184,-0.010278,-0.430777,0.020299,-0.902171,0.000343,21.064568
431506,0.035601,0.450434,-0.061172,-0.010280,-0.430772,0.019829,-0.902185,0.000000,20.658073
431510,0.035580,0.450426,-0.061153,-0.010340,-0.430767,0.019313,-0.902197,0.000000,20.299301
431513,0.035569,0.450420,-0.061137,-0.010356,-0.430759,0.018977,-0.902208,0.000343,19.854698
431517,0.035547,0.450417,-0.061114,-0.010304,-0.430783,0.018390,-0.902210,0.000000,19.472923
431521,0.035523,0.450409,-0.061094,-0.010403,-0.430801,0.017926,-0.902209,0.000343,19.134750
431524,0.035503,0.450407,-0.061087,-0.010336,-0.430805,0.017511,-0.902216,0.000343,18.703537
431528,0.035471,0.450400,-0.061087,-0.010399,-0.430804,0.016955,-0.902226,0.000343,18.351631
431531,0.035455,0.450398,-0.061093,-0.010423,-0.430798,0.016613,-0.902235,0.000343,17.953377
431534,0.035442,0.450396,-0.061104,-0.010373,-0.430793,0.016354,-0.902243,0.000000,17.536240
431538,0.035423,0.450394,-0.061103,-0.010313,-0.430783,0.015872,-0.902257,0.000000,17.206993
431542,0.035397,0.450394,-0.061087,-0.010372,-0.430771,0.015521,-0.902268,0.000343,16.846504
431545,0.035372,0.450387,-0.061063,-0.010388,-0.430779,0.015187,-0.902270,0.000343,16.445160
431549,0.035347,0.450378,-0.061032,-0.010397,-0.430825,0.014656,-0.902256,0.000000,16.088791
431552,0.035327,0.450374,-0.061020,-0.010407,-0.430807,0.014324,-0.902270,0.000343,15.767097
431556,0.035314,0.450372,-0.061012,-0.010393,-0.430871,0.013951,-0.902246,0.000343,15.368843
431559,0.035296,0.450368,-0.061015,-0.010360,-0.430827,0.013567,-0.902273,0.000343,15.008354
431563,0.035274,0.450365,-0.061006,-0.010427,-0.430849,0.013182,-0.902268,0.000000,14.697647
431567,0.035244,0.450359,-0.060998,-0.010403,-0.430842,0.012710,-0.902278,0.000343,14.360847
431570,0.035226,0.450354,-0.060991,-0.010338,-0.430851,0.012398,-0.902279,0.000000,14.029884
431574,0.035219,0.450351,-0.060988,-0.010417,-0.430873,0.012120,-0.902271,0.000343,13.689308
431577,0.035216,0.450350,-0.060995,-0.010336,-0.430863,0.011864,-0.902280,0.000343,13.336372
431581,0.035213,0.450345,-0.060997,-0.010367,-0.430855,0.011493,-0.902289,0.000343,13.003349
431584,0.035204,0.450342,-0.060994,-0.010414,-0.430861,0.011337,-0.902287,0.000000,12.678566
431588,0.035172,0.450336,-0.060978,-0.010407,-0.430851,0.010940,-0.902297,0.000000,12.348633
431591,0.035145,0.450331,-0.060964,-0.010362,-0.430872,0.010636,-0.902291,0.000000,12.040672
431595,0.035113,0.450329,-0.060955,-0.010428,-0.430870,0.010361,-0.902294,0.000343,11.771507
431599,0.035086,0.450325,-0.060955,-0.010330,-0.430882,0.010015,-0.902294,0.000343,11.466637
431602,0.035073,0.450324,-0.060955,-0.010375,-0.430870,0.009823,-0.902301,0.000000,11.128120
431606,0.035068,0.450324,-0.060952,-0.010443,-0.430879,0.009670,-0.902298,0.000000,10.825310
431609,0.035062,0.450318,-0.060945,-0.010359,-0.430932,0.009416,-0.902276,0.000343,10.531082
431613,0.035063,0.450314,-0.060933,-0.010451,-0.430895,0.009129,-0.902296,0.000343,10.244064
431617,0.035067,0.450310,-0.060918,-0.010442,-0.430871,0.008895,-0.902309,0.000343,9.985542
431620,0.035068,0.450308,-0.060914,-0.010375,-0.430890,0.008667,-0.902303,0.000343,9.688911
431624,0.035069,0.450304,-0.060905,-0.010456,-0.430897,0.008494,-0.902301,0.000343,9.424896
431627,0.035059,0.450301,-0.060901,-0.010437,-0.430903,0.008298,-0.902300,0.000343,9.182510
431630,0.035045,0.450300,-0.060900,-0.010408,-0.430915,0.008119,-0.902296,0.000000,8.891029
431634,0.035055,0.450282,-0.060894,-0.010979,-0.430998,0.008559,-0.902246,0.000343,8.659973
431638,0.035030,0.450284,-0.060897,-0.011003,-0.430988,0.008408,-0.902252,0.000343,8.377075
431641,0.035012,0.450283,-0.060891,-0.010947,-0.431008,0.008134,-0.902245,0.000000,8.145332
431645,0.034994,0.450281,-0.060879,-0.010995,-0.430992,0.007943,-0.902254,0.000343,7.895393
431648,0.034986,0.450277,-0.060862,-0.011030,-0.431021,0.007749,-0.902241,0.000000,7.636185
431652,0.034979,0.450271,-0.060842,-0.010959,-0.431050,0.007403,-0.902231,0.000000,7.403755
431656,0.034987,0.450269,-0.060832,-0.011081,-0.431008,0.007297,-0.902250,0.000343,7.186432
431659,0.034995,0.450267,-0.060832,-0.011083,-0.431040,0.007135,-0.902236,0.000000,6.984558
431662,0.034998,0.450264,-0.060843,-0.011014,-0.431053,0.006947,-0.902233,0.000000,6.735649
431666,0.034994,0.450261,-0.060850,-0.011007,-0.431056,0.006729,-0.902233,0.000000,6.524849
431670,0.034974,0.450262,-0.060856,-0.011051,-0.431012,0.006589,-0.902254,0.000000,6.314049
431673,0.034955,0.450265,-0.060857,-0.011055,-0.431017,0.006381,-0.902254,0.000000,6.102905
431677,0.034934,0.450258,-0.060856,-0.011062,-0.431068,0.006255,-0.902230,0.000000,5.904121
431680,0.034922,0.450258,-0.060858,-0.011031,-0.431041,0.006126,-0.902244,0.000000,5.706367
431684,0.034920,0.450262,-0.060852,-0.010995,-0.431065,0.005952,-0.902234,0.000000,5.508614
431687,0.034918,0.450258,-0.060842,-0.010957,-0.431091,0.005838,-0.902223,0.000000,5.345192
431691,0.034920,0.450258,-0.060822,-0.011075,-0.431070,0.005777,-0.902232,0.000000,5.142288
431695,0.034919,0.450254,-0.060798,-0.011081,-0.431073,0.005618,-0.902231,0.000000,4.966850
431698,0.034919,0.450246,-0.060787,-0.011088,-0.431099,0.005549,-0.902219,0.000000,4.815788
431702,0.034928,0.450246,-0.060786,-0.011029,-0.431086,0.005422,-0.902227,0.000000,4.636230
431705,0.034933,0.450246,-0.060795,-0.011005,-0.431110,0.005327,-0.902216,0.000000,4.476585
431709,0.034938,0.450246,-0.060816,-0.011057,-0.431083,0.005295,-0.902229,0.000000,4.308357
431712,0.034934,0.450246,-0.060830,-0.011036,-0.431096,0.005247,-0.902223,0.000000,4.129829
431716,0.034923,0.450250,-0.060841,-0.011073,-0.431050,0.005097,-0.902245,0.000000,3.992500
431719,0.034909,0.450244,-0.060841,-0.011037,-0.431088,0.005002,-0.902229,0.000343,3.835258
431723,0.034888,0.450245,-0.060834,-0.011005,-0.431100,0.004972,-0.902223,0.000343,3.684540
431727,0.034869,0.450243,-0.060821,-0.010991,-0.431120,0.004827,-0.902215,0.000000,3.528671
431730,0.034862,0.450244,-0.060814,-0.011041,-0.431087,0.004818,-0.902230,0.000000,3.400612
431734,0.034860,0.450248,-0.060807,-0.011054,-0.431106,0.004699,-0.902221,0.000000,3.281822
431737,0.034860,0.450241,-0.060801,-0.010948,-0.431147,0.004654,-0.902203,0.000000,3.142433
431740,0.034865,0.450240,-0.060802,-0.010945,-0.431142,0.004573,-0.902206,0.000000,3.005791
431744,0.034874,0.450240,-0.060798,-0.011045,-0.431138,0.004649,-0.902207,0.000000,2.873611
431748,0.034878,0.450244,-0.060798,-0.011090,-0.431065,0.004491,-0.902242,0.000000,2.770615
431751,0.034879,0.450236,-0.060796,-0.011067,-0.431121,0.004486,-0.902215,0.000000,2.636375
431755,0.034882,0.450240,-0.060797,-0.011093,-0.431088,0.004441,-0.902231,0.000000,2.527199
431759,0.034877,0.450236,-0.060804,-0.011001,-0.431135,0.004345,-0.902210,0.000000,2.401543
431762,0.034876,0.450236,-0.060807,-0.011016,-0.431111,0.004358,-0.902221,0.000000,2.299232
431765,0.034872,0.450241,-0.060815,-0.011069,-0.431092,0.004309,-0.902230,0.000000,2.218895
431769,0.034860,0.450236,-0.060812,-0.010961,-0.431141,0.004185,-0.902208,0.000000,2.106972
431772,0.034853,0.450236,-0.060806,-0.010957,-0.431162,0.004127,-0.902199,0.000000,2.003975
431776,0.034840,0.450234,-0.060794,-0.010985,-0.431158,0.004163,-0.902200,0.000000,1.912308
431780,0.034836,0.450237,-0.060783,-0.011037,-0.431151,0.004095,-0.902203,0.000000,1.812401
431783,0.034834,0.450232,-0.060781,-0.011021,-0.431158,0.004049,-0.902200,0.000000,1.725540
431787,0.034843,0.450237,-0.060785,-0.011019,-0.431148,0.004006,-0.902205,0.000000,1.637306
431790,0.034848,0.450236,-0.060794,-0.011015,-0.431119,0.003955,-0.902219,0.000000,1.557999
431794,0.034854,0.450231,-0.060801,-0.011044,-0.431125,0.003984,-0.902216,0.000000,1.479378
431797,0.034855,0.450231,-0.060804,-0.010995,-0.431163,0.003979,-0.902198,0.000000,1.396980
431801,0.034845,0.450235,-0.060808,-0.011090,-0.431119,0.003876,-0.902219,0.000000,1.311836
431805,0.034834,0.450232,-0.060804,-0.011075,-0.431113,0.003863,-0.902222,0.000000,1.247978
431808,0.034821,0.450229,-0.060803,-0.010989,-0.431160,0.003833,-0.902201,0.000000,1.169701
431812,0.034812,0.450232,-0.060804,-0.011034,-0.431169,0.003754,-0.902196,0.000000,1.125069
431815,0.034804,0.450234,-0.060803,-0.011065,-0.431138,0.003779,-0.902210,0.000000,1.061554
431819,0.034791,0.450232,-0.060802,-0.010988,-0.431192,0.003704,-0.902186,0.000000,0.998383
431822,0.034787,0.450235,-0.060798,-0.010991,-0.431174,0.003705,-0.902194,0.000000,0.953751
431826,0.034784,0.450234,-0.060789,-0.011081,-0.431181,0.003748,-0.902190,0.000000,0.889893
431830,0.034784,0.450231,-0.060779,-0.010978,-0.431189,0.003574,-0.902188,0.000000,0.821915
431833,0.034793,0.450227,-0.060773,-0.010985,-0.431187,0.003613,-0.902188,0.000000,0.752907
431836,0.034805,0.450225,-0.060771,-0.010996,-0.431185,0.003624,-0.902189,0.000000,0.683899
431840,0.034819,0.450225,-0.060769,-0.010955,-0.431173,0.003581,-0.902196,0.000000,0.639267
431844,0.034832,0.450229,-0.060771,-0.011059,-0.431161,0.003579,-0.902200,0.000000,0.604935
431847,0.034833,0.450224,-0.060772,-0.011039,-0.431156,0.003587,-0.902203,0.000000,0.575752
431851,0.034828,0.450229,-0.060775,-0.011027,-0.431177,0.003501,-0.902193,0.000000,0.548286
431854,0.034821,0.450223,-0.060777,-0.010963,-0.431203,0.003476,-0.902182,0.000000,0.519447
431858,0.034808,0.450223,-0.060779,-0.011003,-0.431173,0.003452,-0.902196,0.000000,0.484772
431861,0.034805,0.450228,-0.060785,-0.011074,-0.431154,0.003490,-0.902204,0.000000,0.443916
431865,0.034804,0.450229,-0.060790,-0.011006,-0.431168,0.003389,-0.902198,0.000000,0.388985
431869,0.034806,0.450222,-0.060794,-0.010941,-0.431187,0.003385,-0.902190,0.000000,0.356712
431872,0.034816,0.450230,-0.060793,-0.011020,-0.431144,0.003426,-0.902210,-0.000343,0.317230
431875,0.034820,0.450224,-0.060785,-0.010921,-0.431176,0.003397,-0.902195,0.000000,0.278778
431875,0.034820,0.450224,-0.060785,-0.010921,-0.431176,0.003397,-0.902195,0.000000,0.249596
431883,0.034833,0.450224,-0.060766,-0.011010,-0.431129,0.003313,-0.902217,0.000000,0.231400
431886,0.034833,0.450220,-0.060762,-0.010958,-0.431170,0.003340,-0.902198,0.000000,0.219040
431890,0.034830,0.450223,-0.060767,-0.011070,-0.431141,0.003356,-0.902210,0.000000,0.213203
431893,0.034823,0.450219,-0.060773,-0.010995,-0.431153,0.003343,-0.902206,0.000000,0.205307
431897,0.034812,0.450224,-0.060785,-0.011044,-0.431161,0.003310,-0.902202,0.000000,0.186768
431900,0.034803,0.450221,-0.060786,-0.011008,-0.431176,0.003377,-0.902194,-0.000343,0.156555
431904,0.034793,0.450228,-0.060788,-0.011013,-0.431160,0.003269,-0.902202,0.000000,0.129433
431908,0.034788,0.450221,-0.060777,-0.011025,-0.431219,0.003273,-0.902174,-0.000343,0.106430
431911,0.034792,0.450226,-0.060772,-0.011111,-0.431148,0.003283,-0.902207,0.000000,0.089264
431915,0.034796,0.450225,-0.060765,-0.011009,-0.431181,0.003230,-0.902192,0.000000,0.075874
431918,0.034804,0.450226,-0.060766,-0.011047,-0.431155,0.003248,-0.902204,0.000000,0.066948
431922,0.034811,0.450224,-0.060771,-0.011062,-0.431140,0.003287,-0.902211,0.000000,0.062485
431925,0.034812,0.450226,-0.060774,-0.011017,-0.431150,0.003282,-0.902207,-0.000343,0.058708
431929,0.034805,0.450222,-0.060774,-0.010965,-0.431184,0.003208,-0.902192,-0.000343,0.056305
431932,0.034801,0.450224,-0.060775,-0.011089,-0.431149,0.003286,-0.902206,0.000000,0.052185
431936,0.034795,0.450227,-0.060773,-0.011002,-0.431173,0.003176,-0.902197,0.000000,0.048065
431939,0.034793,0.450225,-0.060771,-0.011049,-0.431165,0.003191,-0.902200,0.000000,0.035019
431943,0.034794,0.450219,-0.060764,-0.011043,-0.431199,0.003217,-0.902183,-0.000343,0.022316
431947,0.034803,0.450225,-0.060768,-0.011023,-0.431155,0.003144,-0.902205,-0.000343,0.005836
431950,0.034804,0.450221,-0.060764,-0.010946,-0.431211,0.003150,-0.902179,-0.000343,-0.001717
431954,0.034804,0.450224,-0.060767,-0.011074,-0.431143,0.003186,-0.902210,-0.000343,-0.006180
431957,0.034799,0.450225,-0.060770,-0.010994,-0.431176,0.003171,-0.902195,-0.000343,-0.006523
431961,0.034792,0.450218,-0.060773,-0.011024,-0.431196,0.003140,-0.902186,0.000000,-0.006523
431964,0.034791,0.450224,-0.060779,-0.011087,-0.431149,0.003177,-0.902207,0.000000,-0.006523
431968,0.034793,0.450228,-0.060781,-0.011014,-0.431142,0.003100,-0.902211,0.000000,-0.006523
431971,0.034796,0.450226,-0.060781,-0.011018,-0.431146,0.003126,-0.902209,-0.000343,-0.006523
431975,0.034804,0.450220,-0.060777,-0.010954,-0.431190,0.003148,-0.902189,-0.000343,-0.006523
431978,0.034811,0.450221,-0.060770,-0.010955,-0.431163,0.003184,-0.902202,-0.000343,-0.006523
431982,0.034812,0.450223,-0.060761,-0.011054,-0.431170,0.003141,-0.902197,-0.000343,-0.006180
431986,0.034809,0.450222,-0.060754,-0.011045,-0.431153,0.003159,-0.902206,0.000000,-0.006180
431989,0.034799,0.450223,-0.060756,-0.011044,-0.431174,0.003106,-0.902196,0.000000,-0.006180
431993,0.034789,0.450216,-0.060758,-0.011049,-0.431190,0.003110,-0.902188,0.000000,-0.006180
431996,0.034783,0.450218,-0.060768,-0.011010,-0.431207,0.003154,-0.902181,0.000000,-0.006180
432000,0.034777,0.450221,-0.060775,-0.010961,-0.431180,0.003027,-0.902194,-0.000343,-0.006180
432003,0.034777,0.450219,-0.060778,-0.010913,-0.431208,0.003039,-0.902181,-0.000343,-0.006180
432007,0.034784,0.450225,-0.060777,-0.011041,-0.431186,0.003166,-0.902190,-0.000343,-0.005836
432010,0.034787,0.450225,-0.060771,-0.011013,-0.431161,0.003117,-0.902203,0.000000,-0.005836
432014,0.034793,0.450224,-0.060766,-0.011040,-0.431176,0.003104,-0.902195,0.000000,-0.005493
432018,0.034800,0.450223,-0.060761,-0.011105,-0.431124,0.003103,-0.902219,-0.000343,-0.005150
432021,0.034801,0.450223,-0.060764,-0.011024,-0.431149,0.003061,-0.902208,0.000000,-0.004807
432025,0.034800,0.450217,-0.060764,-0.010994,-0.431161,0.003105,-0.902203,0.000000,-0.004463
432028,0.034800,0.450224,-0.060768,-0.011098,-0.431158,0.003128,-0.902203,0.000000,-0.003777
432031,0.034797,0.450225,-0.060770,-0.011102,-0.431134,0.003148,-0.902214,-0.000343,-0.003090
432035,0.034791,0.450225,-0.060768,-0.010996,-0.431193,0.003056,-0.902188,0.000000,-0.002060
432039,0.034792,0.450224,-0.060768,-0.011049,-0.431168,0.003093,-0.902199,0.000000,-0.001030
432042,0.034795,0.450223,-0.060766,-0.011047,-0.431170,0.003083,-0.902198,-0.000343,0.000000
432046,0.034797,0.450217,-0.060764,-0.010997,-0.431201,0.003043,-0.902184,0.000000,0.001373
432050,0.034803,0.450222,-0.060765,-0.011068,-0.431157,0.003086,-0.902204,-0.000343,0.001717
432053,0.034804,0.450225,-0.060766,-0.011013,-0.431168,0.003036,-0.902199,-0.000343,0.002060
432057,0.034800,0.450217,-0.060768,-0.011020,-0.431161,0.003118,-0.902202,-0.000343,0.002747
432060,0.034799,0.450219,-0.060768,-0.010984,-0.431168,0.003077,-0.902199,0.000000,0.002747
432064,0.034798,0.450226,-0.060770,-0.010992,-0.431169,0.003049,-0.902199,-0.000343,0.002747
432067,0.034793,0.450217,-0.060766,-0.010930,-0.431216,0.002995,-0.902178,-0.000343,0.003090
432071,0.034798,0.450225,-0.060766,-0.011085,-0.431111,0.003076,-0.902225,0.000000,0.003433
432074,0.034799,0.450221,-0.060763,-0.011026,-0.431165,0.003035,-0.902201,-0.000343,0.003433
432078,0.034800,0.450214,-0.060759,-0.011006,-0.431184,0.003056,-0.902192,0.000000,0.003433
432081,0.034801,0.450217,-0.060758,-0.011034,-0.431189,0.003073,-0.902189,-0.000343,0.003433
432085,0.034796,0.450216,-0.060758,-0.010974,-0.431188,0.003004,-0.902190,-0.000343,0.003433
432088,0.034794,0.450224,-0.060762,-0.011012,-0.431170,0.003009,-0.902198,-0.000343,0.003433
432092,0.034790,0.450220,-0.060766,-0.011090,-0.431145,0.003059,-0.902209,0.000000,0.003433
432096,0.034788,0.450224,-0.060774,-0.011054,-0.431177,0.003037,-0.902195,0.000000,0.003433
432099,0.034787,0.450223,-0.060776,-0.011050,-0.431167,0.003037,-0.902199,-0.000343,0.003433
432103,0.034789,0.450222,-0.060780,-0.011045,-0.431137,0.003079,-0.902214,-0.000343,0.003433
432106,0.034787,0.450217,-0.060778,-0.010930,-0.431161,0.002968,-0.902204,-0.000343,0.003433
432110,0.034794,0.450217,-0.060771,-0.011009,-0.431156,0.003054,-0.902205,-0.000343,0.003433
432114,0.034797,0.450223,-0.060765,-0.011033,-0.431133,0.003066,-0.902216,0.000000,0.003433
432117,0.034795,0.450216,-0.060757,-0.010972,-0.431186,0.002988,-0.902192,0.000000,0.003433
432120,0.034796,0.450221,-0.060757,-0.011077,-0.431183,0.003019,-0.902191,-0.000343,0.003777
432124,0.034791,0.450215,-0.060759,-0.011016,-0.431188,0.003054,-0.902190,0.000000,0.003433
432128,0.034790,0.450222,-0.060766,-0.011061,-0.431162,0.003060,-0.902201,0.000000,0.003433
432131,0.034784,0.450216,-0.060767,-0.011023,-0.431193,0.003005,-0.902187,-0.000343,0.003433
432135,0.034781,0.450219,-0.060770,-0.011003,-0.431177,0.003042,-0.902195,0.000000,0.003433
432138,0.034775,0.450218,-0.060772,-0.010950,-0.431179,0.002917,-0.902196,-0.000343,0.003433
432142,0.034781,0.450217,-0.060769,-0.011026,-0.431190,0.003063,-0.902189,-0.000343,0.003433
432145,0.034781,0.450216,-0.060768,-0.010989,-0.431173,0.003038,-0.902197,0.000000,0.003433
432149,0.034788,0.450223,-0.060769,-0.011024,-0.431148,0.003035,-0.902209,-0.000343,0.003433
432153,0.034793,0.450221,-0.060764,-0.011102,-0.431154,0.003092,-0.902205,-0.000343,0.003433
432156,0.034793,0.450222,-0.060763,-0.011105,-0.431141,0.003083,-0.902211,-0.000343,0.003433
432160,0.034796,0.450222,-0.060760,-0.011082,-0.431145,0.003043,-0.902209,-0.000343,0.003433
432163,0.034795,0.450215,-0.060760,-0.011003,-0.431172,0.003001,-0.902198,-0.000343,0.003433
432167,0.034798,0.450222,-0.060759,-0.011054,-0.431134,0.003052,-0.902215,0.000000,0.003433
432170,0.034796,0.450215,-0.060757,-0.010959,-0.431204,0.002968,-0.902183,0.000000,0.003433
432174,0.034803,0.450221,-0.060759,-0.011101,-0.431161,0.003099,-0.902201,-0.000343,0.003433
432177,0.034802,0.450221,-0.060758,-0.011080,-0.431145,0.003043,-0.902210,-0.000343,0.003433
432181,0.034801,0.450222,-0.060762,-0.011085,-0.431143,0.003030,-0.902210,-0.000343,0.003433
432184,0.034794,0.450214,-0.060762,-0.011007,-0.431179,0.003004,-0.902194,-0.000343,0.003433
432188,0.034790,0.450221,-0.060770,-0.011089,-0.431147,0.003038,-0.902209,0.000000,0.003090
432191,0.034784,0.450215,-0.060773,-0.010955,-0.431170,0.002960,-0.902199,-0.000343,0.003090
432195,0.034779,0.450222,-0.060779,-0.011082,-0.431119,0.003006,-0.902222,-0.000343,0.003090
432199,0.034777,0.450218,-0.060781,-0.010902,-0.431206,0.002987,-0.902183,-0.000343,0.003090
432202,0.034774,0.450216,-0.060776,-0.010920,-0.431179,0.002949,-0.902196,0.000000,0.003090
432206,0.034782,0.450220,-0.060774,-0.011104,-0.431112,0.003024,-0.902225,0.000000,0.003090
432209,0.034789,0.450214,-0.060766,-0.011026,-0.431175,0.003024,-0.902196,-0.000343,0.002747
432213,0.034794,0.450222,-0.060762,-0.011097,-0.431127,0.002969,-0.902218,-0.000343,0.002747
432216,0.034796,0.450213,-0.060757,-0.011028,-0.431188,0.002990,-0.902190,0.000000,0.003090
432220,0.034793,0.450215,-0.060753,-0.011021,-0.431175,0.003007,-0.902196,0.000000,0.003090
432223,0.034789,0.450221,-0.060756,-0.011042,-0.431137,0.002950,-0.902214,-0.000343,0.002747
432227,0.034781,0.450214,-0.060759,-0.011049,-0.431159,0.003009,-0.902203,-0.000343,0.002747
432231,0.034774,0.450225,-0.060770,-0.011040,-0.431164,0.002952,-0.902201,0.000000,0.002747
432234,0.034774,0.450224,-0.060775,-0.011044,-0.431146,0.002962,-0.902210,-0.000343,0.002747
432238,0.034774,0.450222,-0.060779,-0.011108,-0.431145,0.003012,-0.902209,0.000000,0.002747
432241,0.034778,0.450221,-0.060778,-0.011060,-0.431121,0.002998,-0.902222,-0.000343,0.002403
432245,0.034785,0.450221,-0.060772,-0.011060,-0.431134,0.002988,-0.902215,0.000000,0.002403
432249,0.034791,0.450216,-0.060764,-0.010974,-0.431165,0.002979,-0.902202,-0.000343,0.002403
432252,0.034800,0.450221,-0.060761,-0.011071,-0.431109,0.003021,-0.902227,0.000000,0.002403
432256,0.034798,0.450212,-0.060759,-0.010984,-0.431166,0.002948,-0.902201,0.000000,0.002060
432259,0.034800,0.450212,-0.060757,-0.011055,-0.431174,0.003076,-0.902196,-0.000343,0.002060
432263,0.034792,0.450219,-0.060760,-0.011068,-0.431151,0.002945,-0.902207,-0.000343,0.002060
432266,0.034789,0.450221,-0.060763,-0.011096,-0.431142,0.002951,-0.902211,-0.000343,0.002060
432270,0.034783,0.450220,-0.060766,-0.011102,-0.431134,0.002969,-0.902215,-0.000343,0.002060
432273,0.034776,0.450216,-0.060770,-0.011009,-0.431162,0.002974,-0.902203,-0.000343,0.002060
432277,0.034780,0.450221,-0.060773,-0.011053,-0.431157,0.002970,-0.902204,-0.000343,0.001717
432280,0.034780,0.450221,-0.060777,-0.011080,-0.431122,0.003018,-0.902221,-0.000343,0.001717
432284,0.034786,0.450221,-0.060774,-0.011011,-0.431168,0.002981,-0.902200,0.000000,0.001373
432287,0.034788,0.450221,-0.060771,-0.011051,-0.431128,0.002968,-0.902218,0.000000,0.001717
432291,0.034794,0.450220,-0.060767,-0.011132,-0.431137,0.003027,-0.902213,-0.000343,0.001373
432295,0.034790,0.450215,-0.060757,-0.010924,-0.431179,0.002882,-0.902196,0.000000,0.001030
432298,0.034789,0.450214,-0.060755,-0.010945,-0.431185,0.002949,-0.902192,-0.000343,0.001030
432302,0.034794,0.450218,-0.060749,-0.011100,-0.431146,0.002992,-0.902209,-0.000343,0.001030
432305,0.034788,0.450213,-0.060748,-0.011022,-0.431160,0.003004,-0.902203,0.000000,0.000687
432309,0.034787,0.450213,-0.060747,-0.011007,-0.431187,0.002899,-0.902191,-0.000343,0.000343
432312,0.034788,0.450214,-0.060752,-0.011086,-0.431158,0.003020,-0.902203,0.000000,0.000343
432316,0.034785,0.450215,-0.060761,-0.010955,-0.431208,0.002914,-0.902181,-0.000343,0.000343
432319,0.034786,0.450221,-0.060766,-0.011020,-0.431191,0.002976,-0.902188,-0.000343,0.000000
432323,0.034779,0.450214,-0.060771,-0.011014,-0.431158,0.002942,-0.902204,-0.000343,0.000000
432327,0.034775,0.450214,-0.060771,-0.010937,-0.431193,0.002852,-0.902189,-0.000343,-0.000343
432330,0.034774,0.450220,-0.060772,-0.011058,-0.431126,0.002920,-0.902219,-0.000343,-0.000343
432334,0.034776,0.450212,-0.060768,-0.010978,-0.431185,0.002937,-0.902192,-0.000343,-0.000687
432337,0.034783,0.450221,-0.060766,-0.011046,-0.431138,0.002980,-0.902214,-0.000343,-0.000687
432341,0.034791,0.450217,-0.060763,-0.011063,-0.431161,0.002961,-0.902202,0.000000,-0.000687
432344,0.034795,0.450219,-0.060762,-0.011120,-0.431161,0.003021,-0.902202,0.000000,-0.000687
432344,0.034795,0.450219,-0.060762,-0.011120,-0.431161,0.003021,-0.902202,0.000000,-0.000687
432344,0.034795,0.450219,-0.060762,-0.011120,-0.431161,0.003021,-0.902202,0.000000,-0.000687
432344,0.034795,0.450219,-0.060762,-0.011120,-0.431161,0.003021,-0.902202,0.000000,-0.000687
432344,0.034795,0.450219,-0.060762,-0.011120,-0.431161,0.003021,-0.902202,0.000000,-0.000687
432344,0.034795,0.450219,-0.060762,-0.011120,-0.431161,0.003021,-0.902202,0.000000,-0.000687
432344,0.034795,0.450219,-0.060762,-0.011120,-0.431161,0.003021,-0.902202,0.000000,-0.000687
432344,0.034795,0.450219,-0.060762,-0.011120,-0.431161,0.003021,-0.902202,0.000000,-0.000687
432344,0.034795,0.450219,-0.060762,-0.011120,-0.431161,0.003021,-0.902202,0.000000,-0.000687
432344,0.034795,0.450219,-0.060762,-0.011120,-0.431161,0.003021,-0.902202,0.000000,-0.000687
432344,0.034795,0.450219,-0.060762,-0.011120,-0.431161,0.003021,-0.902202,0.000000,-0.000687
432344,0.034795,0.450219,-0.060762,-0.011120,-0.431161,0.003021,-0.902202,0.000000,-0.000687
432344,0.034795,0.450219,-0.060762,-0.011120,-0.431161,0.003021,-0.902202,0.000000,-0.000687
432344,0.034795,0.450219,-0.060762,-0.011120,-0.431161,0.003021,-0.902202,0.000000,-0.000687
432344,0.034795,0.450219,-0.060762,-0.011120,-0.431161,0.003021,-0.902202,0.000000,-0.000687
432344,0.034795,0.450219,-0.060762,-0.011120,-0.431161,0.003021,-0.902202,0.000000,-0.000687
432344,0.034795,0.450219,-0.060762,-0.011120,-0.431161,0.003021,-0.902202,0.000000,-0.000687
432344,0.034795,0.450219,-0.060762,-0.011120,-0.431161,0.003021,-0.902202,0.000000,-0.000687
432344,0.034795,0.450219,-0.060762,-0.011120,-0.431161,0.003021,-0.902202,0.000000,-0.000687
432344,0.034795,0.450219,-0.060762,-0.011120,-0.431161,0.003021,-0.902202,0.000000,-0.000687
432344,0.034795,0.450219,-0.060762,-0.011120,-0.431161,0.003021,-0.902202,0.000000,-0.000687
432344,0.034795,0.450219,-0.060762,-0.011120,-0.431161,0.003021,-0.902202,0.000000,-0.000687
432344,0.034795,0.450219,-0.060762,-0.011120,-0.431161,0.003021,-0.902202,0.000000,-0.000687
