0,0.000000,0.000000,0.000000,0.000000,0.000000,0.000000,0.000000,0.000000,0.000000
0,0.000000,0.000000,0.000000,0.000000,0.000000,0.000000,0.000000,0.000000,0.000000
0,0.000000,0.000000,0.000000,0.000000,0.000000,0.000000,0.000000,0.000000,0.000000
0,0.000000,0.000000,0.000000,0.000000,0.000000,0.000000,0.000000,0.000000,0.000000
0,0.000000,0.000000,0.000000,0.000000,0.000000,0.000000,0.000000,0.000000,0.000000
0,0.000000,0.000000,0.000000,0.000000,0.000000,0.000000,0.000000,0.000000,0.000000
0,0.000000,0.000000,0.000000,0.000000,0.000000,0.000000,0.000000,0.000000,0.000000
0,0.000000,0.000000,0.000000,0.000000,0.000000,0.000000,0.000000,0.000000,0.000000
0,0.000000,0.000000,0.000000,0.000000,0.000000,0.000000,0.000000,0.000000,0.000000
0,0.000000,0.000000,0.000000,0.000000,0.000000,0.000000,0.000000,0.000000,0.000000
0,0.000000,0.000000,0.000000,0.000000,0.000000,0.000000,0.000000,0.000000,0.000000
0,0.000000,0.000000,0.000000,0.000000,0.000000,0.000000,0.000000,0.000000,0.000000
0,0.000000,0.000000,0.000000,0.000000,0.000000,0.000000,0.000000,0.000000,0.000000
0,0.000000,0.000000,0.000000,0.000000,0.000000,0.000000,0.000000,0.000000,0.000000
0,0.000000,0.000000,0.000000,0.000000,0.000000,0.000000,0.000000,0.000000,0.000000
0,0.000000,0.000000,0.000000,0.000000,0.000000,0.000000,0.000000,0.000000,0.000000
0,0.000000,0.000000,0.000000,0.000000,0.000000,0.000000,0.000000,0.000000,0.000000
0,0.000000,0.000000,0.000000,0.000000,0.000000,0.000000,0.000000,0.000000,0.000000
0,0.000000,0.000000,0.000000,0.000000,0.000000,0.000000,0.000000,0.000000,0.000000
0,0.000000,0.000000,0.000000,0.000000,0.000000,0.000000,0.000000,0.000000,0.000000
0,0.000000,0.000000,0.000000,0.000000,0.000000,0.000000,0.000000,0.000000,0.000000
0,0.000000,0.000000,0.000000,0.000000,0.000000,0.000000,0.000000,0.000000,0.000000
0,0.000000,0.000000,0.000000,0.000000,0.000000,0.000000,0.000000,0.000000,0.000000
0,0.000000,0.000000,0.000000,0.000000,0.000000,0.000000,0.000000,0.000000,0.000000
0,0.000000,0.000000,0.000000,0.000000,0.000000,0.000000,0.000000,0.000000,0.000000
602488,0.112316,0.915655,-0.311587,0.006089,0.329167,-0.120293,-0.936558,-0.000343,0.000000
602488,0.112316,0.915655,-0.311587,0.006089,0.329167,-0.120293,-0.936558,-0.000343,0.000000
602491,0.112310,0.915655,-0.311585,0.006106,0.329198,-0.120264,-0.936551,0.000000,-0.000343
602495,0.112322,0.915657,-0.311563,0.006099,0.329131,-0.120282,-0.936573,-0.000343,-0.000343
602499,0.112329,0.915651,-0.311537,0.006107,0.329176,-0.120251,-0.936561,-0.000343,0.000000
602505,0.112331,0.915645,-0.311498,0.006087,0.329176,-0.120235,-0.936563,-0.000343,0.000000
602505,0.112331,0.915645,-0.311498,0.006087,0.329176,-0.120235,-0.936563,0.000000,0.000000
602512,0.112335,0.915647,-0.311530,0.006054,0.329246,-0.120224,-0.936540,0.000000,0.000000
602512,0.112335,0.915647,-0.311530,0.006054,0.329246,-0.120224,-0.936540,-0.000343,0.000000
602516,0.112354,0.915657,-0.311564,0.006150,0.329105,-0.120304,-0.936578,0.000000,0.000000
602520,0.112361,0.915657,-0.311569,0.006117,0.329198,-0.120203,-0.936559,0.000000,-0.000343
602523,0.112356,0.915648,-0.311566,0.006089,0.329150,-0.120262,-0.936568,0.000000,0.000000
602530,0.112335,0.915645,-0.311512,0.006056,0.329198,-0.120259,-0.936552,0.000000,-0.000343
602530,0.112335,0.915645,-0.311512,0.006056,0.329198,-0.120259,-0.936552,0.000000,0.000000
602537,0.112326,0.915649,-0.311507,0.006157,0.329131,-0.120335,-0.936565,0.000000,0.000000
602537,0.112326,0.915649,-0.311507,0.006157,0.329131,-0.120335,-0.936565,-0.000343,0.000000
602541,0.112304,0.915647,-0.311522,0.006055,0.329210,-0.120204,-0.936555,0.000000,-0.000343
602545,0.112287,0.915653,-0.311550,0.006093,0.329163,-0.120260,-0.936564,0.000000,0.000000
602551,0.112282,0.915655,-0.311576,0.006078,0.329148,-0.120289,-0.936566,0.000000,0.000000
602551,0.112282,0.915655,-0.311576,0.006078,0.329148,-0.120289,-0.936566,-0.000343,0.000343
602559,0.112333,0.915651,-0.311565,0.006121,0.329142,-0.120249,-0.936573,0.000000,0.000000
602559,0.112333,0.915651,-0.311565,0.006121,0.329142,-0.120249,-0.936573,0.000000,0.000000
602562,0.112353,0.915648,-0.311539,0.006140,0.329186,-0.120172,-0.936567,0.000000,0.000000
602566,0.112370,0.915644,-0.311503,0.006070,0.329150,-0.120205,-0.936576,0.000000,-0.000343
602570,0.112351,0.915642,-0.311486,0.006039,0.329220,-0.120222,-0.936549,0.000000,0.000000
602576,0.112313,0.915641,-0.311506,0.006044,0.329227,-0.120200,-0.936550,0.000000,0.000000
602580,0.112289,0.915652,-0.311547,0.006151,0.329093,-0.120326,-0.936580,0.000000,0.000000
602580,0.112289,0.915652,-0.311547,0.006151,0.329093,-0.120326,-0.936580,0.000000,0.000000
602583,0.112270,0.915653,-0.311570,0.006130,0.329167,-0.120288,-0.936559,0.000000,0.000000
602591,0.112270,0.915649,-0.311564,0.006068,0.329146,-0.120348,-0.936559,0.000000,0.000000
602591,0.112270,0.915649,-0.311564,0.006068,0.329146,-0.120348,-0.936559,0.000000,0.000000
602598,0.112350,0.915649,-0.311537,0.006160,0.329095,-0.120281,-0.936585,0.000000,0.000000
602598,0.112350,0.915649,-0.311537,0.006160,0.329095,-0.120281,-0.936585,0.000000,0.000000
602601,0.112379,0.915646,-0.311531,0.006076,0.329181,-0.120269,-0.936556,0.000000,0.000000
602605,0.112384,0.915601,-0.311497,0.006261,0.329046,-0.120611,-0.936559,0.000000,0.000000
602612,0.112338,0.915645,-0.311539,0.006072,0.329143,-0.120264,-0.936571,0.000000,0.000000
602612,0.112338,0.915645,-0.311539,0.006072,0.329143,-0.120264,-0.936571,0.000000,0.000000
602619,0.112273,0.915651,-0.311579,0.006106,0.329162,-0.120305,-0.936558,0.000000,0.000000
602619,0.112273,0.915651,-0.311579,0.006106,0.329162,-0.120305,-0.936558,0.000000,0.000000
602623,0.112268,0.915658,-0.311590,0.006130,0.329181,-0.120278,-0.936555,-0.000343,0.000000
602626,0.112266,0.915655,-0.311587,0.006139,0.329191,-0.120281,-0.936551,0.000000,0.000000
602630,0.112288,0.915651,-0.311554,0.006122,0.329130,-0.120301,-0.936570,0.000000,0.000000
602637,0.112328,0.915636,-0.311494,0.006025,0.329227,-0.120196,-0.936550,0.000000,0.000000
602640,0.112355,0.915642,-0.311486,0.006053,0.329226,-0.120161,-0.936555,0.000343,0.000000
602640,0.112355,0.915642,-0.311486,0.006053,0.329226,-0.120161,-0.936555,0.000000,0.000000
602644,0.112373,0.915651,-0.311496,0.006140,0.329171,-0.120216,-0.936566,0.000000,0.000000
602651,0.112348,0.915650,-0.311544,0.006110,0.329207,-0.120229,-0.936552,0.000000,0.000000
602651,0.112348,0.915650,-0.311544,0.006110,0.329207,-0.120229,-0.936552,0.000000,0.000000
602655,0.112321,0.915651,-0.311563,0.006068,0.329152,-0.120288,-0.936565,0.000000,0.000000
602658,0.112301,0.915651,-0.311579,0.006066,0.329202,-0.120212,-0.936557,0.000000,0.000000
602662,0.112292,0.915610,-0.311566,0.006287,0.328996,-0.120760,-0.936557,0.000000,0.000000
602669,0.112296,0.915651,-0.311559,0.006111,0.329182,-0.120325,-0.936549,0.000343,0.000000
602672,0.112302,0.915648,-0.311536,0.006094,0.329208,-0.120244,-0.936550,0.000000,0.000000
602676,0.112322,0.915648,-0.311517,0.006085,0.329131,-0.120261,-0.936575,0.000000,0.000000
602676,0.112322,0.915648,-0.311517,0.006085,0.329131,-0.120261,-0.936575,0.000000,0.000000
602683,0.112336,0.915645,-0.311518,0.006068,0.329199,-0.120259,-0.936552,0.000000,0.000000
602686,0.112335,0.915647,-0.311531,0.006054,0.329163,-0.120263,-0.936564,0.000343,0.000000
602690,0.112319,0.915648,-0.311546,0.006083,0.329199,-0.120286,-0.936548,0.000687,0.000000
602694,0.112310,0.915655,-0.311559,0.006160,0.329151,-0.120274,-0.936566,0.002747,0.000000
602694,0.112310,0.915655,-0.311559,0.006160,0.329151,-0.120274,-0.936566,0.009270,0.000000
602697,0.112309,0.915659,-0.311561,0.006166,0.329103,-0.120343,-0.936574,0.019913,0.000000
602704,0.112303,0.915649,-0.311547,0.006066,0.329202,-0.120303,-0.936545,0.041199,0.000000
602704,0.112303,0.915649,-0.311547,0.006066,0.329202,-0.120303,-0.936545,0.066605,0.000000
602711,0.112305,0.915645,-0.311527,0.006054,0.329178,-0.120290,-0.936555,0.100937,0.000000
602711,0.112305,0.915645,-0.311527,0.006054,0.329178,-0.120290,-0.936555,0.139732,0.000000
602715,0.112306,0.915651,-0.311526,0.006110,0.329210,-0.120228,-0.936552,0.180931,0.000000
602718,0.112309,0.915652,-0.311531,0.006103,0.329120,-0.120274,-0.936577,0.223160,0.000000
602722,0.112303,0.915650,-0.311544,0.006105,0.329184,-0.120229,-0.936561,0.263329,0.000000
602729,0.112318,0.915656,-0.311560,0.006156,0.329108,-0.120236,-0.936586,0.316544,0.000000
602729,0.112318,0.915656,-0.311560,0.006156,0.329108,-0.120236,-0.936586,0.372162,0.000000
602733,0.112308,0.915606,-0.311527,0.006230,0.329029,-0.120620,-0.936564,0.437393,0.000000
602736,0.112319,0.915648,-0.311541,0.006055,0.329190,-0.120206,-0.936562,0.512924,0.000000
602740,0.112331,0.915650,-0.311534,0.006096,0.329140,-0.120290,-0.936568,0.599098,0.000000
602743,0.112336,0.915644,-0.311534,0.006108,0.329174,-0.120134,-0.936576,0.695915,0.000343
602747,0.112350,0.915650,-0.311541,0.006060,0.329159,-0.120227,-0.936570,0.800285,0.000000
602751,0.112340,0.915646,-0.311555,0.006105,0.329131,-0.120198,-0.936583,0.904655,0.000000
602757,0.112335,0.915649,-0.311564,0.006100,0.329169,-0.120148,-0.936576,1.039238,0.000000
602757,0.112335,0.915649,-0.311564,0.006100,0.329169,-0.120148,-0.936576,1.167297,0.000000
602761,0.112329,0.915652,-0.311570,0.006163,0.329093,-0.120284,-0.936585,1.308403,0.000000
602765,0.112332,0.915650,-0.311561,0.006125,0.329155,-0.120216,-0.936572,1.454659,0.000000
602768,0.112340,0.915650,-0.311555,0.006122,0.329128,-0.120257,-0.936577,1.611214,0.000000
602772,0.112357,0.915653,-0.311541,0.006150,0.329085,-0.120198,-0.936599,1.781158,0.000000
602779,0.112360,0.915650,-0.311527,0.006097,0.329165,-0.120166,-0.936575,1.962090,0.000343
602779,0.112360,0.915650,-0.311527,0.006097,0.329165,-0.120166,-0.936575,2.161903,0.000000
602783,0.112359,0.915654,-0.311535,0.006165,0.329154,-0.120130,-0.936584,2.378540,0.000000
602786,0.112347,0.915653,-0.311548,0.006185,0.329161,-0.120146,-0.936579,2.610283,0.000343
602793,0.112342,0.915659,-0.311578,0.006197,0.329102,-0.120208,-0.936591,2.857475,0.000000
602793,0.112342,0.915659,-0.311578,0.006197,0.329102,-0.120208,-0.936591,3.120461,0.000000
602800,0.112324,0.915652,-0.311569,0.006150,0.329118,-0.120107,-0.936599,3.380013,0.000000
602800,0.112324,0.915652,-0.311569,0.006150,0.329118,-0.120107,-0.936599,3.644714,0.000000
602804,0.112346,0.915661,-0.311558,0.006182,0.329119,-0.120133,-0.936595,3.935509,0.000000
602807,0.112353,0.915650,-0.311551,0.006189,0.329153,-0.120130,-0.936584,4.246216,0.000343
602811,0.112398,0.915656,-0.311541,0.006239,0.329130,-0.120024,-0.936605,4.581985,0.000000
602814,0.112421,0.915663,-0.311532,0.006288,0.329092,-0.120030,-0.936617,4.919815,0.000000
602821,0.112463,0.915658,-0.311538,0.006252,0.329181,-0.119792,-0.936617,5.285110,0.000000
602821,0.112463,0.915658,-0.311538,0.006252,0.329181,-0.119792,-0.936617,5.667572,0.000000
602825,0.112486,0.915664,-0.311562,0.006362,0.329060,-0.119716,-0.936668,6.065826,0.000343
602828,0.112510,0.915669,-0.311586,0.006411,0.329081,-0.119661,-0.936667,6.473351,0.000000
602832,0.112551,0.915680,-0.311599,0.006490,0.329092,-0.119619,-0.936668,6.907310,0.000343
602836,0.112589,0.915642,-0.311598,0.006755,0.328896,-0.119912,-0.936698,7.318268,0.000343
602839,0.112640,0.915645,-0.311602,0.006806,0.328900,-0.119706,-0.936723,7.834625,0.000000
602846,0.112772,0.915653,-0.311597,0.006961,0.328882,-0.119487,-0.936756,8.329697,0.000000
602846,0.112772,0.915653,-0.311597,0.006961,0.328882,-0.119487,-0.936756,8.850861,0.000343
602853,0.112921,0.915702,-0.311619,0.006950,0.329072,-0.118789,-0.936778,9.374771,0.000000
602853,0.112921,0.915702,-0.311619,0.006950,0.329072,-0.118789,-0.936778,9.926834,0.000343
602857,0.113002,0.915717,-0.311634,0.007180,0.328926,-0.118695,-0.936839,10.502243,0.000000
602860,0.113072,0.915727,-0.311654,0.007311,0.328880,-0.118456,-0.936885,11.033363,0.000000
602868,0.113278,0.915735,-0.311722,0.007727,0.328844,-0.117929,-0.936960,11.700783,0.000343
602868,0.113278,0.915735,-0.311722,0.007727,0.328844,-0.117929,-0.936960,12.309494,0.000343
602871,0.113395,0.915744,-0.311757,0.007904,0.328758,-0.117615,-0.937028,12.978287,0.000343
602875,0.113589,0.915757,-0.311805,0.008355,0.328709,-0.117001,-0.937119,13.694458,0.000000
602878,0.113768,0.915775,-0.311840,0.008594,0.328716,-0.116558,-0.937169,14.428139,0.000343
602882,0.114009,0.915784,-0.311872,0.008905,0.328700,-0.115797,-0.937266,15.176926,0.000343
602889,0.114515,0.915879,-0.311991,0.009495,0.328765,-0.114295,-0.937422,15.934982,0.000000
602889,0.114515,0.915879,-0.311991,0.009495,0.328765,-0.114295,-0.937422,16.613731,0.000343
602896,0.115019,0.915935,-0.312121,0.010440,0.328746,-0.112872,-0.937591,17.485085,0.000343
602896,0.115019,0.915935,-0.312121,0.010440,0.328746,-0.112872,-0.937591,18.307343,0.000343
602900,0.115328,0.915922,-0.312192,0.011247,0.328483,-0.112446,-0.937725,19.153976,0.000343
602903,0.115554,0.915947,-0.312248,0.011652,0.328524,-0.111829,-0.937780,20.052795,0.000343
602907,0.115934,0.916027,-0.312350,0.012131,0.328549,-0.110554,-0.937916,20.975304,0.000343
602910,0.116237,0.916056,-0.312416,0.012718,0.328497,-0.109666,-0.938031,21.920815,0.000000
602917,0.116902,0.916102,-0.312540,0.013886,0.328336,-0.107866,-0.938279,22.886581,0.000343
602917,0.116902,0.916102,-0.312540,0.013886,0.328336,-0.107866,-0.938279,23.760681,0.000343
602924,0.117593,0.916165,-0.312683,0.015213,0.328154,-0.106055,-0.938529,24.866867,0.000343
602924,0.117593,0.916165,-0.312683,0.015213,0.328154,-0.106055,-0.938529,25.906792,0.000343
602928,0.118019,0.916209,-0.312772,0.015947,0.327984,-0.104826,-0.938714,26.951866,0.000000
602931,0.118338,0.916230,-0.312851,0.016427,0.328069,-0.103876,-0.938782,28.009300,0.000000
602935,0.118779,0.916294,-0.312964,0.016943,0.328179,-0.102592,-0.938875,29.100380,0.000343
602942,0.119610,0.916340,-0.313140,0.018379,0.328057,-0.100417,-0.939126,30.257034,0.000343
602942,0.119610,0.916340,-0.313140,0.018379,0.328057,-0.100417,-0.939126,31.417122,0.000343
602946,0.120111,0.916362,-0.313236,0.019247,0.328041,-0.098789,-0.939287,32.589912,0.000343
602953,0.121085,0.916425,-0.313398,0.020916,0.327737,-0.096198,-0.939626,33.776779,0.000343
602953,0.121085,0.916425,-0.313398,0.020916,0.327737,-0.096198,-0.939626,34.993858,0.000343
602956,0.121452,0.916431,-0.313445,0.021603,0.327589,-0.095337,-0.939750,36.231194,0.000343
602960,0.121984,0.916507,-0.313565,0.022321,0.327727,-0.093437,-0.939876,37.474365,0.000343
602963,0.122400,0.916520,-0.313646,0.023019,0.327623,-0.092401,-0.939998,38.737793,0.000343
602967,0.122957,0.916538,-0.313777,0.023957,0.327603,-0.090836,-0.940134,40.012894,0.000343
602974,0.123949,0.916576,-0.314020,0.025741,0.327291,-0.088127,-0.940453,41.316833,0.000000
602974,0.123949,0.916576,-0.314020,0.025741,0.327291,-0.088127,-0.940453,42.658882,0.000000
602981,0.125066,0.916605,-0.314219,0.027455,0.327283,-0.084871,-0.940707,44.021873,0.000000
602985,0.125718,0.916611,-0.314308,0.028590,0.327016,-0.083318,-0.940905,45.392418,0.000000
602985,0.125718,0.916611,-0.314308,0.028590,0.327016,-0.083318,-0.940905,46.774635,0.000000
602988,0.126190,0.916603,-0.314386,0.029347,0.326930,-0.081885,-0.941037,48.183975,0.000343
602992,0.126868,0.916668,-0.314511,0.030303,0.327088,-0.079900,-0.941122,49.600525,0.000343
602999,0.127909,0.916689,-0.314730,0.032022,0.326956,-0.077032,-0.941350,51.010551,0.000343
602999,0.127909,0.916689,-0.314730,0.032022,0.326956,-0.077032,-0.941350,52.443581,0.000343
603003,0.128516,0.916678,-0.314861,0.032902,0.326761,-0.075159,-0.941539,53.898582,0.000343
603006,0.129020,0.916676,-0.314975,0.033867,0.326655,-0.073978,-0.941635,55.403709,0.000343
603010,0.129636,0.916672,-0.315113,0.034919,0.326611,-0.072286,-0.941743,56.893044,0.000000
603017,0.130859,0.916720,-0.315343,0.036846,0.326384,-0.068591,-0.942025,58.418083,0.000000
603017,0.130859,0.916720,-0.315343,0.036846,0.326384,-0.068591,-0.942025,59.937630,0.000343
603024,0.132050,0.916695,-0.315513,0.038652,0.326281,-0.065294,-0.942222,61.471939,0.000343
603024,0.132050,0.916695,-0.315513,0.038652,0.326281,-0.065294,-0.942222,63.012772,0.000343
603027,0.132563,0.916686,-0.315615,0.039497,0.326116,-0.064009,-0.942333,64.563217,0.000343
603031,0.133248,0.916664,-0.315753,0.040638,0.326013,-0.062011,-0.942454,66.141129,0.000343
603035,0.133904,0.916642,-0.315899,0.041863,0.325868,-0.060200,-0.942568,67.703934,0.000343
603041,0.135016,0.916601,-0.316107,0.043717,0.325480,-0.057264,-0.942800,69.296608,0.000000
603041,0.135016,0.916601,-0.316107,0.043717,0.325480,-0.057264,-0.942800,70.933228,0.000343
603045,0.135718,0.916635,-0.316264,0.044819,0.325479,-0.054852,-0.942892,72.558174,0.000000
603049,0.136404,0.916551,-0.316345,0.045997,0.325199,-0.053397,-0.943016,74.157372,0.000343
603052,0.136950,0.916583,-0.316452,0.046662,0.325299,-0.051699,-0.943043,75.811844,0.000343
603056,0.137636,0.916532,-0.316552,0.047758,0.325115,-0.049825,-0.943153,77.467690,0.000343
603059,0.138175,0.916493,-0.316661,0.048734,0.324975,-0.048276,-0.943232,78.947411,0.000000
603063,0.138898,0.916461,-0.316823,0.050049,0.324782,-0.046304,-0.943328,80.772858,0.000343
603070,0.140030,0.916351,-0.317058,0.052261,0.324261,-0.043327,-0.943529,82.435226,0.000000
603070,0.140030,0.916351,-0.317058,0.052261,0.324261,-0.043327,-0.943529,84.124031,0.000343
603074,0.140789,0.916388,-0.317228,0.053114,0.324455,-0.040821,-0.943526,85.819016,0.000343
603081,0.142024,0.916309,-0.317443,0.055228,0.324114,-0.037627,-0.943655,87.505074,0.000343
603081,0.142024,0.916309,-0.317443,0.055228,0.324114,-0.037627,-0.943655,89.199371,0.000343
603084,0.142637,0.916247,-0.317556,0.056244,0.324078,-0.035848,-0.943676,90.899162,0.000343
603088,0.143390,0.916170,-0.317694,0.057417,0.323848,-0.033781,-0.943761,92.612686,0.000343
603091,0.143926,0.916115,-0.317800,0.058397,0.323683,-0.032254,-0.943811,94.162788,0.000343
603098,0.145299,0.916047,-0.318007,0.060417,0.323453,-0.028449,-0.943885,96.058273,0.000343
603098,0.145299,0.916047,-0.318007,0.060417,0.323453,-0.028449,-0.943885,97.769737,0.000000
603102,0.146005,0.915969,-0.318163,0.061685,0.323235,-0.026536,-0.943933,99.509697,0.000000
603105,0.146628,0.915894,-0.318307,0.062765,0.323091,-0.024661,-0.943962,101.269569,0.000000
603109,0.147471,0.915815,-0.318500,0.064151,0.323021,-0.022338,-0.943951,103.001289,0.000000
603113,0.148241,0.915725,-0.318646,0.065519,0.322802,-0.020097,-0.943982,104.754982,0.000000
603116,0.148820,0.915642,-0.318744,0.066475,0.322593,-0.018537,-0.944019,106.494255,0.000343
603123,0.150327,0.915503,-0.318975,0.068680,0.322334,-0.014321,-0.944023,108.236961,0.000343
603123,0.150327,0.915503,-0.318975,0.068680,0.322334,-0.014321,-0.944023,109.975204,0.000000
603127,0.151218,0.915379,-0.319130,0.070315,0.322252,-0.011753,-0.943966,111.717911,0.000343
603130,0.151814,0.915277,-0.319229,0.071195,0.322097,-0.010070,-0.943972,113.464737,0.000343
603134,0.152665,0.915178,-0.319381,0.072636,0.321734,-0.007509,-0.944010,115.225639,0.000343
603141,0.154047,0.914952,-0.319610,0.074846,0.321431,-0.003480,-0.943964,116.965256,0.000343
603141,0.154047,0.914952,-0.319610,0.074846,0.321431,-0.003480,-0.943964,118.711739,0.000000
603148,0.155524,0.914624,-0.319868,0.077630,0.320871,0.000555,-0.943936,120.480881,0.000343
603148,0.155524,0.914624,-0.319868,0.077630,0.320871,0.000555,-0.943936,122.234573,0.000000
603152,0.156344,0.914604,-0.320046,0.078649,0.321056,0.003228,-0.943783,123.977966,0.000343
603155,0.157020,0.914503,-0.320142,0.079809,0.320889,0.004958,-0.943735,125.735779,0.000343
603159,0.157853,0.914362,-0.320264,0.081141,0.320598,0.007397,-0.943705,127.479515,0.000343
603166,0.159291,0.914075,-0.320532,0.083496,0.320215,0.011439,-0.943589,129.225998,0.000000
603166,0.159291,0.914075,-0.320532,0.083496,0.320215,0.011439,-0.943589,130.972481,0.000000
603170,0.160079,0.913943,-0.320689,0.084741,0.320142,0.013725,-0.943472,132.714844,0.000343
603173,0.160565,0.913774,-0.320795,0.085717,0.319987,0.014727,-0.943421,134.455147,0.000343
603177,0.161432,0.913671,-0.320977,0.087163,0.319778,0.017576,-0.943311,136.214676,0.000343
603183,0.162613,0.913459,-0.321216,0.089102,0.319311,0.021107,-0.943216,137.974205,0.000343
603183,0.162613,0.913459,-0.321216,0.089102,0.319311,0.021107,-0.943216,139.736481,0.000343
603191,0.164278,0.913008,-0.321624,0.091543,0.319534,0.025652,-0.942794,141.480217,0.000343
603191,0.164278,0.913008,-0.321624,0.091543,0.319534,0.025652,-0.942794,143.232536,0.000343
603194,0.164787,0.912911,-0.321723,0.092474,0.319242,0.027071,-0.942762,144.983482,0.000343
603198,0.165646,0.912805,-0.321724,0.094129,0.318476,0.029793,-0.942775,146.721039,0.000000
603201,0.166232,0.912660,-0.321825,0.095024,0.318316,0.031315,-0.942690,148.468208,0.000343
603205,0.166902,0.912398,-0.322122,0.095888,0.318926,0.033008,-0.942339,150.035477,0.000000
603212,0.168276,0.911962,-0.322409,0.098473,0.318124,0.036745,-0.942205,151.964607,0.000000
603212,0.168276,0.911962,-0.322409,0.098473,0.318124,0.036745,-0.942205,153.721733,0.000000
603219,0.169669,0.911767,-0.322700,0.100410,0.317983,0.041344,-0.941858,155.488472,0.000343
603219,0.169669,0.911767,-0.322700,0.100410,0.317983,0.041344,-0.941858,157.226372,0.000000
603223,0.170428,0.911568,-0.322853,0.101717,0.317833,0.043354,-0.941678,158.969765,0.000343
603226,0.171057,0.911418,-0.322955,0.102830,0.317583,0.045202,-0.941554,160.731354,0.000343
603230,0.171828,0.911208,-0.323101,0.104171,0.317162,0.047628,-0.941429,162.478180,0.000000
603233,0.172334,0.911028,-0.323213,0.105054,0.316901,0.049127,-0.941342,164.204750,0.000000
603237,0.173187,0.910808,-0.323343,0.106409,0.316820,0.051563,-0.941086,165.976982,0.000343
603244,0.174516,0.910423,-0.323611,0.108685,0.316484,0.055371,-0.940723,167.730331,0.000000
603244,0.174516,0.910423,-0.323611,0.108685,0.316484,0.055371,-0.940723,169.478188,0.000343
603251,0.175799,0.909895,-0.323904,0.111243,0.315623,0.058837,-0.940503,171.225700,0.000000
603251,0.175799,0.909895,-0.323904,0.111243,0.315623,0.058837,-0.940503,172.980766,0.000343
603255,0.176581,0.909664,-0.324063,0.112507,0.315496,0.060863,-0.940266,174.731369,0.000343
603258,0.177246,0.909635,-0.324174,0.113142,0.315631,0.063428,-0.939975,176.478882,0.000000
603262,0.177996,0.909422,-0.324322,0.114431,0.315354,0.065452,-0.939773,178.054733,0.000343
603269,0.179485,0.908992,-0.324582,0.117259,0.313592,0.071217,-0.939595,179.976654,0.000000
603269,0.179485,0.908992,-0.324582,0.117259,0.313592,0.071217,-0.939595,181.706314,0.000343
603272,0.180059,0.908726,-0.324705,0.118062,0.314591,0.071674,-0.939126,183.471680,0.000343
603276,0.180897,0.908458,-0.324844,0.119348,0.314250,0.073978,-0.938898,185.232239,0.000343
603279,0.181427,0.908258,-0.324964,0.120354,0.314097,0.075611,-0.938691,186.783028,0.000000
603283,0.182078,0.907871,-0.325087,0.121665,0.313679,0.077195,-0.938533,188.546333,0.000343
603290,0.183499,0.907368,-0.325358,0.124160,0.313193,0.081530,-0.938002,190.487823,0.000343
603294,0.184315,0.907116,-0.325531,0.125566,0.312840,0.083898,-0.937723,192.222290,0.000000
603294,0.184315,0.907116,-0.325531,0.125566,0.312840,0.083898,-0.937723,193.977699,0.000343
603301,0.185714,0.906575,-0.325821,0.127860,0.312355,0.088444,-0.937157,195.721092,0.000343
603301,0.185714,0.906575,-0.325821,0.127860,0.312355,0.088444,-0.937157,197.456245,0.000343
603304,0.186310,0.906464,-0.325937,0.128692,0.312246,0.090537,-0.936880,199.181442,0.000343
603308,0.187188,0.906223,-0.326060,0.130033,0.311960,0.093462,-0.936503,200.921745,0.000343
603311,0.187722,0.906008,-0.326157,0.131059,0.311742,0.094659,-0.936312,202.642479,0.000000
603315,0.188465,0.905725,-0.326301,0.132384,0.311543,0.096880,-0.935965,204.366302,0.000000
603319,0.189215,0.905428,-0.326459,0.133500,0.311277,0.098974,-0.935675,206.101456,0.000343
603322,0.189776,0.905192,-0.326580,0.134501,0.311017,0.100985,-0.935404,207.821846,0.000000
603326,0.190512,0.904879,-0.326734,0.135836,0.310624,0.103130,-0.935107,209.533653,0.000000
603329,0.191063,0.904666,-0.326853,0.136904,0.310329,0.104825,-0.934861,211.235847,0.000343
603336,0.192289,0.903963,-0.327073,0.139313,0.309718,0.107883,-0.934359,212.937012,0.000343
603336,0.192289,0.903963,-0.327073,0.139313,0.309718,0.107883,-0.934359,214.610367,0.000000
603340,0.192938,0.903686,-0.327205,0.140341,0.309419,0.109824,-0.934079,216.299858,0.000343
603343,0.193447,0.903455,-0.327305,0.141239,0.309365,0.111456,-0.933768,217.984543,0.000343
603347,0.194142,0.903129,-0.327440,0.142568,0.308920,0.113631,-0.933451,219.645538,0.000343
603351,0.194880,0.902803,-0.327601,0.143932,0.308578,0.115906,-0.933075,221.154099,0.000000
603357,0.195949,0.902321,-0.327811,0.145700,0.308273,0.119263,-0.932478,222.983665,0.000000
603357,0.195949,0.902321,-0.327811,0.145700,0.308273,0.119263,-0.932478,224.614449,0.000000
603361,0.196632,0.902037,-0.327957,0.146927,0.307807,0.121113,-0.932201,226.246262,0.000000
603365,0.197261,0.901734,-0.328074,0.147939,0.307638,0.122981,-0.931852,227.867775,0.000343
603368,0.197730,0.901512,-0.328169,0.148810,0.307430,0.124546,-0.931574,229.480362,0.000343
603372,0.198407,0.901188,-0.328294,0.149927,0.307126,0.126504,-0.931231,231.079216,0.000343
603379,0.199609,0.900791,-0.328558,0.151997,0.306509,0.130677,-0.930523,232.668457,0.000000
603379,0.199609,0.900791,-0.328558,0.151997,0.306509,0.130677,-0.930523,234.265938,0.000000
603386,0.200610,0.900130,-0.328792,0.154078,0.305990,0.133266,-0.929984,235.849686,0.000000
603386,0.200610,0.900130,-0.328792,0.154078,0.305990,0.133266,-0.929984,237.391548,0.000000
603390,0.201239,0.899824,-0.328902,0.154983,0.305762,0.135233,-0.929625,238.935471,0.000000
603393,0.201678,0.899597,-0.328990,0.155758,0.305597,0.136497,-0.929365,240.474586,0.000000
603397,0.202245,0.899290,-0.329101,0.156943,0.305348,0.138362,-0.928971,241.976280,0.000343
603404,0.203530,0.899023,-0.329037,0.159179,0.303568,0.142526,-0.928544,243.477287,0.000000
603404,0.203530,0.899023,-0.329037,0.159179,0.303568,0.142526,-0.928544,244.970055,0.000000
603411,0.204504,0.898436,-0.329540,0.160576,0.304299,0.145827,-0.927552,246.443596,0.000000
603411,0.204504,0.898436,-0.329540,0.160576,0.304299,0.145827,-0.927552,247.889671,0.000000
603414,0.204797,0.898000,-0.329621,0.161418,0.303846,0.146284,-0.927482,249.339180,0.000343
603421,0.205823,0.897484,-0.329836,0.163216,0.303663,0.149269,-0.926751,250.790062,0.000000
603421,0.205823,0.897484,-0.329836,0.163216,0.303663,0.149269,-0.926751,252.060699,0.000000
603428,0.206700,0.896928,-0.330083,0.165303,0.302844,0.152367,-0.926145,253.575783,0.000000
603428,0.206700,0.896928,-0.330083,0.165303,0.302844,0.152367,-0.926145,254.952507,0.000000
603432,0.207282,0.896731,-0.330018,0.164861,0.303074,0.155833,-0.925572,256.315842,0.000000
603436,0.207826,0.896430,-0.330099,0.165718,0.302732,0.157532,-0.925243,257.678146,0.000343
603439,0.208303,0.896262,-0.330136,0.166358,0.302635,0.158973,-0.924913,258.999939,0.000000
603446,0.209121,0.895691,-0.330352,0.167922,0.302231,0.161505,-0.924324,260.310402,0.000000
603450,0.209597,0.895417,-0.330457,0.168962,0.302015,0.163121,-0.923921,261.595802,0.000000
603450,0.209597,0.895417,-0.330457,0.168962,0.302015,0.163121,-0.923921,262.850990,0.000343
603454,0.210121,0.895165,-0.330552,0.169760,0.301887,0.164564,-0.923561,264.091759,0.000000
603460,0.210906,0.894785,-0.330673,0.171120,0.301228,0.167213,-0.923049,265.331841,0.000000
603460,0.210906,0.894785,-0.330673,0.171120,0.301228,0.167213,-0.923049,266.545143,0.000000
603464,0.211257,0.894441,-0.330804,0.172092,0.300956,0.168366,-0.922747,267.727203,0.000000
603468,0.211733,0.894179,-0.330877,0.172855,0.300806,0.170048,-0.922345,268.876305,0.000000
603471,0.212067,0.893972,-0.330942,0.173414,0.300698,0.171106,-0.922080,270.021286,0.000000
603475,0.212517,0.893683,-0.331043,0.174309,0.300361,0.172742,-0.921716,271.146011,0.000000
603478,0.212858,0.893463,-0.331119,0.174899,0.300169,0.173676,-0.921491,272.358627,0.000000
603481,0.213386,0.893293,-0.331177,0.175595,0.300070,0.175335,-0.921077,273.341560,0.000000
603488,0.214132,0.892726,-0.331368,0.176847,0.298864,0.178844,-0.920554,274.379768,0.000343
603491,0.214411,0.892566,-0.331396,0.177787,0.299241,0.178458,-0.920326,275.392914,0.000000
603495,0.214857,0.892318,-0.331441,0.178465,0.299087,0.179880,-0.919968,276.384087,0.000000
603495,0.214857,0.892318,-0.331441,0.178465,0.299087,0.179880,-0.919968,277.372513,0.000000
603499,0.215268,0.892076,-0.331485,0.179165,0.298802,0.181067,-0.919691,278.341713,0.000000
603502,0.215535,0.891894,-0.331549,0.179726,0.298735,0.182085,-0.919402,279.270744,0.000000
603506,0.215891,0.891660,-0.331608,0.180299,0.298581,0.183300,-0.919099,280.171623,0.000000
603513,0.216501,0.891250,-0.331781,0.181494,0.298267,0.185493,-0.918525,281.040230,0.000000
603513,0.216501,0.891250,-0.331781,0.181494,0.298267,0.185493,-0.918525,281.892700,0.000000
603516,0.216728,0.891076,-0.331845,0.181963,0.298187,0.186258,-0.918304,282.721138,0.000000
603520,0.217060,0.890882,-0.331915,0.182960,0.297544,0.186989,-0.918166,283.509407,0.000000
603524,0.217350,0.890638,-0.331967,0.183664,0.297324,0.188492,-0.917789,284.292870,0.000000
603527,0.217578,0.890495,-0.331996,0.184068,0.297186,0.189189,-0.917610,285.050240,0.000000
603531,0.217896,0.890295,-0.332035,0.184601,0.297007,0.190026,-0.917387,285.781860,0.000000
603537,0.218453,0.890050,-0.332080,0.184909,0.297382,0.191124,-0.916976,286.484299,0.000000
603537,0.218453,0.890050,-0.332080,0.184909,0.297382,0.191124,-0.916976,287.154121,0.000000
603541,0.218752,0.889857,-0.332132,0.185365,0.297192,0.191980,-0.916766,287.802315,0.000000
603545,0.218992,0.889698,-0.332148,0.185799,0.297100,0.192979,-0.916498,288.435745,0.000343
603548,0.219119,0.889587,-0.332175,0.186008,0.297098,0.193448,-0.916358,289.057846,0.000000
603552,0.219298,0.889431,-0.332232,0.186396,0.296944,0.194142,-0.916182,289.655571,0.000000
603555,0.219464,0.889354,-0.332298,0.187242,0.296309,0.194313,-0.916179,290.235786,0.000000
603562,0.219832,0.889093,-0.332432,0.187908,0.296267,0.195594,-0.915784,290.774803,0.000000
603562,0.219832,0.889093,-0.332432,0.187908,0.296267,0.195594,-0.915784,291.233826,0.000000
603569,0.220164,0.888856,-0.332478,0.188479,0.296144,0.196777,-0.915453,291.792068,0.000343
603569,0.220164,0.888856,-0.332478,0.188479,0.296144,0.196777,-0.915453,292.273750,0.000000
603573,0.220385,0.888721,-0.332468,0.188808,0.295925,0.197575,-0.915284,292.740669,0.000000
603577,0.220575,0.888578,-0.332479,0.189070,0.295854,0.198454,-0.915062,293.186646,0.000000
603580,0.220745,0.888475,-0.332496,0.189291,0.295787,0.198917,-0.914938,293.630219,0.000000
603584,0.220874,0.888299,-0.332562,0.190135,0.295061,0.199864,-0.914791,294.042549,0.000000
603587,0.220995,0.888209,-0.332596,0.190301,0.295089,0.200385,-0.914633,294.435654,0.000000
603594,0.221162,0.888056,-0.332666,0.190740,0.295017,0.201218,-0.914382,294.822578,0.000000
603594,0.221162,0.888056,-0.332666,0.190740,0.295017,0.201218,-0.914382,295.174141,0.000000
603598,0.221254,0.887965,-0.332715,0.190961,0.294982,0.201633,-0.914256,295.509224,0.000000
603601,0.221325,0.887906,-0.332738,0.191148,0.294919,0.201994,-0.914157,295.801735,0.000000
603605,0.221439,0.887828,-0.332768,0.191319,0.294797,0.202271,-0.914100,296.082916,0.000000
603612,0.221631,0.887691,-0.332776,0.191659,0.294808,0.203031,-0.913856,296.406326,0.000000
603612,0.221631,0.887691,-0.332776,0.191659,0.294808,0.203031,-0.913856,296.700554,0.000000
603619,0.221949,0.887574,-0.332819,0.192765,0.293634,0.203525,-0.913892,296.962852,0.000000
603619,0.221949,0.887574,-0.332819,0.192765,0.293634,0.203525,-0.913892,297.211761,0.000000
603623,0.222080,0.887501,-0.332833,0.192865,0.293655,0.204014,-0.913755,297.470284,0.000000
603626,0.222159,0.887447,-0.332850,0.192906,0.293618,0.204285,-0.913698,297.692757,0.000000
603630,0.222356,0.887483,-0.332806,0.192271,0.294847,0.203391,-0.913635,297.877121,0.000000
603634,0.222421,0.887430,-0.332815,0.192466,0.294817,0.203685,-0.913538,298.067665,0.000000
603637,0.222331,0.887284,-0.332886,0.193335,0.293427,0.205004,-0.913507,298.247566,0.000000
603640,0.222499,0.887356,-0.332841,0.192646,0.294635,0.203965,-0.913497,298.422318,0.000000
603644,0.222543,0.887307,-0.332872,0.192716,0.294747,0.204198,-0.913393,298.589516,0.000000
603651,0.222641,0.887242,-0.332919,0.192892,0.294676,0.204511,-0.913309,298.735771,0.000000
603651,0.222641,0.887242,-0.332919,0.192892,0.294676,0.204511,-0.913309,298.866577,-0.000343
603658,0.222741,0.887194,-0.332939,0.192997,0.294706,0.204978,-0.913173,299.012833,0.000000
603662,0.222802,0.887151,-0.332955,0.193114,0.294722,0.205155,-0.913103,299.130592,0.000000
603662,0.222802,0.887151,-0.332955,0.193114,0.294722,0.205155,-0.913103,299.234619,0.000000
603666,0.222866,0.887119,-0.332967,0.193116,0.294715,0.205243,-0.913085,299.328003,0.000000
603669,0.222907,0.887103,-0.332973,0.193169,0.294706,0.205359,-0.913051,299.403534,0.000000
603673,0.222916,0.887083,-0.332975,0.193176,0.294791,0.205427,-0.913007,299.480782,0.000000
603679,0.222936,0.887061,-0.332985,0.193209,0.294781,0.205572,-0.912970,299.553909,0.000000
603679,0.222936,0.887061,-0.332985,0.193209,0.294781,0.205572,-0.912970,299.632530,0.000000
603683,0.222953,0.887046,-0.333011,0.193336,0.294652,0.205578,-0.912984,299.702568,0.000000
603690,0.223048,0.887016,-0.333073,0.193420,0.294659,0.205850,-0.912902,299.767799,0.000000
603690,0.223048,0.887016,-0.333073,0.193420,0.294659,0.205850,-0.912902,299.821701,-0.000343
603694,0.223111,0.886997,-0.333100,0.193398,0.294647,0.205890,-0.912902,299.852943,0.000000
603697,0.223165,0.886974,-0.333121,0.193408,0.294746,0.206030,-0.912836,299.872169,0.000000
603701,0.223264,0.886964,-0.333124,0.193451,0.294612,0.206089,-0.912857,299.890366,0.000000
603705,0.223346,0.886940,-0.333105,0.193564,0.294632,0.206219,-0.912797,299.908218,-0.000343
603708,0.223371,0.886924,-0.333056,0.193500,0.294703,0.206249,-0.912781,299.929848,0.000000
603712,0.223390,0.886906,-0.332961,0.193454,0.294632,0.206381,-0.912784,299.949074,0.000000
603715,0.223370,0.886908,-0.332912,0.193393,0.294706,0.206299,-0.912791,299.970703,-0.000343
603719,0.223322,0.886910,-0.332869,0.193394,0.294749,0.206351,-0.912765,299.984436,0.000000
603722,0.223299,0.886912,-0.332894,0.193437,0.294653,0.206325,-0.912793,299.996452,0.000000
603726,0.223268,0.886926,-0.332975,0.193472,0.294765,0.206294,-0.912757,300.011215,0.000000
603733,0.223225,0.886936,-0.333140,0.193599,0.294615,0.206192,-0.912801,300.018768,0.000000
603733,0.223225,0.886936,-0.333140,0.193599,0.294615,0.206192,-0.912801,300.021172,-0.000343
603736,0.223211,0.886949,-0.333182,0.193633,0.294531,0.206136,-0.912834,300.021172,-0.000343
603740,0.223213,0.886947,-0.333182,0.193592,0.294695,0.206258,-0.912762,300.021172,0.000000
603744,0.223271,0.886929,-0.333170,0.193593,0.294614,0.206280,-0.912783,300.021172,-0.000343
603747,0.223322,0.886901,-0.333143,0.193655,0.294601,0.206400,-0.912747,300.021172,0.000000
603754,0.223410,0.886879,-0.333023,0.193598,0.294671,0.206560,-0.912700,300.021172,0.000000
603758,0.223389,0.886877,-0.332950,0.193487,0.294746,0.206530,-0.912706,300.020828,0.000000
603758,0.223389,0.886877,-0.332950,0.193487,0.294746,0.206530,-0.912706,300.020485,0.000000
603761,0.223354,0.886883,-0.332927,0.193534,0.294723,0.206554,-0.912699,300.020142,0.000000
603765,0.223301,0.886892,-0.332939,0.193490,0.294649,0.206390,-0.912769,300.018768,0.000000
603768,0.223539,0.887220,-0.332914,0.193027,0.294921,0.207978,-0.912418,300.016022,0.000000
603775,0.223244,0.886921,-0.333076,0.193609,0.294713,0.206347,-0.912733,300.012245,0.000000
603775,0.223244,0.886921,-0.333076,0.193609,0.294713,0.206347,-0.912733,300.008125,0.000000
603779,0.223254,0.886915,-0.333099,0.193609,0.294611,0.206348,-0.912765,300.002975,-0.000343
603783,0.223276,0.886901,-0.333099,0.193553,0.294704,0.206310,-0.912756,299.997482,0.000000
603786,0.223325,0.886893,-0.333094,0.193555,0.294679,0.206435,-0.912735,299.993362,0.000000
603793,0.223390,0.886880,-0.333069,0.193560,0.294754,0.206538,-0.912687,299.990959,-0.000343
603793,0.223390,0.886880,-0.333069,0.193560,0.294754,0.206538,-0.912687,299.989929,-0.000343
603800,0.223390,0.886878,-0.333033,0.193560,0.294632,0.206473,-0.912741,299.989586,-0.000343
603800,0.223390,0.886878,-0.333033,0.193560,0.294632,0.206473,-0.912741,299.989586,-0.000343
603804,0.223363,0.886888,-0.333021,0.193549,0.294730,0.206465,-0.912713,299.989586,-0.000343
603807,0.223597,0.887202,-0.332969,0.193054,0.294951,0.208008,-0.912396,299.989586,-0.000343
603811,0.223335,0.886888,-0.333043,0.193559,0.294656,0.206410,-0.912748,299.989586,0.000000
603818,0.223308,0.886895,-0.333041,0.193598,0.294647,0.206413,-0.912741,299.989929,-0.000343
603818,0.223308,0.886895,-0.333041,0.193598,0.294647,0.206413,-0.912741,299.989586,-0.000343
603825,0.223279,0.886894,-0.333043,0.193572,0.294709,0.206434,-0.912722,299.989586,-0.000343
603825,0.223279,0.886894,-0.333043,0.193572,0.294709,0.206434,-0.912722,299.989929,0.000000
603829,0.223280,0.886882,-0.333082,0.193581,0.294648,0.206440,-0.912739,299.989929,-0.000343
603832,0.223278,0.886888,-0.333126,0.193618,0.294553,0.206387,-0.912773,299.989929,0.000000
603839,0.223257,0.886907,-0.333182,0.193598,0.294750,0.206377,-0.912716,299.990273,0.000000
603839,0.223257,0.886907,-0.333182,0.193598,0.294750,0.206377,-0.912716,299.990273,-0.000343
603846,0.223255,0.886916,-0.333112,0.193631,0.294676,0.206392,-0.912729,299.990273,-0.000343
603846,0.223255,0.886916,-0.333112,0.193631,0.294676,0.206392,-0.912729,299.990616,-0.000343
603850,0.223284,0.886906,-0.333034,0.193584,0.294700,0.206463,-0.912716,299.990616,-0.000343
603854,0.223330,0.886888,-0.332936,0.193477,0.294727,0.206486,-0.912725,299.990959,0.000000
603857,0.223332,0.886848,-0.332869,0.193128,0.295165,0.206724,-0.912603,299.990959,-0.000343
603864,0.223364,0.886858,-0.332839,0.193477,0.294692,0.206598,-0.912710,299.991302,0.000000
603864,0.223364,0.886858,-0.332839,0.193477,0.294692,0.206598,-0.912710,299.991646,0.000000
603868,0.223314,0.886885,-0.332893,0.193519,0.294769,0.206428,-0.912715,299.991646,-0.000343
603871,0.223535,0.887222,-0.332901,0.193077,0.295003,0.207995,-0.912378,299.992332,-0.000343
603875,0.223522,0.887227,-0.333005,0.193117,0.294832,0.207860,-0.912455,299.992676,0.000000
603882,0.223302,0.886912,-0.333134,0.193672,0.294643,0.206321,-0.912748,299.993362,-0.000343
603882,0.223302,0.886912,-0.333134,0.193672,0.294643,0.206321,-0.912748,299.994049,-0.000343
603889,0.223395,0.886882,-0.333000,0.193588,0.294722,0.206422,-0.912717,299.995079,0.000000
603889,0.223395,0.886882,-0.333000,0.193588,0.294722,0.206422,-0.912717,299.996109,-0.000343
603893,0.223459,0.886849,-0.332900,0.193528,0.294712,0.206639,-0.912684,299.996796,-0.000343
603896,0.223445,0.886826,-0.332847,0.193198,0.294986,0.206711,-0.912649,299.997482,-0.000343
603900,0.223451,0.886850,-0.332816,0.193450,0.294823,0.206721,-0.912646,299.998169,-0.000343
603907,0.223343,0.886880,-0.332910,0.193548,0.294678,0.206504,-0.912721,299.998856,-0.000343
603907,0.223343,0.886880,-0.332910,0.193548,0.294678,0.206504,-0.912721,299.999542,-0.000343
603910,0.223283,0.886903,-0.332977,0.193534,0.294719,0.206336,-0.912749,299.999886,-0.000343
603914,0.223235,0.886917,-0.333061,0.193634,0.294658,0.206373,-0.912739,300.000572,0.000000
603918,0.223213,0.886919,-0.333111,0.193628,0.294694,0.206300,-0.912745,300.000572,-0.000343
603921,0.223479,0.887237,-0.333053,0.193189,0.294925,0.207932,-0.912393,300.001259,-0.000343
603925,0.223254,0.886904,-0.333093,0.193585,0.294677,0.206311,-0.912757,300.001259,-0.000343
603932,0.223302,0.886886,-0.333000,0.193565,0.294803,0.206474,-0.912684,300.001602,0.000000
603932,0.223302,0.886886,-0.333000,0.193565,0.294803,0.206474,-0.912684,300.001945,-0.000343
603935,0.223326,0.886876,-0.332968,0.193538,0.294816,0.206532,-0.912672,300.001945,-0.000343
603939,0.223358,0.886875,-0.332947,0.193556,0.294687,0.206485,-0.912721,300.001945,-0.000343
603943,0.223343,0.886875,-0.332933,0.193511,0.294774,0.206414,-0.912719,300.001945,-0.000343
603949,0.223349,0.886882,-0.332926,0.193500,0.294692,0.206530,-0.912721,300.001945,0.000000
603949,0.223349,0.886882,-0.332926,0.193500,0.294692,0.206530,-0.912721,300.001945,0.000000
603953,0.223301,0.886864,-0.332916,0.193180,0.295130,0.206583,-0.912635,300.001945,0.000000
603957,0.223321,0.886852,-0.332920,0.193239,0.294971,0.206575,-0.912676,300.001945,0.000000
603960,0.223614,0.887189,-0.332874,0.193064,0.294890,0.207998,-0.912416,300.001945,-0.000343
603967,0.223383,0.886880,-0.332974,0.193523,0.294716,0.206526,-0.912709,300.001945,-0.000343
603967,0.223383,0.886880,-0.332974,0.193523,0.294716,0.206526,-0.912709,300.001945,-0.000343
603971,0.223376,0.886868,-0.333016,0.193566,0.294609,0.206481,-0.912745,300.001945,-0.000343
603978,0.223343,0.886887,-0.333063,0.193565,0.294735,0.206440,-0.912714,300.001945,0.000000
603978,0.223343,0.886887,-0.333063,0.193565,0.294735,0.206440,-0.912714,300.001945,-0.000343
603981,0.223337,0.886894,-0.333061,0.193545,0.294679,0.206373,-0.912751,300.001945,0.000000
603985,0.223313,0.886893,-0.333034,0.193587,0.294743,0.206432,-0.912708,300.001945,-0.000343
603989,0.223309,0.886886,-0.332986,0.193566,0.294668,0.206469,-0.912729,300.001945,-0.000343
603995,0.223275,0.886863,-0.332903,0.193121,0.295087,0.206528,-0.912674,300.001945,0.000000
603999,0.223278,0.886862,-0.332877,0.193129,0.295191,0.206603,-0.912622,300.001945,-0.000343
604003,0.223299,0.886860,-0.332891,0.193185,0.295062,0.206656,-0.912640,300.002289,-0.000343
604003,0.223299,0.886860,-0.332891,0.193185,0.295062,0.206656,-0.912640,300.001945,-0.000343
604006,0.223579,0.887196,-0.332853,0.193075,0.294966,0.208067,-0.912373,300.001945,-0.000343
604010,0.223324,0.886877,-0.332958,0.193569,0.294703,0.206547,-0.912699,300.001945,0.000000
604014,0.223315,0.886888,-0.332989,0.193542,0.294713,0.206438,-0.912726,300.001945,-0.000343
604020,0.223311,0.886893,-0.333009,0.193599,0.294766,0.206465,-0.912691,300.002289,-0.000343
604020,0.223311,0.886893,-0.333009,0.193599,0.294766,0.206465,-0.912691,300.001945,0.000000
604024,0.223535,0.887182,-0.332929,0.192720,0.295329,0.208155,-0.912311,300.001945,-0.000343
604031,0.223309,0.886891,-0.332939,0.193574,0.294776,0.206459,-0.912694,300.002289,-0.000343
604031,0.223309,0.886891,-0.332939,0.193574,0.294776,0.206459,-0.912694,300.001945,0.000000
604035,0.223310,0.886880,-0.332904,0.193492,0.294705,0.206416,-0.912744,300.001945,-0.000343
604038,0.223276,0.886857,-0.332889,0.193155,0.295144,0.206596,-0.912633,300.001945,-0.000343
604045,0.223551,0.887195,-0.332853,0.193037,0.294945,0.208042,-0.912394,300.001945,-0.000343
604045,0.223551,0.887195,-0.332853,0.193037,0.294945,0.208042,-0.912394,300.001945,-0.000343
604049,0.223287,0.886894,-0.332950,0.193559,0.294753,0.206343,-0.912731,300.001945,-0.000343
604052,0.223292,0.886896,-0.332965,0.193537,0.294813,0.206412,-0.912701,300.001945,-0.000343
604056,0.223313,0.886891,-0.332992,0.193572,0.294637,0.206383,-0.912757,300.001945,-0.000343
604060,0.223318,0.886884,-0.332990,0.193520,0.294804,0.206469,-0.912695,300.001945,0.000000
604060,0.223318,0.886884,-0.332990,0.193520,0.294804,0.206469,-0.912695,300.001945,0.000000
604060,0.223318,0.886884,-0.332990,0.193520,0.294804,0.206469,-0.912695,300.001945,-0.000343
604060,0.223318,0.886884,-0.332990,0.193520,0.294804,0.206469,-0.912695,300.001945,-0.000343
604060,0.223318,0.886884,-0.332990,0.193520,0.294804,0.206469,-0.912695,300.001945,-0.000343
604060,0.223318,0.886884,-0.332990,0.193520,0.294804,0.206469,-0.912695,300.001945,0.000000
604060,0.223318,0.886884,-0.332990,0.193520,0.294804,0.206469,-0.912695,300.001945,-0.000343
604060,0.223318,0.886884,-0.332990,0.193520,0.294804,0.206469,-0.912695,300.001945,-0.000343
604060,0.223318,0.886884,-0.332990,0.193520,0.294804,0.206469,-0.912695,300.001945,-0.000343
604060,0.223318,0.886884,-0.332990,0.193520,0.294804,0.206469,-0.912695,300.001945,-0.000343
604060,0.223318,0.886884,-0.332990,0.193520,0.294804,0.206469,-0.912695,300.001602,-0.000343
604060,0.223318,0.886884,-0.332990,0.193520,0.294804,0.206469,-0.912695,300.001602,0.000000
604060,0.223318,0.886884,-0.332990,0.193520,0.294804,0.206469,-0.912695,300.001945,0.000000
604060,0.223318,0.886884,-0.332990,0.193520,0.294804,0.206469,-0.912695,300.001945,-0.000343
604060,0.223318,0.886884,-0.332990,0.193520,0.294804,0.206469,-0.912695,300.001602,-0.000343
604060,0.223318,0.886884,-0.332990,0.193520,0.294804,0.206469,-0.912695,300.001945,-0.000343
604060,0.223318,0.886884,-0.332990,0.193520,0.294804,0.206469,-0.912695,300.001602,-0.000343
604060,0.223318,0.886884,-0.332990,0.193520,0.294804,0.206469,-0.912695,300.001602,0.000000
604060,0.223318,0.886884,-0.332990,0.193520,0.294804,0.206469,-0.912695,300.001602,0.000000
604060,0.223318,0.886884,-0.332990,0.193520,0.294804,0.206469,-0.912695,300.001602,0.000000
604060,0.223318,0.886884,-0.332990,0.193520,0.294804,0.206469,-0.912695,300.001602,-0.000343
604060,0.223318,0.886884,-0.332990,0.193520,0.294804,0.206469,-0.912695,300.001259,0.000000
604060,0.223318,0.886884,-0.332990,0.193520,0.294804,0.206469,-0.912695,300.001259,0.000000
604060,0.223318,0.886884,-0.332990,0.193520,0.294804,0.206469,-0.912695,300.001259,0.000000
604060,0.223318,0.886884,-0.332990,0.193520,0.294804,0.206469,-0.912695,300.001259,0.000000
604060,0.223318,0.886884,-0.332990,0.193520,0.294804,0.206469,-0.912695,300.001259,0.000000
604060,0.223318,0.886884,-0.332990,0.193520,0.294804,0.206469,-0.912695,300.001259,0.000000
604060,0.223318,0.886884,-0.332990,0.193520,0.294804,0.206469,-0.912695,300.001259,0.000000
604060,0.223318,0.886884,-0.332990,0.193520,0.294804,0.206469,-0.912695,300.001259,0.000000
