0,0.000000,0.000000,0.000000,0.000000,0.000000,0.000000,0.000000,0.000000,0.000000
0,0.000000,0.000000,0.000000,0.000000,0.000000,0.000000,0.000000,0.000000,0.000000
0,0.000000,0.000000,0.000000,0.000000,0.000000,0.000000,0.000000,0.000000,0.000000
0,0.000000,0.000000,0.000000,0.000000,0.000000,0.000000,0.000000,0.000000,0.000000
0,0.000000,0.000000,0.000000,0.000000,0.000000,0.000000,0.000000,0.000000,0.000000
0,0.000000,0.000000,0.000000,0.000000,0.000000,0.000000,0.000000,0.000000,0.000000
0,0.000000,0.000000,0.000000,0.000000,0.000000,0.000000,0.000000,0.000000,0.000000
0,0.000000,0.000000,0.000000,0.000000,0.000000,0.000000,0.000000,0.000000,0.000000
0,0.000000,0.000000,0.000000,0.000000,0.000000,0.000000,0.000000,0.000000,0.000000
0,0.000000,0.000000,0.000000,0.000000,0.000000,0.000000,0.000000,0.000000,0.000000
0,0.000000,0.000000,0.000000,0.000000,0.000000,0.000000,0.000000,0.000000,0.000000
0,0.000000,0.000000,0.000000,0.000000,0.000000,0.000000,0.000000,0.000000,0.000000
0,0.000000,0.000000,0.000000,0.000000,0.000000,0.000000,0.000000,0.000000,0.000000
0,0.000000,0.000000,0.000000,0.000000,0.000000,0.000000,0.000000,0.000000,0.000000
0,0.000000,0.000000,0.000000,0.000000,0.000000,0.000000,0.000000,0.000000,0.000000
0,0.000000,0.000000,0.000000,0.000000,0.000000,0.000000,0.000000,0.000000,0.000000
0,0.000000,0.000000,0.000000,0.000000,0.000000,0.000000,0.000000,0.000000,0.000000
0,0.000000,0.000000,0.000000,0.000000,0.000000,0.000000,0.000000,0.000000,0.000000
0,0.000000,0.000000,0.000000,0.000000,0.000000,0.000000,0.000000,0.000000,0.000000
0,0.000000,0.000000,0.000000,0.000000,0.000000,0.000000,0.000000,0.000000,0.000000
0,0.000000,0.000000,0.000000,0.000000,0.000000,0.000000,0.000000,0.000000,0.000000
0,0.000000,0.000000,0.000000,0.000000,0.000000,0.000000,0.000000,0.000000,0.000000
0,0.000000,0.000000,0.000000,0.000000,0.000000,0.000000,0.000000,0.000000,0.000000
0,0.000000,0.000000,0.000000,0.000000,0.000000,0.000000,0.000000,0.000000,0.000000
0,0.000000,0.000000,0.000000,0.000000,0.000000,0.000000,0.000000,0.000000,0.000000
0,0.000000,0.000000,0.000000,0.000000,0.000000,0.000000,0.000000,0.000000,0.000000
0,0.000000,0.000000,0.000000,0.000000,0.000000,0.000000,0.000000,0.000000,0.000000
0,0.000000,0.000000,0.000000,0.000000,0.000000,0.000000,0.000000,0.000000,0.000000
321535,0.113170,0.915717,-0.311684,0.006806,0.328840,-0.119259,-0.936801,-0.000343,0.000343
321538,0.113147,0.915728,-0.311709,0.006751,0.328884,-0.119148,-0.936800,-0.000343,0.000343
321542,0.113151,0.915734,-0.311709,0.006781,0.328932,-0.119104,-0.936788,-0.000343,0.000000
321545,0.113156,0.915725,-0.311688,0.006769,0.328889,-0.119190,-0.936792,-0.000343,0.000343
321549,0.113175,0.915709,-0.311641,0.006854,0.328905,-0.119188,-0.936786,-0.000343,0.000000
321552,0.113178,0.915704,-0.311614,0.006734,0.328959,-0.119272,-0.936757,-0.000343,0.000343
321556,0.113189,0.915707,-0.311605,0.006801,0.328876,-0.119238,-0.936791,-0.000343,0.000343
321559,0.113181,0.915713,-0.311621,0.006797,0.328880,-0.119271,-0.936785,-0.000343,0.000343
321563,0.113163,0.915713,-0.311660,0.006775,0.328922,-0.119161,-0.936784,-0.000343,0.000343
321567,0.113126,0.915728,-0.311721,0.006813,0.328889,-0.119139,-0.936798,-0.000343,0.000343
321570,0.113111,0.915731,-0.311738,0.006815,0.328934,-0.119137,-0.936783,-0.000343,0.000343
321574,0.113104,0.915730,-0.311741,0.006756,0.328933,-0.119150,-0.936782,-0.000343,0.000343
321577,0.113111,0.915733,-0.311720,0.006823,0.328895,-0.119138,-0.936797,-0.000343,0.000343
321581,0.113141,0.915709,-0.311670,0.006768,0.328920,-0.119214,-0.936779,-0.000343,0.000343
321584,0.113170,0.915710,-0.311637,0.006705,0.329017,-0.119154,-0.936752,-0.000343,0.000343
321588,0.113201,0.915707,-0.311614,0.006788,0.328912,-0.119208,-0.936782,-0.000343,0.000343
321592,0.113209,0.915706,-0.311618,0.006755,0.328962,-0.119210,-0.936764,-0.000343,0.000343
321595,0.113197,0.915711,-0.311637,0.006804,0.328925,-0.119183,-0.936780,-0.000343,0.000343
321599,0.113159,0.915710,-0.311674,0.006817,0.328849,-0.119302,-0.936792,-0.000343,0.000343
321602,0.113119,0.915724,-0.311702,0.006764,0.328910,-0.119097,-0.936797,-0.000343,0.000343
321606,0.113084,0.915723,-0.311712,0.006756,0.328900,-0.119188,-0.936789,-0.000343,0.000343
321609,0.113081,0.915726,-0.311711,0.006760,0.328862,-0.119176,-0.936804,-0.000343,0.000343
321613,0.113094,0.915726,-0.311687,0.006756,0.328948,-0.119199,-0.936771,-0.000343,0.000343
321616,0.113129,0.915710,-0.311652,0.006800,0.328900,-0.119280,-0.936777,-0.000343,0.000343
321620,0.113166,0.915708,-0.311618,0.006831,0.328849,-0.119210,-0.936803,-0.000343,0.000343
321623,0.113181,0.915707,-0.311601,0.006795,0.328875,-0.119266,-0.936787,-0.000343,0.000343
321627,0.113188,0.915701,-0.311599,0.006728,0.328959,-0.119233,-0.936763,-0.000343,0.000343
321631,0.113189,0.915712,-0.311628,0.006807,0.328947,-0.119206,-0.936770,-0.000343,0.000343
321634,0.113172,0.915714,-0.311662,0.006823,0.328891,-0.119236,-0.936785,-0.000343,0.000343
321638,0.113150,0.915716,-0.311697,0.006891,0.328853,-0.119226,-0.936800,-0.000343,0.000000
321641,0.113122,0.915730,-0.311725,0.006822,0.328912,-0.119170,-0.936787,-0.000343,0.000343
321645,0.113103,0.915725,-0.311720,0.006769,0.328924,-0.119074,-0.936795,0.000000,0.000343
321648,0.113096,0.915723,-0.311706,0.006791,0.328892,-0.119124,-0.936799,0.000000,0.000343
321652,0.113101,0.915720,-0.311678,0.006773,0.328924,-0.119068,-0.936796,-0.000343,0.000000
321655,0.113112,0.915716,-0.311658,0.006742,0.328911,-0.119066,-0.936801,-0.000343,0.000343
321659,0.113129,0.915708,-0.311628,0.006781,0.328959,-0.119174,-0.936770,-0.000343,0.000000
321662,0.113142,0.915708,-0.311621,0.006770,0.328894,-0.119183,-0.936792,-0.000343,0.000343
321666,0.113154,0.915708,-0.311629,0.006807,0.328876,-0.119182,-0.936798,-0.000343,0.000000
321670,0.113159,0.915708,-0.311644,0.006805,0.328833,-0.119266,-0.936802,-0.000343,0.000343
321673,0.113163,0.915706,-0.311658,0.006796,0.328850,-0.119203,-0.936804,-0.000343,0.000343
321677,0.113149,0.915719,-0.311676,0.006737,0.328955,-0.119059,-0.936786,-0.000343,0.000343
321680,0.113149,0.915706,-0.311660,0.006784,0.328916,-0.119214,-0.936780,-0.000343,0.000343
321684,0.113143,0.915711,-0.311653,0.006824,0.328856,-0.119320,-0.936787,-0.000343,0.000343
321687,0.113132,0.915709,-0.311645,0.006829,0.328870,-0.119271,-0.936788,-0.000343,0.000343
321691,0.113119,0.915712,-0.311650,0.006725,0.328907,-0.119166,-0.936789,-0.000343,0.000343
321694,0.113132,0.915710,-0.311648,0.006810,0.328843,-0.119230,-0.936803,0.000000,0.000343
321698,0.113119,0.915707,-0.311663,0.006788,0.328845,-0.119232,-0.936802,-0.000343,0.000343
321701,0.113103,0.915714,-0.311681,0.006678,0.328973,-0.119094,-0.936776,-0.000343,0.000343
321705,0.113096,0.915720,-0.311697,0.006768,0.328857,-0.119182,-0.936805,-0.000343,0.000343
321709,0.113108,0.915711,-0.311683,0.006830,0.328902,-0.119256,-0.936779,-0.000343,0.000343
321712,0.113119,0.915712,-0.311681,0.006843,0.328852,-0.119289,-0.936792,-0.000343,0.000343
321716,0.113149,0.915709,-0.311665,0.006820,0.328851,-0.119264,-0.936796,-0.000343,0.000343
321719,0.113159,0.915717,-0.311660,0.006742,0.328890,-0.119101,-0.936804,-0.000343,0.000343
321723,0.113173,0.915703,-0.311627,0.006791,0.328912,-0.119150,-0.936789,-0.000343,0.000343
321726,0.113165,0.915701,-0.311646,0.007182,0.328303,-0.119856,-0.936910,0.000000,0.000343
321730,0.113143,0.915715,-0.311634,0.006739,0.328983,-0.119023,-0.936781,-0.000343,0.000343
321733,0.113131,0.915710,-0.311633,0.006793,0.328934,-0.119287,-0.936764,-0.000343,0.000343
321737,0.113121,0.915717,-0.311653,0.006832,0.328901,-0.119250,-0.936780,-0.000343,0.000343
321741,0.113100,0.915708,-0.311659,0.006801,0.328895,-0.119283,-0.936778,-0.000343,0.000343
321744,0.113098,0.915713,-0.311657,0.006804,0.328945,-0.119214,-0.936770,-0.000343,0.000343
321748,0.113102,0.915724,-0.311663,0.006790,0.328903,-0.119141,-0.936794,-0.000343,0.000343
321751,0.113120,0.915713,-0.311644,0.006820,0.328910,-0.119237,-0.936779,-0.000343,0.000000
321755,0.113128,0.915717,-0.311649,0.006767,0.328925,-0.119064,-0.936796,-0.000343,0.000343
321758,0.113144,0.915710,-0.311636,0.006830,0.328918,-0.119161,-0.936786,-0.000343,0.000343
321762,0.113136,0.915709,-0.311639,0.006776,0.328948,-0.119209,-0.936769,-0.000343,0.000343
321765,0.113127,0.915710,-0.311647,0.006791,0.328941,-0.119168,-0.936777,-0.000343,0.000343
321769,0.113093,0.915719,-0.311682,0.006761,0.328906,-0.119139,-0.936793,-0.000343,0.000343
321773,0.113079,0.915721,-0.311698,0.006794,0.328915,-0.119195,-0.936783,-0.000343,0.000343
321776,0.113078,0.915727,-0.311706,0.006800,0.328966,-0.119125,-0.936774,-0.000343,0.000343
321780,0.113090,0.915726,-0.311698,0.006836,0.328836,-0.119195,-0.936810,0.000000,0.000343
321783,0.113097,0.915722,-0.311680,0.006800,0.328940,-0.119140,-0.936781,0.000000,0.000343
321787,0.113101,0.915720,-0.311645,0.006726,0.328958,-0.119163,-0.936772,0.000343,0.000343
321790,0.113113,0.915714,-0.311627,0.006710,0.328909,-0.119125,-0.936794,0.004120,0.000000
321794,0.113119,0.915712,-0.311620,0.006682,0.329003,-0.119077,-0.936767,0.013390,0.000000
321797,0.113118,0.915708,-0.311628,0.006711,0.328947,-0.119164,-0.936776,0.033646,0.000343
321801,0.113130,0.915722,-0.311657,0.006775,0.328924,-0.119080,-0.936794,0.061798,0.000343
321804,0.113115,0.915724,-0.311680,0.006808,0.328867,-0.119162,-0.936803,0.099564,0.000343
321808,0.113092,0.915716,-0.311690,0.006785,0.328915,-0.119120,-0.936792,0.146942,0.000343
321812,0.113085,0.915721,-0.311697,0.006779,0.328930,-0.119110,-0.936788,0.185738,0.000343
321815,0.113082,0.915720,-0.311689,0.006759,0.328912,-0.119153,-0.936789,0.228996,0.000000
321819,0.113110,0.915715,-0.311663,0.006828,0.328888,-0.119185,-0.936793,0.270538,0.000000
321822,0.113117,0.915725,-0.311656,0.006823,0.328905,-0.119087,-0.936799,0.315857,0.000343
321826,0.113135,0.915706,-0.311622,0.006791,0.328915,-0.119167,-0.936786,0.376282,0.000343
321829,0.113127,0.915713,-0.311625,0.006741,0.328932,-0.119006,-0.936801,0.434303,0.000343
321833,0.113126,0.915714,-0.311624,0.006715,0.328935,-0.119006,-0.936800,0.517387,0.000343
321837,0.113108,0.915712,-0.311642,0.006692,0.328954,-0.119121,-0.936779,0.607338,0.000343
321840,0.113121,0.915711,-0.311650,0.006802,0.328922,-0.119202,-0.936779,0.696602,0.000000
321843,0.113119,0.915707,-0.311674,0.006849,0.328828,-0.119195,-0.936812,0.812645,0.000343
321847,0.113122,0.915727,-0.311703,0.006815,0.328907,-0.119101,-0.936797,0.918732,0.000343
321851,0.113133,0.915713,-0.311689,0.006827,0.328852,-0.119264,-0.936795,1.053658,0.000343
321854,0.113134,0.915721,-0.311685,0.006786,0.328874,-0.119038,-0.936817,1.169014,0.000343
321858,0.113142,0.915708,-0.311657,0.006816,0.328842,-0.119267,-0.936799,1.308403,0.000343
321861,0.113137,0.915714,-0.311654,0.006722,0.328968,-0.119034,-0.936785,1.453629,0.000000
321865,0.113154,0.915710,-0.311637,0.006879,0.328861,-0.119270,-0.936791,1.610527,0.000000
321868,0.113147,0.915712,-0.311636,0.006863,0.328861,-0.119220,-0.936798,1.797638,0.000000
321872,0.113119,0.915716,-0.311653,0.006748,0.328920,-0.119042,-0.936801,1.961060,0.000000
321876,0.113122,0.915726,-0.311667,0.006798,0.328899,-0.119005,-0.936812,2.159843,0.000000
321879,0.113120,0.915726,-0.311675,0.006811,0.328851,-0.119066,-0.936821,2.399826,0.000343
321883,0.113138,0.915727,-0.311685,0.006833,0.328913,-0.118940,-0.936815,2.608223,0.000343
321886,0.113138,0.915725,-0.311688,0.006851,0.328859,-0.119007,-0.936825,2.856789,0.000000
321890,0.113159,0.915714,-0.311672,0.006917,0.328901,-0.119029,-0.936808,3.146553,0.000343
321893,0.113158,0.915725,-0.311672,0.006843,0.328939,-0.118921,-0.936809,3.377609,0.000000
321896,0.113172,0.915718,-0.311658,0.006901,0.328915,-0.119099,-0.936794,3.673897,0.000000
321900,0.113190,0.915715,-0.311656,0.006930,0.328803,-0.119096,-0.936833,3.944435,0.000343
321904,0.113189,0.915714,-0.311657,0.006887,0.328892,-0.118990,-0.936816,4.256859,0.000000
321907,0.113195,0.915712,-0.311661,0.006857,0.328906,-0.119046,-0.936804,4.584389,0.000343
321911,0.113212,0.915721,-0.311673,0.006987,0.328869,-0.118926,-0.936831,4.956894,0.000343
321915,0.113227,0.915718,-0.311677,0.006966,0.328844,-0.118943,-0.936838,5.320473,0.000000
321918,0.113235,0.915726,-0.311682,0.007047,0.328834,-0.118859,-0.936852,5.703278,0.000000
321922,0.113268,0.915720,-0.311678,0.007021,0.328902,-0.118766,-0.936840,6.103935,0.000343
321925,0.113290,0.915722,-0.311668,0.007083,0.328878,-0.118607,-0.936868,6.513863,0.000000
321929,0.113336,0.915732,-0.311676,0.007210,0.328804,-0.118636,-0.936889,6.911774,0.000000
321932,0.113380,0.915734,-0.311682,0.007291,0.328825,-0.118408,-0.936910,7.372169,0.000343
321936,0.113424,0.915739,-0.311698,0.007359,0.328788,-0.118325,-0.936933,7.837029,0.000000
321939,0.113461,0.915742,-0.311717,0.007443,0.328818,-0.118146,-0.936944,8.325920,0.000000
321943,0.113513,0.915748,-0.311745,0.007546,0.328744,-0.118083,-0.936978,8.844337,0.000000
321947,0.113572,0.915756,-0.311770,0.007602,0.328802,-0.117873,-0.936983,9.365158,0.000000
321950,0.113626,0.915755,-0.311789,0.007745,0.328672,-0.117710,-0.937048,9.919968,0.000000
321953,0.113698,0.915760,-0.311805,0.007907,0.328668,-0.117496,-0.937075,10.501900,0.000000
321957,0.113791,0.915765,-0.311819,0.008047,0.328714,-0.117289,-0.937084,11.100311,0.000000
321961,0.113913,0.915778,-0.311824,0.008227,0.328697,-0.116935,-0.937132,11.708679,0.000000
321964,0.114022,0.915778,-0.311824,0.008358,0.328598,-0.116725,-0.937192,12.315331,0.000000
321968,0.114187,0.915786,-0.311835,0.008545,0.328676,-0.116165,-0.937233,12.977943,0.000343
321971,0.114336,0.915802,-0.311864,0.008795,0.328598,-0.115865,-0.937295,13.682442,0.000000
321975,0.114519,0.915817,-0.311917,0.009143,0.328607,-0.115302,-0.937357,14.415779,0.000000
321978,0.114692,0.915884,-0.311989,0.009233,0.328704,-0.114618,-0.937407,15.170059,0.000000
321982,0.114941,0.915921,-0.312070,0.009779,0.328639,-0.113838,-0.937519,16.009827,0.000000
321986,0.115190,0.915947,-0.312154,0.010249,0.328590,-0.113163,-0.937613,16.778526,0.000000
321989,0.115384,0.915926,-0.312189,0.010807,0.328442,-0.112864,-0.937694,17.570229,0.000000
321993,0.115732,0.915968,-0.312269,0.011422,0.328337,-0.111931,-0.937836,18.391800,0.000000
321996,0.116007,0.916029,-0.312332,0.011674,0.328460,-0.111058,-0.937893,19.244270,0.000000
322000,0.116335,0.916068,-0.312401,0.012320,0.328429,-0.110220,-0.937995,20.150986,0.000000
322003,0.116647,0.916091,-0.312467,0.012875,0.328409,-0.109254,-0.938107,20.975647,0.000000
322007,0.117053,0.916124,-0.312545,0.013670,0.328182,-0.108337,-0.938282,22.005615,0.000000
322010,0.117346,0.916154,-0.312609,0.014173,0.328211,-0.107489,-0.938362,22.880745,0.000000
322014,0.117775,0.916192,-0.312724,0.015051,0.328043,-0.106354,-0.938536,23.860588,0.000000
322017,0.118073,0.916264,-0.312809,0.015391,0.328151,-0.105175,-0.938626,24.867897,0.000000
322021,0.118424,0.916252,-0.312877,0.016162,0.328000,-0.104435,-0.938748,26.011848,-0.000343
322025,0.118887,0.916325,-0.312977,0.016761,0.328126,-0.103045,-0.938847,27.061043,0.000000
322028,0.119206,0.916342,-0.313033,0.017361,0.328071,-0.102160,-0.938952,28.012047,0.000000
322032,0.119636,0.916363,-0.313113,0.018039,0.328058,-0.100914,-0.939079,29.211960,0.000000
322035,0.119974,0.916381,-0.313183,0.018633,0.327978,-0.100007,-0.939192,30.363121,0.000000
322039,0.120458,0.916410,-0.313302,0.019516,0.327896,-0.098549,-0.939357,31.415749,-0.000343
322042,0.120844,0.916437,-0.313381,0.020163,0.327754,-0.097596,-0.939492,32.588539,0.000000
322046,0.121374,0.916472,-0.313497,0.021182,0.327560,-0.096241,-0.939677,33.773689,0.000000
322050,0.121866,0.916502,-0.313605,0.022029,0.327502,-0.094815,-0.939823,34.991455,0.000000
322053,0.122237,0.916564,-0.313698,0.022501,0.327630,-0.093673,-0.939882,36.229820,0.000000
322057,0.122783,0.916576,-0.313793,0.023347,0.327509,-0.092245,-0.940044,37.600708,0.000000
322060,0.123217,0.916593,-0.313877,0.024072,0.327481,-0.090931,-0.940164,38.740196,0.000000
322064,0.123761,0.916609,-0.313967,0.024996,0.327362,-0.089461,-0.940322,40.015984,0.000000
322067,0.124169,0.916626,-0.314045,0.025672,0.327274,-0.088275,-0.940447,41.317177,0.000000
322071,0.124771,0.916643,-0.314150,0.026624,0.327276,-0.086706,-0.940566,42.658195,0.000000
322074,0.125212,0.916659,-0.314240,0.027420,0.327184,-0.085259,-0.940707,44.019127,0.000000
322078,0.125832,0.916668,-0.314366,0.028513,0.326955,-0.083715,-0.940893,45.532150,0.000000
322081,0.126289,0.916669,-0.314474,0.029338,0.326805,-0.082395,-0.941036,46.771202,0.000000
322085,0.126923,0.916736,-0.314622,0.030198,0.327020,-0.080461,-0.941102,48.324738,-0.000343
322089,0.127549,0.916750,-0.314744,0.031231,0.326862,-0.078779,-0.941265,49.744034,0.000000
322092,0.128002,0.916754,-0.314835,0.032007,0.326830,-0.077531,-0.941354,51.155090,0.000000
322096,0.128602,0.916749,-0.314938,0.032947,0.326654,-0.075866,-0.941518,52.591553,0.000000
322099,0.129101,0.916741,-0.315012,0.033770,0.326598,-0.074544,-0.941614,54.058228,-0.000343
322103,0.129711,0.916731,-0.315124,0.034787,0.326422,-0.072906,-0.941766,55.560951,0.000000
322106,0.130178,0.916730,-0.315211,0.035592,0.326278,-0.071595,-0.941887,57.044792,0.000000
322110,0.130857,0.916776,-0.315367,0.036546,0.326314,-0.069454,-0.941998,58.561592,0.000000
322113,0.131336,0.916728,-0.315451,0.037515,0.326093,-0.068391,-0.942114,60.086632,0.000000
322117,0.132000,0.916784,-0.315611,0.038440,0.326213,-0.066256,-0.942188,61.622314,0.000000
322120,0.132475,0.916764,-0.315722,0.039217,0.326161,-0.064966,-0.942264,63.007278,0.000000
322124,0.133149,0.916747,-0.315862,0.040437,0.325873,-0.063124,-0.942437,64.562187,-0.000343
322127,0.133643,0.916728,-0.315951,0.041264,0.325702,-0.061734,-0.942552,66.140099,0.000000
322131,0.134358,0.916700,-0.316050,0.042419,0.325599,-0.059911,-0.942654,67.707024,0.000000
322135,0.135166,0.916733,-0.316194,0.043598,0.325589,-0.057276,-0.942768,69.304848,0.000000
322138,0.135659,0.916707,-0.316281,0.044441,0.325377,-0.055955,-0.942881,70.940437,-0.000343
322142,0.136326,0.916681,-0.316401,0.045533,0.325336,-0.054178,-0.942946,72.722969,0.000000
322145,0.136882,0.916669,-0.316500,0.046392,0.325185,-0.052789,-0.943035,74.154282,0.000000
322149,0.137487,0.916630,-0.316605,0.047277,0.325121,-0.051037,-0.943110,75.806007,-0.000343
322152,0.137992,0.916596,-0.316710,0.048162,0.324919,-0.049671,-0.943208,77.461510,0.000000
322156,0.138761,0.916557,-0.316862,0.049565,0.324720,-0.047530,-0.943314,79.109802,-0.000343
322160,0.139481,0.916473,-0.316981,0.050975,0.324408,-0.045718,-0.943436,80.772858,-0.000343
322163,0.140070,0.916529,-0.317091,0.051634,0.324466,-0.043711,-0.943475,82.604828,-0.000343
322167,0.140792,0.916479,-0.317238,0.052854,0.324348,-0.041798,-0.943535,84.125748,-0.000343
322170,0.141304,0.916443,-0.317312,0.053678,0.324245,-0.040491,-0.943581,85.820732,0.000000
322174,0.141995,0.916397,-0.317450,0.054825,0.324089,-0.038570,-0.943649,87.508507,0.000000
322177,0.142571,0.916342,-0.317576,0.055860,0.323889,-0.036763,-0.943729,89.201431,0.000000
322181,0.143368,0.916261,-0.317754,0.057187,0.323754,-0.034494,-0.943781,90.897102,-0.000343
322184,0.143906,0.916167,-0.317869,0.058379,0.323480,-0.033103,-0.943852,92.610970,0.000000
322188,0.144752,0.916209,-0.318049,0.059435,0.323452,-0.030661,-0.943878,94.332390,-0.000343
322192,0.145572,0.916123,-0.318157,0.060781,0.323233,-0.028200,-0.943944,96.224442,0.000000
322195,0.146129,0.916050,-0.318242,0.061801,0.323089,-0.026840,-0.943967,97.775917,0.000000
322198,0.146729,0.915983,-0.318357,0.062800,0.322961,-0.025008,-0.943995,99.514503,0.000000
322202,0.147618,0.915884,-0.318494,0.064111,0.322870,-0.022469,-0.944002,101.270599,0.000000
322206,0.148397,0.915805,-0.318619,0.065568,0.322668,-0.020347,-0.944019,102.998543,0.000000
322209,0.148964,0.915718,-0.318727,0.066535,0.322487,-0.018783,-0.944046,104.745712,-0.000343
322213,0.149880,0.915698,-0.318849,0.067573,0.322722,-0.016439,-0.943936,106.664543,0.000000
322216,0.150490,0.915598,-0.319027,0.068851,0.322244,-0.014350,-0.944041,108.408966,0.000000
322220,0.151361,0.915452,-0.319212,0.070440,0.322031,-0.011869,-0.944030,109.976921,-0.000343
322223,0.152014,0.915377,-0.319332,0.071476,0.321833,-0.010043,-0.944041,111.722031,-0.000343
322227,0.152828,0.915275,-0.319469,0.072798,0.321656,-0.007567,-0.944023,113.465767,-0.000343
322230,0.153422,0.915169,-0.319562,0.073798,0.321586,-0.006149,-0.943980,115.225983,-0.000343
322234,0.154237,0.915044,-0.319641,0.075037,0.321269,-0.003676,-0.944003,116.969032,-0.000343
322238,0.155035,0.914834,-0.319734,0.076408,0.320995,-0.001813,-0.943992,118.706932,-0.000343
322241,0.155754,0.914813,-0.319898,0.077415,0.320970,0.000662,-0.943920,120.471611,-0.000343
322245,0.156563,0.914685,-0.320078,0.078728,0.320931,0.003012,-0.943820,122.403831,-0.000343
322248,0.157136,0.914608,-0.320206,0.079825,0.320789,0.004622,-0.943770,123.968010,-0.000343
322252,0.157911,0.914478,-0.320364,0.081163,0.320431,0.006861,-0.943763,125.911560,-0.000343
322255,0.158493,0.914386,-0.320481,0.082158,0.320360,0.008807,-0.943685,127.477798,0.000000
322259,0.159235,0.914221,-0.320621,0.083459,0.320118,0.010786,-0.943633,129.229774,-0.000343
322262,0.159855,0.914117,-0.320712,0.084399,0.320035,0.012494,-0.943556,130.979004,-0.000343
322266,0.160573,0.913907,-0.320831,0.085686,0.319803,0.014147,-0.943496,132.722740,0.000000
322270,0.161377,0.913820,-0.320979,0.086863,0.319708,0.016773,-0.943377,134.457550,-0.000343
322273,0.161988,0.913734,-0.321088,0.087883,0.319552,0.018436,-0.943304,136.385307,-0.000343
322277,0.162788,0.913581,-0.321243,0.089226,0.319226,0.020733,-0.943241,138.141747,-0.000343
322280,0.163431,0.913452,-0.321354,0.090328,0.319133,0.022564,-0.943126,139.908485,-0.000343
322284,0.164254,0.913174,-0.321656,0.091398,0.319429,0.024916,-0.942863,141.646042,-0.000343
322287,0.164805,0.913049,-0.321785,0.092413,0.319223,0.026484,-0.942791,143.232193,-0.000343
322291,0.165558,0.912968,-0.321795,0.093875,0.318482,0.028940,-0.942825,144.985542,-0.000343
322294,0.166119,0.912835,-0.321889,0.094790,0.318261,0.030456,-0.942760,146.724472,-0.000343
322298,0.166773,0.912484,-0.322166,0.095876,0.318621,0.031827,-0.942484,148.473701,-0.000343
322302,0.167566,0.912305,-0.322299,0.097153,0.318378,0.033907,-0.942363,150.395622,-0.000343
322305,0.168214,0.912288,-0.322443,0.097967,0.318233,0.036452,-0.942232,151.965637,-0.000343
322309,0.168914,0.911958,-0.322616,0.099571,0.317872,0.038252,-0.942115,153.720016,-0.000343
322312,0.169597,0.911938,-0.322746,0.100231,0.318051,0.040601,-0.941886,155.485039,-0.000343
322316,0.170332,0.911762,-0.322889,0.101406,0.317885,0.042462,-0.941734,157.221909,-0.000343
322319,0.170912,0.911609,-0.323021,0.102547,0.317531,0.044163,-0.941652,158.963585,0.000000
322323,0.171761,0.911367,-0.323151,0.103985,0.317146,0.046695,-0.941501,160.902672,-0.000343
322326,0.172355,0.911212,-0.323265,0.104976,0.316811,0.048479,-0.941414,162.649155,-0.000343
322330,0.173099,0.910880,-0.323401,0.106377,0.316714,0.050267,-0.941196,164.209213,-0.000343
322333,0.173718,0.910712,-0.323487,0.107284,0.316682,0.051769,-0.941022,165.981789,-0.000343
322337,0.174475,0.910473,-0.323658,0.108719,0.316257,0.054034,-0.940873,167.914352,-0.000343
322340,0.175074,0.910301,-0.323768,0.109801,0.315846,0.055984,-0.940772,169.482307,-0.000343
322344,0.175902,0.910046,-0.323929,0.111192,0.315595,0.058546,-0.940536,171.226730,-0.000343
322348,0.176765,0.909965,-0.324128,0.112401,0.315589,0.061165,-0.940228,172.976646,-0.000343
322351,0.177405,0.909774,-0.324250,0.113360,0.315497,0.063128,-0.940014,174.725189,-0.000343
322355,0.178162,0.909537,-0.324393,0.114619,0.315266,0.065399,-0.939783,176.644020,-0.000343
322358,0.178745,0.909347,-0.324512,0.115671,0.314920,0.067212,-0.939643,178.225708,-0.000343
322362,0.179591,0.909061,-0.324655,0.117061,0.314532,0.069729,-0.939417,179.975624,-0.000343
322366,0.180353,0.908833,-0.324795,0.118472,0.314400,0.071923,-0.939119,181.895828,-0.000343
322369,0.180979,0.908614,-0.324895,0.119417,0.314248,0.073569,-0.938922,183.478546,-0.000343
322373,0.181740,0.908334,-0.325062,0.120793,0.314049,0.076206,-0.938603,185.229149,-0.000343
322376,0.182246,0.908056,-0.325173,0.121888,0.313582,0.077581,-0.938505,187.134247,-0.000343
322380,0.183031,0.907735,-0.325318,0.123281,0.313182,0.079800,-0.938270,188.889656,-0.000343
322383,0.183622,0.907523,-0.325444,0.124349,0.313044,0.081309,-0.938046,190.483017,-0.000343
322387,0.184401,0.907266,-0.325591,0.125588,0.312876,0.083686,-0.937727,192.219543,-0.000343
322390,0.185016,0.907034,-0.325723,0.126677,0.312595,0.085349,-0.937525,193.975296,-0.000343
322394,0.185877,0.906924,-0.325894,0.127736,0.312470,0.088879,-0.937095,195.907860,-0.000343
322397,0.186408,0.906696,-0.325982,0.128760,0.312303,0.090331,-0.936871,197.658119,-0.000343
322401,0.187194,0.906396,-0.326115,0.130166,0.311817,0.092679,-0.936610,199.224358,-0.000343
322404,0.187752,0.906205,-0.326215,0.131089,0.311643,0.094090,-0.936398,200.979424,-0.000343
322408,0.188487,0.905918,-0.326354,0.132321,0.311596,0.096355,-0.936010,202.714233,-0.000343
322412,0.189223,0.905638,-0.326518,0.133501,0.311142,0.098291,-0.935792,204.639587,0.000000
322415,0.189748,0.905435,-0.326647,0.134391,0.311059,0.100016,-0.935510,206.388130,-0.000343
322419,0.190516,0.905100,-0.326815,0.135894,0.310640,0.102472,-0.935166,207.972221,-0.000343
322422,0.190998,0.904724,-0.326915,0.137075,0.310194,0.103461,-0.935033,209.898949,-0.000343
322426,0.191697,0.904418,-0.327067,0.138234,0.310003,0.105556,-0.934691,211.473770,-0.000343
322429,0.192292,0.904179,-0.327165,0.139301,0.309678,0.107218,-0.934451,213.403244,-0.000343
322433,0.193043,0.903876,-0.327313,0.140459,0.309317,0.109420,-0.934142,214.972916,-0.000343
322436,0.193525,0.903663,-0.327415,0.141279,0.309244,0.111001,-0.933856,216.717339,0.000000
322440,0.194254,0.903330,-0.327556,0.142675,0.309018,0.113111,-0.933465,218.473778,-0.000343
322444,0.195050,0.902983,-0.327704,0.144120,0.308366,0.115614,-0.933152,220.397758,0.000000
322447,0.195503,0.902777,-0.327811,0.144883,0.308217,0.116956,-0.932916,222.142181,-0.000343
322451,0.196281,0.902430,-0.327974,0.146263,0.307981,0.119367,-0.932473,223.718376,-0.000343
322454,0.196851,0.902175,-0.328079,0.147146,0.307740,0.120998,-0.932204,225.469666,0.000000
322458,0.197448,0.901895,-0.328250,0.148294,0.307490,0.122821,-0.931866,227.215462,-0.000343
322461,0.197994,0.901640,-0.328335,0.149243,0.307352,0.124575,-0.931527,228.979797,-0.000343
322465,0.198823,0.901312,-0.328452,0.150533,0.306854,0.126722,-0.931194,230.732117,-0.000343
322469,0.199402,0.900981,-0.328609,0.151732,0.306567,0.128848,-0.930802,232.646484,-0.000343
322472,0.199981,0.900714,-0.328706,0.152715,0.306332,0.130649,-0.930467,234.400520,0.000000
322475,0.200656,0.900642,-0.328836,0.153476,0.306187,0.133105,-0.930042,235.989075,-0.000343
322479,0.201300,0.900324,-0.328986,0.154629,0.305903,0.135082,-0.929659,237.727318,-0.000343
322483,0.201877,0.899759,-0.329112,0.156079,0.305518,0.136427,-0.929347,239.646149,-0.000343
322486,0.202454,0.899611,-0.329247,0.156984,0.305221,0.138606,-0.928970,241.238136,-0.000343
322490,0.203145,0.899443,-0.329104,0.158492,0.303758,0.140544,-0.928902,242.972603,-0.000343
322493,0.203735,0.899134,-0.329241,0.159833,0.303382,0.142364,-0.928518,244.888687,-0.000343
322497,0.204345,0.898685,-0.329657,0.160461,0.304292,0.144493,-0.927783,246.634827,-0.000343
322500,0.204742,0.898290,-0.329740,0.161301,0.303880,0.145422,-0.927627,248.383369,-0.000343
322504,0.205529,0.897832,-0.329898,0.162852,0.303626,0.147811,-0.927061,249.970894,-0.000343
322507,0.206112,0.897606,-0.329965,0.163693,0.303416,0.149465,-0.926716,251.734200,-0.000343
322511,0.206814,0.897295,-0.329982,0.163745,0.303344,0.153536,-0.926065,253.469696,0.000000
322515,0.207537,0.896872,-0.330106,0.165068,0.302943,0.155874,-0.925571,255.226822,-0.000343
322518,0.208120,0.896670,-0.330161,0.165844,0.302719,0.157731,-0.925191,257.152863,-0.000343
322522,0.208841,0.896251,-0.330307,0.167074,0.302378,0.159930,-0.924704,258.725281,-0.000343
322525,0.209313,0.895852,-0.330454,0.168162,0.302149,0.161632,-0.924285,260.656471,-0.000343
322529,0.209975,0.895512,-0.330598,0.169482,0.301831,0.163318,-0.923851,262.233009,-0.000343
322532,0.210607,0.895262,-0.330675,0.170465,0.301475,0.165327,-0.923429,263.979492,-0.000343
322536,0.211276,0.894837,-0.330775,0.171667,0.301032,0.167865,-0.922893,265.910683,-0.000343
322539,0.211631,0.894486,-0.330925,0.172693,0.300774,0.168925,-0.922592,267.471085,-0.000343
322543,0.212391,0.894046,-0.331039,0.173845,0.300410,0.171568,-0.922007,269.398842,-0.000343
322547,0.213204,0.893680,-0.331150,0.174998,0.300175,0.174216,-0.921368,270.967140,-0.000343
322550,0.213619,0.893309,-0.331298,0.176125,0.299810,0.175375,-0.921053,272.725296,-0.000343
322554,0.214399,0.892875,-0.331425,0.177807,0.299162,0.177746,-0.920485,274.648247,0.000000
322557,0.214923,0.892559,-0.331533,0.178670,0.298896,0.179425,-0.920079,276.391296,-0.000343
322561,0.215589,0.892127,-0.331648,0.179698,0.298636,0.181668,-0.919522,277.972298,-0.000343
322564,0.216156,0.891768,-0.331736,0.180695,0.298390,0.183576,-0.919028,279.904518,-0.000343
322568,0.216819,0.891329,-0.331873,0.181847,0.298193,0.185798,-0.918418,281.641731,-0.000343
322571,0.217398,0.891045,-0.331970,0.183480,0.297185,0.187167,-0.918142,283.397484,-0.000343
322575,0.218093,0.890536,-0.332083,0.184331,0.297478,0.189423,-0.917414,284.977112,0.000000
322579,0.218716,0.890126,-0.332219,0.185363,0.297237,0.191492,-0.916854,286.732521,-0.000343
322582,0.219222,0.889799,-0.332309,0.186121,0.297013,0.193347,-0.916384,288.483810,-0.000343
322586,0.219992,0.889370,-0.332455,0.188337,0.295713,0.195121,-0.915975,290.233727,-0.000343
322589,0.220372,0.889035,-0.332560,0.188612,0.296122,0.196854,-0.915416,292.141228,0.000000
322593,0.221008,0.888571,-0.332713,0.189788,0.295492,0.199213,-0.914866,293.710899,-0.000343
322596,0.221418,0.888149,-0.332820,0.191194,0.294741,0.201638,-0.914284,295.473518,0.000000
322600,0.222115,0.887798,-0.332951,0.193565,0.292906,0.203365,-0.913992,297.220001,-0.000343
322603,0.222793,0.887645,-0.332994,0.193231,0.294256,0.204505,-0.913374,298.964424,-0.000343
322607,0.223372,0.887001,-0.333107,0.193941,0.294491,0.206511,-0.912697,300.903854,0.000000
322610,0.223786,0.886667,-0.333216,0.194675,0.294306,0.208003,-0.912261,302.475243,0.000000
322614,0.224504,0.886266,-0.333381,0.197389,0.291805,0.210288,-0.911958,304.212112,0.000000
322618,0.225045,0.885749,-0.333487,0.197863,0.292274,0.212992,-0.911077,305.982971,0.000000
322621,0.225432,0.885419,-0.333588,0.198588,0.292142,0.214477,-0.910613,307.730484,-0.000343
322625,0.225980,0.884866,-0.333757,0.200148,0.291062,0.217746,-0.909841,309.643478,0.000000
322628,0.226588,0.884620,-0.333779,0.199901,0.292528,0.217546,-0.909473,311.221046,-0.000343
322632,0.227266,0.884211,-0.333915,0.201784,0.291323,0.219539,-0.908965,313.149834,-0.000343
322635,0.227608,0.883745,-0.334044,0.202319,0.291133,0.221834,-0.908349,314.717789,-0.000343
322639,0.228177,0.883285,-0.334166,0.203344,0.290671,0.224239,-0.907678,316.467705,-0.000343
322643,0.228788,0.882796,-0.334284,0.204532,0.290215,0.226609,-0.906968,318.400955,-0.000343
322646,0.229564,0.882635,-0.334274,0.205524,0.290195,0.226153,-0.906864,319.977837,-0.000343
322650,0.230209,0.882253,-0.334347,0.205991,0.291333,0.226957,-0.906192,321.717796,0.000000
322653,0.230611,0.881820,-0.334447,0.206125,0.291852,0.228961,-0.905490,323.476295,-0.000343
322656,0.230851,0.881233,-0.334683,0.208271,0.289081,0.233402,-0.904753,325.234451,0.000000
322660,0.231557,0.880809,-0.334818,0.210779,0.286747,0.235145,-0.904464,326.979561,0.000000
322664,0.232122,0.880269,-0.334949,0.211767,0.286492,0.237857,-0.903605,328.723297,0.000000
322667,0.232699,0.879947,-0.334944,0.211095,0.288753,0.238328,-0.902918,330.478020,-0.000343
322671,0.233314,0.879364,-0.335094,0.212307,0.288158,0.240762,-0.902178,332.215576,-0.000343
322674,0.233690,0.878959,-0.335271,0.212792,0.286750,0.243689,-0.901726,333.967896,-0.000343
322678,0.234572,0.878556,-0.335231,0.215087,0.287183,0.243295,-0.901150,335.730515,0.000000
322681,0.234822,0.878034,-0.335475,0.215209,0.285628,0.247538,-0.900459,337.651405,-0.000343
322685,0.235525,0.877285,-0.335795,0.220174,0.287109,0.244761,-0.899546,339.394798,-0.000343
322689,0.236176,0.876741,-0.335892,0.220978,0.286883,0.247030,-0.898801,341.148834,0.000000
322692,0.236468,0.876277,-0.336159,0.222696,0.282251,0.251809,-0.898517,342.723999,-0.000343
322696,0.237264,0.875894,-0.336067,0.223372,0.285650,0.250393,-0.897670,344.629440,0.000000
322699,0.237404,0.875340,-0.336357,0.223740,0.282700,0.255575,-0.897052,346.216965,0.000000
322703,0.238000,0.874801,-0.336428,0.224580,0.282432,0.257800,-0.896290,348.163261,0.000000
322706,0.238542,0.874396,-0.336496,0.225903,0.281296,0.259378,-0.895859,349.734993,0.000000
322710,0.239140,0.873801,-0.336562,0.226595,0.281457,0.261847,-0.894915,351.482506,-0.000343
322713,0.239537,0.873421,-0.336636,0.227106,0.281400,0.263383,-0.894352,353.402710,0.000000
322717,0.240123,0.872871,-0.336756,0.227964,0.281237,0.265755,-0.893483,354.976845,0.000000
322721,0.240702,0.872334,-0.336855,0.228913,0.280979,0.267839,-0.892699,356.894302,0.000000
322724,0.241102,0.871961,-0.336934,0.229734,0.280377,0.269253,-0.892252,358.474274,0.000000
322728,0.241706,0.871362,-0.337030,0.230738,0.280087,0.271657,-0.891355,360.399284,0.000000
322731,0.242140,0.870955,-0.337080,0.231307,0.279968,0.273422,-0.890705,361.962090,-0.000343
322735,0.243308,0.871168,-0.336584,0.229300,0.280082,0.278905,-0.889487,363.706856,-0.000343
322738,0.243132,0.870006,-0.337262,0.233052,0.279216,0.277219,-0.889311,365.474625,0.000000
322742,0.243703,0.869444,-0.337322,0.233956,0.278987,0.279481,-0.888438,367.206001,0.000000
322745,0.244093,0.869042,-0.337416,0.234702,0.278746,0.280918,-0.887863,368.974800,0.000000
322749,0.245069,0.868769,-0.337085,0.234067,0.278727,0.285451,-0.886590,370.742226,-0.000343
322752,0.245455,0.868333,-0.337171,0.234947,0.278497,0.286776,-0.886002,372.478065,0.000000
322756,0.245961,0.867778,-0.337342,0.236106,0.277890,0.288663,-0.885271,374.220772,0.000000
322760,0.246240,0.866980,-0.337660,0.237672,0.277833,0.290255,-0.884349,375.979271,0.000000
322763,0.246636,0.866559,-0.337752,0.238524,0.277629,0.291781,-0.883681,377.726440,0.000000
322767,0.247164,0.865989,-0.337913,0.239696,0.276986,0.293874,-0.882872,379.646988,0.000000
322770,0.247596,0.865525,-0.337989,0.240598,0.276736,0.295489,-0.882166,381.217690,0.000000
322774,0.248153,0.864918,-0.338120,0.241763,0.276338,0.297575,-0.881270,383.142014,0.000000
322777,0.248828,0.864878,-0.338159,0.241887,0.276264,0.300411,-0.880297,384.718208,0.000000
322781,0.249074,0.863923,-0.338302,0.243763,0.275419,0.301129,-0.879799,386.468468,0.000000
322784,0.249456,0.863452,-0.338361,0.244150,0.275261,0.302835,-0.879155,388.396568,0.000000
322788,0.249965,0.862868,-0.338475,0.245198,0.274754,0.304917,-0.878302,390.164680,0.000000
322792,0.250480,0.862237,-0.338604,0.246270,0.274428,0.306984,-0.877383,391.897774,0.000000
322795,0.250888,0.861823,-0.338697,0.247209,0.274109,0.308337,-0.876744,393.468819,0.000000
322799,0.251616,0.861508,-0.338789,0.247894,0.273705,0.311186,-0.875670,395.212212,0.000000
322802,0.252275,0.861236,-0.338599,0.248761,0.276744,0.309107,-0.875205,396.940842,0.000000
322806,0.252330,0.860181,-0.339024,0.250363,0.272828,0.313895,-0.874273,398.685608,0.000000
322809,0.252709,0.859756,-0.339089,0.251090,0.272383,0.315413,-0.873657,400.598602,-0.000343
322813,0.253235,0.859176,-0.339213,0.252445,0.271776,0.317482,-0.872706,402.321396,-0.000343
322816,0.253608,0.858725,-0.339302,0.253233,0.271603,0.318903,-0.872012,404.044189,0.000000
322820,0.253725,0.857587,-0.339498,0.258936,0.268813,0.322826,-0.869756,405.609055,0.000000
322823,0.254078,0.857209,-0.339568,0.259562,0.268433,0.324186,-0.869180,407.320518,0.000000
322827,0.254525,0.856568,-0.339693,0.261022,0.267694,0.326510,-0.868101,409.042625,0.000000
322830,0.254901,0.856074,-0.339729,0.261086,0.267541,0.328015,-0.867561,410.760612,0.000000
322834,0.255827,0.855965,-0.339750,0.257783,0.269455,0.328091,-0.867928,412.450790,0.000000
322838,0.256326,0.855331,-0.339885,0.258928,0.269020,0.330012,-0.866993,414.306793,-0.000343
322841,0.256686,0.854862,-0.339976,0.259698,0.268768,0.331600,-0.866234,415.998344,0.000000
322845,0.256814,0.853733,-0.340151,0.265199,0.266295,0.335039,-0.864005,417.510338,0.000000
322848,0.257240,0.853290,-0.340241,0.266156,0.265886,0.336537,-0.863255,419.181633,0.000000
322852,0.258005,0.852887,-0.340340,0.266741,0.265581,0.339489,-0.862011,420.846405,0.000000
322855,0.258450,0.852668,-0.340363,0.264033,0.266675,0.338739,-0.862802,422.491951,0.000000
322859,0.258954,0.851989,-0.340473,0.265261,0.266184,0.340872,-0.861736,424.294395,0.000000
322863,0.259440,0.851331,-0.340552,0.266306,0.265696,0.342929,-0.860748,425.788536,0.000000
322866,0.259383,0.850363,-0.340729,0.271847,0.263274,0.345690,-0.858653,427.420349,0.000000
322870,0.260047,0.849969,-0.340692,0.269937,0.264651,0.346589,-0.858470,429.024696,0.000000
322873,0.260393,0.849532,-0.340739,0.270444,0.264569,0.347881,-0.857812,430.801392,0.000000
322877,0.260981,0.849027,-0.340866,0.272557,0.263203,0.351850,-0.855943,432.222404,0.000343
322880,0.261091,0.848261,-0.340953,0.273581,0.262753,0.352066,-0.855666,433.795853,0.000000
322884,0.261535,0.847695,-0.341044,0.274389,0.262534,0.353707,-0.854797,435.389557,0.000000
322887,0.261931,0.847257,-0.341133,0.275432,0.261948,0.354917,-0.854139,436.948586,0.000000
322891,0.262408,0.846598,-0.341202,0.276365,0.261628,0.357022,-0.853059,438.659019,0.000343
322894,0.262693,0.846201,-0.341271,0.276995,0.261356,0.358262,-0.852417,440.037804,0.000000
322898,0.263122,0.845645,-0.341358,0.277616,0.261140,0.359874,-0.851602,441.561813,0.000000
322902,0.263560,0.845038,-0.341422,0.278528,0.260862,0.361711,-0.850611,443.211136,0.000000
322905,0.263753,0.844476,-0.341507,0.279864,0.259876,0.363604,-0.849666,444.543915,0.000000
322909,0.264153,0.843935,-0.341596,0.280609,0.259497,0.365182,-0.848859,446.162682,0.000343
322912,0.264451,0.843537,-0.341648,0.281256,0.259344,0.366375,-0.848177,447.479324,0.000000
322916,0.264899,0.842894,-0.341745,0.282334,0.258755,0.368256,-0.847184,448.932610,-0.000343
322919,0.265189,0.842473,-0.341791,0.282855,0.258469,0.369527,-0.846544,450.374222,0.000000
322923,0.265846,0.842203,-0.341840,0.283781,0.257868,0.372935,-0.844921,451.776009,0.000000
322926,0.266172,0.841761,-0.341899,0.284574,0.257554,0.374218,-0.844183,453.335037,0.000000
322930,0.266207,0.840899,-0.342016,0.285696,0.257195,0.374206,-0.843919,454.576492,0.000000
322934,0.266516,0.840398,-0.342109,0.286578,0.256716,0.375603,-0.843144,455.939140,0.000343
322937,0.266727,0.839978,-0.342147,0.286920,0.256475,0.376892,-0.842526,457.265396,0.000000
322941,0.267049,0.839475,-0.342230,0.287700,0.256140,0.378226,-0.841764,458.602638,0.000343
322944,0.267304,0.839037,-0.342313,0.288649,0.255626,0.379552,-0.840998,460.062447,0.000343
322948,0.267653,0.838513,-0.342373,0.289409,0.255217,0.381154,-0.840136,461.234550,0.000343
322951,0.267902,0.838129,-0.342420,0.290152,0.254717,0.382202,-0.839555,462.495918,0.000343
322955,0.268103,0.837692,-0.342507,0.291066,0.253954,0.382160,-0.839489,463.752480,0.000343
322958,0.268416,0.837287,-0.342512,0.291427,0.254093,0.384700,-0.838161,464.989815,0.000000
322962,0.268588,0.836955,-0.342500,0.292262,0.252913,0.384476,-0.838329,466.322250,0.000343
322966,0.269270,0.836774,-0.342599,0.293060,0.252837,0.387281,-0.836781,467.506027,0.000343
322969,0.269419,0.836392,-0.342644,0.293642,0.252359,0.388195,-0.836298,468.547325,0.000343
322972,0.269602,0.836054,-0.342705,0.294106,0.252068,0.389159,-0.835774,469.700890,0.000343
322976,0.269795,0.835583,-0.342809,0.294870,0.251662,0.390364,-0.835065,470.831451,0.000343
322980,0.270030,0.835056,-0.342872,0.295456,0.251303,0.391325,-0.834516,471.945534,0.000343
322983,0.269971,0.834556,-0.342927,0.295949,0.250967,0.391418,-0.834399,473.021164,0.000000
322987,0.270491,0.834415,-0.342991,0.296826,0.250663,0.393701,-0.833104,474.057312,0.000343
322990,0.270344,0.833831,-0.343024,0.297445,0.250285,0.393466,-0.833108,475.200577,0.000343
322994,0.270568,0.833407,-0.343070,0.298051,0.249777,0.394686,-0.832466,476.113129,0.000000
322997,0.270760,0.833067,-0.343100,0.298473,0.249722,0.395450,-0.831969,477.210732,0.000343
323001,0.270976,0.832678,-0.343163,0.299143,0.249428,0.396650,-0.831245,478.085861,0.000343
323005,0.271187,0.832299,-0.343200,0.299662,0.249063,0.397658,-0.830686,478.999443,0.000343
323008,0.271332,0.832033,-0.343220,0.300001,0.248932,0.398500,-0.830199,479.900665,0.000343
323012,0.271557,0.831627,-0.343283,0.300660,0.248558,0.399500,-0.829592,480.785751,0.000343
323015,0.271723,0.831312,-0.343321,0.301119,0.248254,0.400406,-0.829079,481.739159,0.000000
323019,0.271896,0.830986,-0.343345,0.301551,0.248179,0.401437,-0.828446,482.487602,0.000343
323022,0.272017,0.830729,-0.343382,0.301972,0.247906,0.402168,-0.828020,483.277931,0.000343
323026,0.272194,0.830397,-0.343419,0.302420,0.247547,0.403053,-0.827533,484.062424,0.000343
323029,0.272304,0.830153,-0.343434,0.302744,0.247312,0.403730,-0.827155,484.834213,0.000343
323033,0.272448,0.829832,-0.343478,0.303159,0.247133,0.404542,-0.826660,485.658875,0.000343
323036,0.272525,0.829589,-0.343507,0.303533,0.246865,0.404989,-0.826383,486.292992,0.000343
323040,0.272640,0.829307,-0.343536,0.303972,0.246743,0.405819,-0.825851,486.978607,0.000343
323044,0.272800,0.829029,-0.343578,0.304411,0.246436,0.406742,-0.825327,487.628174,0.000343
323047,0.272894,0.828821,-0.343593,0.304734,0.246246,0.407295,-0.824991,488.255768,0.000343
323051,0.272999,0.828575,-0.343613,0.305145,0.246112,0.407885,-0.824588,488.873062,0.000343
323054,0.273114,0.828395,-0.343644,0.305385,0.245989,0.408507,-0.824228,489.476624,0.000343
323058,0.273249,0.828126,-0.343672,0.305750,0.245730,0.409310,-0.823771,490.121727,0.000343
323061,0.273348,0.827933,-0.343710,0.306064,0.245555,0.409790,-0.823468,490.626411,0.000343
323065,0.273475,0.827673,-0.343728,0.306421,0.245301,0.410530,-0.823042,491.145172,0.000343
323068,0.273574,0.827480,-0.343734,0.306637,0.245075,0.411042,-0.822774,491.691399,0.000343
323072,0.273688,0.827266,-0.343745,0.306958,0.244985,0.411606,-0.822399,492.121582,0.000343
323076,0.273807,0.827029,-0.343770,0.307254,0.244800,0.412265,-0.822013,492.669868,0.000343
323079,0.273895,0.826860,-0.343791,0.307520,0.244661,0.412665,-0.821755,493.140221,0.000343
323083,0.273980,0.826684,-0.343830,0.307799,0.244609,0.413154,-0.821419,493.553238,0.000343
323086,0.274057,0.826548,-0.343852,0.308036,0.244489,0.413518,-0.821183,493.944969,0.000343
323090,0.274157,0.826378,-0.343881,0.308259,0.244290,0.413985,-0.820924,494.345284,0.000343
323093,0.274220,0.826266,-0.343906,0.308440,0.244246,0.414340,-0.820689,494.728088,0.000000
323097,0.274278,0.826095,-0.343931,0.308741,0.244116,0.414793,-0.820386,495.098534,0.000343
323100,0.274170,0.825827,-0.343931,0.308753,0.244028,0.414566,-0.820523,495.449409,0.000343
323104,0.274389,0.825837,-0.343933,0.308944,0.243923,0.415437,-0.820041,495.755997,0.000343
323108,0.274432,0.825693,-0.343928,0.308995,0.243811,0.415748,-0.819898,496.077003,0.000343
323111,0.274483,0.825582,-0.343930,0.309178,0.243659,0.416027,-0.819732,496.367455,0.000343
323115,0.274533,0.825473,-0.343941,0.309371,0.243701,0.416336,-0.819490,496.659622,0.000343
323118,0.274443,0.825264,-0.343969,0.309513,0.243637,0.416109,-0.819571,496.888275,0.000000
323121,0.274483,0.825179,-0.343975,0.309564,0.243566,0.416369,-0.819440,497.150574,0.000343
323125,0.274661,0.825179,-0.344000,0.309701,0.243411,0.417015,-0.819106,497.397766,0.000343
323129,0.274743,0.825093,-0.344010,0.309841,0.243416,0.417424,-0.818843,497.594833,0.000343
323132,0.275033,0.825290,-0.344039,0.309932,0.243291,0.418611,-0.818240,497.813873,0.000343
323136,0.274830,0.824938,-0.344036,0.310071,0.243293,0.417856,-0.818572,498.043900,0.000343
323139,0.274878,0.824870,-0.344027,0.310095,0.243326,0.418074,-0.818442,498.230324,0.000343
323143,0.274930,0.824795,-0.344019,0.310182,0.243138,0.418240,-0.818380,498.397179,0.000343
323146,0.274953,0.824747,-0.344005,0.310246,0.243112,0.418360,-0.818303,498.537598,0.000343
323150,0.274974,0.824678,-0.343979,0.310314,0.243216,0.418614,-0.818116,498.690720,0.000343
323154,0.274994,0.824620,-0.343984,0.310397,0.243012,0.418754,-0.818074,498.831139,0.000343
323157,0.275014,0.824582,-0.343991,0.310450,0.243033,0.418811,-0.818018,498.979797,0.000343
323161,0.275046,0.824533,-0.344013,0.310612,0.243061,0.418937,-0.817883,499.114380,0.000343
323164,0.275061,0.824495,-0.344044,0.310687,0.242929,0.419044,-0.817840,499.224930,0.000343
323168,0.275095,0.824452,-0.344071,0.310838,0.242981,0.419168,-0.817703,499.314194,0.000343
323171,0.275106,0.824431,-0.344081,0.310864,0.242992,0.419217,-0.817665,499.378052,0.000343
323175,0.275137,0.824376,-0.344102,0.310926,0.242804,0.419327,-0.817640,499.458389,0.000343
323179,0.275168,0.824354,-0.344102,0.310972,0.242905,0.419397,-0.817557,499.530830,0.000343
323182,0.275208,0.824325,-0.344100,0.311043,0.242872,0.419546,-0.817464,499.610138,0.000343
323186,0.275488,0.824477,-0.344106,0.311080,0.242728,0.420269,-0.817121,499.684296,0.000343
323189,0.275281,0.824261,-0.344099,0.311147,0.242732,0.419602,-0.817437,499.762230,0.000343
323193,0.275314,0.824231,-0.344094,0.311156,0.242764,0.419735,-0.817356,499.822311,0.000343
323196,0.275570,0.824396,-0.344093,0.311208,0.242682,0.420545,-0.816944,499.853554,0.000343
323200,0.275358,0.824194,-0.344087,0.311181,0.242754,0.419899,-0.817265,499.882050,0.000343
323203,0.275372,0.824172,-0.344075,0.311209,0.242762,0.420006,-0.817197,499.897156,0.000343
323207,0.275609,0.824350,-0.344067,0.311253,0.242567,0.420728,-0.816867,499.904366,0.000343
323210,0.275364,0.824144,-0.344058,0.311254,0.242642,0.419975,-0.817231,499.912949,0.000343
323214,0.275353,0.824154,-0.344060,0.311290,0.242702,0.420035,-0.817169,499.926338,0.000343
323217,0.275352,0.824142,-0.344073,0.311304,0.242685,0.420050,-0.817160,499.946251,0.000343
323221,0.275352,0.824132,-0.344092,0.311297,0.242651,0.420072,-0.817162,499.969254,0.000343
323225,0.275340,0.824124,-0.344122,0.311345,0.242674,0.420126,-0.817110,499.987793,0.000343
323228,0.275331,0.824116,-0.344130,0.311313,0.242659,0.420059,-0.817160,500.012856,0.000343
323232,0.275326,0.824113,-0.344131,0.311375,0.242747,0.420165,-0.817056,500.025215,0.000343
323235,0.275324,0.824107,-0.344121,0.311363,0.242714,0.420096,-0.817106,500.030022,0.000343
323239,0.275601,0.824282,-0.344086,0.311386,0.242566,0.421002,-0.816675,500.030022,0.000343
323242,0.275379,0.824087,-0.344079,0.311312,0.242598,0.420211,-0.817100,500.030365,0.000343
323246,0.275392,0.824074,-0.344051,0.311353,0.242695,0.420372,-0.816973,500.030022,0.000343
323249,0.275401,0.824073,-0.344038,0.311316,0.242625,0.420310,-0.817040,500.030365,0.000343
323253,0.275386,0.824071,-0.344036,0.311342,0.242594,0.420384,-0.817002,500.030365,0.000343
323256,0.275362,0.824073,-0.344037,0.311346,0.242633,0.420292,-0.817036,500.030022,0.000343
323260,0.275332,0.824063,-0.344055,0.311403,0.242573,0.420284,-0.817036,500.029678,0.000343
323264,0.275334,0.824079,-0.344075,0.311393,0.242642,0.420299,-0.817012,500.028992,0.000343
323267,0.275334,0.824071,-0.344085,0.311427,0.242685,0.420367,-0.816951,500.027618,0.000343
323271,0.275588,0.824257,-0.344092,0.311429,0.242469,0.421061,-0.816657,500.024185,0.000343
323274,0.275360,0.824054,-0.344095,0.311378,0.242586,0.420370,-0.816997,500.018005,0.000343
323278,0.275366,0.824063,-0.344086,0.311428,0.242635,0.420335,-0.816982,500.010109,0.000343
323281,0.275376,0.824054,-0.344079,0.311393,0.242638,0.420430,-0.816945,499.999809,0.000343
323285,0.275386,0.824062,-0.344081,0.311397,0.242586,0.420339,-0.817006,499.992256,0.000343
323289,0.275385,0.824056,-0.344084,0.311361,0.242639,0.420344,-0.817002,499.986420,0.000343
323292,0.275625,0.824241,-0.344072,0.311417,0.242471,0.421125,-0.816628,499.984016,0.000343
323296,0.275374,0.824045,-0.344073,0.311415,0.242616,0.420345,-0.816987,499.983330,0.000343
323299,0.275373,0.824057,-0.344067,0.311385,0.242652,0.420343,-0.816989,499.983330,0.000000
323303,0.275387,0.824054,-0.344056,0.311390,0.242520,0.420326,-0.817035,499.983330,0.000343
323306,0.275382,0.824048,-0.344052,0.311403,0.242509,0.420310,-0.817042,499.983330,0.000000
323310,0.275394,0.824049,-0.344047,0.311370,0.242693,0.420430,-0.816938,499.983330,0.000343
323313,0.275396,0.824045,-0.344056,0.311379,0.242613,0.420392,-0.816977,499.983330,0.000343
323317,0.275396,0.824038,-0.344076,0.311395,0.242583,0.420418,-0.816967,499.983330,0.000343
323321,0.275388,0.824042,-0.344084,0.311434,0.242649,0.420433,-0.816925,499.983673,0.000343
323324,0.275374,0.824045,-0.344097,0.311415,0.242565,0.420390,-0.816979,499.983673,0.000343
323328,0.275364,0.824048,-0.344094,0.311449,0.242654,0.420432,-0.816919,499.984016,0.000343
323331,0.275341,0.824038,-0.344089,0.311436,0.242706,0.420380,-0.816934,499.984360,0.000343
323335,0.275337,0.824032,-0.344084,0.311419,0.242562,0.420408,-0.816969,499.984360,0.000343
323338,0.275345,0.824042,-0.344065,0.311392,0.242587,0.420414,-0.816969,499.985046,0.000343
323342,0.275325,0.824041,-0.344037,0.311417,0.242673,0.420470,-0.816906,499.985390,0.000343
323345,0.275307,0.824022,-0.344021,0.311404,0.242636,0.420419,-0.816948,499.986076,0.000000
323349,0.275321,0.824038,-0.344016,0.311421,0.242591,0.420456,-0.816936,499.986763,0.000343
323352,0.275315,0.824044,-0.344029,0.311410,0.242659,0.420447,-0.816924,499.987450,0.000343
323356,0.275325,0.824036,-0.344058,0.311455,0.242527,0.420449,-0.816945,499.988480,0.000343
323360,0.275330,0.824046,-0.344073,0.311437,0.242648,0.420369,-0.816958,499.989510,0.000343
323363,0.275316,0.824032,-0.344081,0.311429,0.242678,0.420425,-0.816922,499.990883,0.000343
323367,0.275323,0.824033,-0.344072,0.311396,0.242542,0.420346,-0.817016,499.992256,0.000343
323370,0.275322,0.824038,-0.344055,0.311425,0.242558,0.420411,-0.816967,499.993973,0.000343
323374,0.275307,0.824044,-0.344024,0.311397,0.242665,0.420403,-0.816950,499.995689,0.000343
323377,0.275301,0.824037,-0.344009,0.311432,0.242605,0.420432,-0.816939,499.997063,0.000343
323381,0.275287,0.824037,-0.343991,0.311341,0.242627,0.420418,-0.816975,499.998436,0.000343
323384,0.275267,0.824031,-0.343997,0.311403,0.242656,0.420402,-0.816950,499.999809,0.000343
323388,0.275249,0.824036,-0.344017,0.311368,0.242547,0.420367,-0.817014,500.001526,0.000343
323392,0.275228,0.824041,-0.344034,0.311447,0.242675,0.420413,-0.816922,500.002556,0.000000
323395,0.275224,0.824061,-0.344045,0.311448,0.242682,0.420358,-0.816948,500.003586,0.000343
323399,0.275228,0.824032,-0.344043,0.311406,0.242563,0.420374,-0.816991,500.004272,0.000343
323402,0.275229,0.824034,-0.344041,0.311391,0.242580,0.420372,-0.816994,500.004616,0.000343
323406,0.275238,0.824035,-0.344025,0.311438,0.242686,0.420435,-0.816912,500.004616,0.000343
323409,0.275249,0.824033,-0.344011,0.311368,0.242652,0.420447,-0.816942,500.004959,0.000000
323413,0.275258,0.824029,-0.344006,0.311399,0.242619,0.420505,-0.816910,500.004959,0.000343
323416,0.275238,0.824032,-0.344005,0.311385,0.242653,0.420447,-0.816935,500.004959,0.000343
323420,0.275235,0.824023,-0.344009,0.311431,0.242576,0.420472,-0.816928,500.004959,0.000343
323423,0.275219,0.824034,-0.344016,0.311387,0.242578,0.420351,-0.817007,500.004616,0.000000
323427,0.275208,0.824039,-0.344021,0.311430,0.242731,0.420410,-0.816914,500.004959,0.000343
323430,0.275205,0.824042,-0.344020,0.311410,0.242687,0.420433,-0.816923,500.004959,0.000343
323434,0.275209,0.824029,-0.344029,0.311417,0.242563,0.420428,-0.816959,500.004959,0.000000
323438,0.275225,0.824036,-0.344029,0.311423,0.242663,0.420409,-0.816937,500.004959,0.000343
323441,0.275248,0.824035,-0.344024,0.311405,0.242657,0.420463,-0.816919,500.004959,0.000343
323445,0.275260,0.824031,-0.344015,0.311397,0.242584,0.420425,-0.816962,500.004616,0.000343
323448,0.275259,0.824029,-0.344003,0.311434,0.242667,0.420436,-0.816918,500.004616,0.000343
323452,0.275270,0.824034,-0.343990,0.311367,0.242584,0.420421,-0.816976,500.004959,0.000000
323456,0.275274,0.824041,-0.343992,0.311369,0.242675,0.420465,-0.816926,500.004616,0.000000
323459,0.275278,0.824045,-0.344001,0.311401,0.242684,0.420385,-0.816952,500.004616,0.000343
323463,0.275299,0.824038,-0.344014,0.311415,0.242532,0.420396,-0.816986,500.004959,0.000000
323466,0.275303,0.824041,-0.344019,0.311386,0.242550,0.420387,-0.816996,500.004616,0.000000
323470,0.275299,0.824036,-0.344007,0.311405,0.242672,0.420471,-0.816910,500.004616,0.000343
323473,0.275301,0.824036,-0.344000,0.311364,0.242632,0.420420,-0.816963,500.004959,0.000000
323477,0.275297,0.824035,-0.343988,0.311373,0.242613,0.420458,-0.816946,500.004616,0.000000
323480,0.275290,0.824041,-0.343981,0.311374,0.242629,0.420430,-0.816955,500.004616,0.000000
323484,0.275286,0.824026,-0.343985,0.311374,0.242591,0.420447,-0.816958,500.004616,0.000343
323487,0.275287,0.824035,-0.343989,0.311380,0.242504,0.420391,-0.817010,500.004616,0.000000
323491,0.275269,0.824030,-0.343989,0.311399,0.242705,0.420470,-0.816903,500.004616,0.000000
323494,0.275268,0.824049,-0.343992,0.311389,0.242687,0.420410,-0.816943,500.004616,0.000000
323498,0.275278,0.824036,-0.343983,0.311375,0.242558,0.420460,-0.816960,500.004616,0.000000
323502,0.275269,0.824032,-0.343974,0.311384,0.242681,0.420527,-0.816886,500.004616,0.000000
323505,0.275277,0.824035,-0.343972,0.311391,0.242646,0.420552,-0.816881,500.004272,0.000000
323509,0.275284,0.824026,-0.343973,0.311391,0.242595,0.420424,-0.816962,500.004616,0.000000
323512,0.275283,0.824032,-0.343982,0.311405,0.242667,0.420510,-0.816891,500.004272,0.000343
323516,0.275287,0.824033,-0.343994,0.311379,0.242609,0.420462,-0.816943,500.004616,0.000343
323519,0.275281,0.824027,-0.344000,0.311388,0.242585,0.420461,-0.816947,500.004272,0.000000
323523,0.275264,0.824039,-0.344006,0.311383,0.242686,0.420479,-0.816910,500.004272,0.000000
323526,0.275260,0.824035,-0.344015,0.311402,0.242672,0.420529,-0.816881,500.004272,0.000000
323530,0.275272,0.824039,-0.344014,0.311397,0.242559,0.420387,-0.816990,500.003929,0.000000
323534,0.275256,0.824038,-0.344003,0.311410,0.242676,0.420377,-0.816955,500.003929,0.000000
323537,0.275260,0.824027,-0.343992,0.311416,0.242641,0.420411,-0.816945,500.003929,0.000000
323541,0.275274,0.824030,-0.343974,0.311370,0.242572,0.420412,-0.816983,500.003586,0.000343
323544,0.275266,0.824025,-0.343972,0.311386,0.242653,0.420446,-0.816936,500.003242,0.000000
323548,0.275275,0.824035,-0.343970,0.311334,0.242601,0.420440,-0.816973,500.003242,0.000343
323551,0.275116,0.823868,-0.343963,0.311341,0.242564,0.419836,-0.817293,500.002899,0.000000
323555,0.275271,0.824046,-0.343987,0.311404,0.242679,0.420424,-0.816932,500.002556,0.000000
323558,0.275262,0.824033,-0.343998,0.311396,0.242686,0.420437,-0.816927,500.001526,0.000000
323562,0.275291,0.824038,-0.344007,0.311396,0.242572,0.420397,-0.816981,500.001183,0.000000
323565,0.275297,0.824039,-0.344023,0.311399,0.242596,0.420395,-0.816973,500.000496,0.000000
323569,0.275304,0.824038,-0.344010,0.311384,0.242673,0.420506,-0.816899,500.000153,0.000000
323572,0.275308,0.824031,-0.343993,0.311368,0.242579,0.420443,-0.816966,499.999466,0.000000
323576,0.275301,0.824036,-0.343976,0.311371,0.242666,0.420465,-0.816927,499.998779,0.000000
323580,0.275301,0.824027,-0.343959,0.311387,0.242660,0.420558,-0.816875,499.998436,0.000000
323583,0.275138,0.823867,-0.343943,0.311364,0.242563,0.419869,-0.817267,499.998093,0.000000
323587,0.275283,0.824026,-0.343959,0.311401,0.242714,0.420507,-0.816880,499.997749,0.000000
323590,0.275286,0.824035,-0.343967,0.311394,0.242700,0.420499,-0.816891,499.997749,0.000000
323594,0.275282,0.824026,-0.343993,0.311393,0.242576,0.420476,-0.816940,499.997749,0.000343
323597,0.275263,0.824022,-0.344008,0.311398,0.242572,0.420440,-0.816958,499.997406,0.000000
323601,0.275264,0.824029,-0.344021,0.311424,0.242680,0.420472,-0.816900,499.997406,0.000000
323605,0.275270,0.824026,-0.344031,0.311395,0.242609,0.420340,-0.817000,499.997406,0.000000
323608,0.275288,0.824030,-0.344027,0.311465,0.242663,0.420483,-0.816883,499.997406,0.000000
323612,0.275291,0.824025,-0.344023,0.311371,0.242635,0.420408,-0.816966,499.997406,0.000000
323615,0.275296,0.824014,-0.344016,0.311383,0.242579,0.420497,-0.816932,499.997406,0.000000
323619,0.275289,0.824034,-0.344006,0.311359,0.242706,0.420481,-0.816912,499.997406,0.000000
323622,0.275283,0.824029,-0.344011,0.311418,0.242671,0.420537,-0.816872,499.997063,0.000000
323626,0.275283,0.824027,-0.344020,0.311365,0.242586,0.420388,-0.816993,499.997406,0.000000
323629,0.275281,0.824026,-0.344026,0.311390,0.242641,0.420440,-0.816940,499.997406,0.000000
323633,0.275287,0.824038,-0.344037,0.311408,0.242668,0.420450,-0.816921,499.997406,0.000000
323636,0.275283,0.824019,-0.344045,0.311417,0.242610,0.420480,-0.816919,499.997406,0.000000
323640,0.275283,0.824024,-0.344041,0.311365,0.242664,0.420417,-0.816955,499.997406,-0.000343
323644,0.275292,0.824014,-0.344028,0.311401,0.242623,0.420499,-0.816911,499.997406,0.000000
323647,0.275308,0.824032,-0.344016,0.311372,0.242555,0.420461,-0.816962,499.997063,0.000000
323651,0.275295,0.824025,-0.343995,0.311421,0.242672,0.420512,-0.816883,499.997406,-0.000343
323654,0.275294,0.824040,-0.343991,0.311408,0.242697,0.420426,-0.816924,499.997406,0.000000
323658,0.275297,0.824026,-0.343988,0.311391,0.242540,0.420535,-0.816921,499.997406,0.000000
323661,0.275298,0.824030,-0.343984,0.311368,0.242582,0.420439,-0.816967,499.997406,0.000000
323665,0.275289,0.824021,-0.343998,0.311383,0.242711,0.420540,-0.816871,499.997406,-0.000343
323668,0.275297,0.824030,-0.343998,0.311368,0.242634,0.420483,-0.816929,499.997406,-0.000343
323672,0.275290,0.824028,-0.343998,0.311390,0.242667,0.420542,-0.816881,499.997406,0.000000
323676,0.275271,0.824024,-0.344002,0.311388,0.242602,0.420475,-0.816935,499.997406,0.000000
323679,0.275276,0.824020,-0.343999,0.311377,0.242589,0.420525,-0.816917,499.997406,0.000000
323683,0.275270,0.824031,-0.344012,0.311378,0.242711,0.420465,-0.816911,499.997406,0.000000
323686,0.275273,0.824024,-0.344020,0.311432,0.242708,0.420532,-0.816857,499.997406,-0.000343
323690,0.275292,0.824026,-0.344031,0.311395,0.242563,0.420472,-0.816946,499.997406,-0.000343
323693,0.275283,0.824021,-0.344033,0.311437,0.242601,0.420488,-0.816910,499.997406,0.000000
323697,0.275272,0.824028,-0.344023,0.311428,0.242688,0.420453,-0.816905,499.997406,-0.000343
323700,0.275276,0.824025,-0.344012,0.311416,0.242643,0.420551,-0.816873,499.997406,-0.000343
323704,0.275263,0.824025,-0.343999,0.311386,0.242644,0.420472,-0.816925,499.997406,-0.000343
323707,0.275279,0.824027,-0.343986,0.311424,0.242697,0.420556,-0.816851,499.997406,0.000000
323711,0.275291,0.824024,-0.343985,0.311348,0.242570,0.420469,-0.816963,499.997406,-0.000343
323715,0.275298,0.824032,-0.343984,0.311384,0.242708,0.420491,-0.816897,499.997406,-0.000343
323718,0.275287,0.824019,-0.343982,0.311401,0.242678,0.420465,-0.816913,499.997406,-0.000343
323722,0.275304,0.824025,-0.343986,0.311366,0.242582,0.420457,-0.816958,499.997406,-0.000343
323725,0.275294,0.824025,-0.343987,0.311377,0.242590,0.420444,-0.816959,499.997406,0.000000
323729,0.275280,0.824034,-0.343993,0.311355,0.242714,0.420521,-0.816891,499.997406,0.000000
323732,0.275278,0.824030,-0.344001,0.311341,0.242644,0.420434,-0.816962,499.997406,-0.000343
323736,0.275268,0.824030,-0.344006,0.311362,0.242646,0.420500,-0.816919,499.997406,-0.000343
323739,0.275250,0.824026,-0.344003,0.311371,0.242673,0.420427,-0.816945,499.997406,-0.000343
323743,0.275271,0.824028,-0.344003,0.311370,0.242597,0.420440,-0.816961,499.997406,-0.000343
323746,0.275268,0.824034,-0.344002,0.311371,0.242572,0.420428,-0.816975,499.997749,-0.000343
323750,0.275257,0.824029,-0.343984,0.311399,0.242694,0.420492,-0.816895,499.997406,-0.000343
323754,0.275268,0.824013,-0.343968,0.311369,0.242544,0.420507,-0.816943,499.997406,-0.000343
323757,0.275277,0.824026,-0.343954,0.311350,0.242614,0.420490,-0.816938,499.997406,-0.000343
323761,0.275251,0.824009,-0.343947,0.311399,0.242670,0.420506,-0.816894,499.997406,-0.000343
323764,0.275258,0.824015,-0.343959,0.311376,0.242601,0.420512,-0.816921,499.997406,-0.000343
323768,0.275266,0.824030,-0.343984,0.311399,0.242639,0.420524,-0.816895,499.997406,-0.000343
323771,0.275264,0.824028,-0.344002,0.311420,0.242695,0.420499,-0.816882,499.997749,-0.000343
323775,0.275254,0.824020,-0.344019,0.311407,0.242615,0.420452,-0.816935,499.997406,-0.000343
323778,0.275251,0.824023,-0.344012,0.311376,0.242617,0.420481,-0.816932,499.997749,0.000000
323782,0.275223,0.824033,-0.344003,0.311349,0.242748,0.420462,-0.816913,499.997749,-0.000343
323786,0.275083,0.823878,-0.343975,0.311332,0.242588,0.419807,-0.817303,499.997749,-0.000343
323789,0.275246,0.824025,-0.343973,0.311381,0.242610,0.420460,-0.816943,499.997749,-0.000343
323793,0.275263,0.824031,-0.343961,0.311357,0.242663,0.420452,-0.816940,499.997749,0.000000
323796,0.275278,0.824024,-0.343949,0.311372,0.242617,0.420509,-0.816919,499.997749,-0.000343
323800,0.275260,0.824017,-0.343940,0.311354,0.242609,0.420445,-0.816961,499.997749,-0.000343
323803,0.275261,0.824029,-0.343934,0.311348,0.242676,0.420519,-0.816906,499.997749,-0.000343
323807,0.275249,0.824031,-0.343939,0.311313,0.242578,0.420432,-0.816993,499.997749,-0.000343
323810,0.275239,0.824030,-0.343953,0.311355,0.242552,0.420452,-0.816974,499.998093,-0.000343
323814,0.275227,0.824038,-0.343964,0.311352,0.242729,0.420419,-0.816940,499.997749,-0.000343
323818,0.275241,0.824023,-0.343982,0.311350,0.242583,0.420468,-0.816958,499.998093,-0.000343
323821,0.275260,0.824038,-0.343988,0.311361,0.242578,0.420398,-0.816992,499.998093,-0.000343
323825,0.275259,0.824021,-0.343978,0.311377,0.242702,0.420549,-0.816871,499.998093,-0.000343
323828,0.275279,0.824031,-0.343974,0.311367,0.242652,0.420453,-0.816939,499.998093,0.000000
323832,0.275283,0.824015,-0.343958,0.311391,0.242631,0.420556,-0.816883,499.998093,-0.000343
323835,0.275291,0.824028,-0.343955,0.311376,0.242696,0.420459,-0.816920,499.998093,-0.000343
323839,0.275303,0.824030,-0.343956,0.311376,0.242591,0.420543,-0.816908,499.998093,0.000000
323842,0.275296,0.824025,-0.343953,0.311329,0.242593,0.420463,-0.816966,499.998436,-0.000343
323846,0.275277,0.824030,-0.343953,0.311405,0.242683,0.420511,-0.816886,499.998436,-0.000343
323849,0.275276,0.824029,-0.343946,0.311349,0.242678,0.420519,-0.816904,499.998436,0.000000
323853,0.275278,0.824021,-0.343947,0.311351,0.242617,0.420554,-0.816904,499.998436,-0.000343
323857,0.275102,0.823872,-0.343936,0.311363,0.242671,0.419922,-0.817208,499.998436,0.000000
323860,0.275264,0.824023,-0.343947,0.311388,0.242641,0.420541,-0.816889,499.998779,-0.000343
323864,0.275255,0.824031,-0.343966,0.311382,0.242640,0.420433,-0.816947,499.998779,-0.000343
323867,0.275251,0.824022,-0.343979,0.311420,0.242682,0.420514,-0.816879,499.998779,0.000000
323871,0.275248,0.824008,-0.344005,0.311367,0.242563,0.420442,-0.816972,499.998779,-0.000343
323874,0.275267,0.824022,-0.344022,0.311381,0.242578,0.420531,-0.816916,499.999123,-0.000343
323878,0.275266,0.824040,-0.344026,0.311424,0.242712,0.420453,-0.816900,499.999123,-0.000343
323882,0.275262,0.824028,-0.344013,0.311377,0.242599,0.420443,-0.816956,499.999123,-0.000343
323885,0.275258,0.824022,-0.343987,0.311364,0.242621,0.420379,-0.816988,499.999466,-0.000343
323888,0.275267,0.824027,-0.343956,0.311390,0.242637,0.420515,-0.816903,499.999466,0.000000
323892,0.275268,0.824027,-0.343929,0.311335,0.242611,0.420489,-0.816945,499.999466,-0.000343
323896,0.275275,0.824024,-0.343908,0.311314,0.242651,0.420483,-0.816945,499.999809,-0.000343
323899,0.275253,0.824019,-0.343902,0.311322,0.242664,0.420470,-0.816945,499.999809,-0.000343
323903,0.275261,0.824022,-0.343919,0.311351,0.242584,0.420475,-0.816954,500.000153,-0.000343
323906,0.275248,0.824025,-0.343942,0.311313,0.242577,0.420390,-0.817015,500.000153,-0.000343
323910,0.275227,0.824032,-0.343977,0.311369,0.242755,0.420444,-0.816912,500.000153,-0.000343
323913,0.275235,0.824040,-0.344000,0.311380,0.242680,0.420417,-0.816944,500.000496,-0.000343
323917,0.275250,0.824028,-0.344019,0.311386,0.242655,0.420404,-0.816956,500.000496,-0.000343
323920,0.275263,0.824040,-0.344020,0.311357,0.242659,0.420431,-0.816952,500.000496,-0.000343
323924,0.275290,0.824025,-0.344000,0.311373,0.242678,0.420507,-0.816901,500.000839,-0.000343
323928,0.275302,0.824022,-0.343969,0.311382,0.242656,0.420495,-0.816911,500.000839,-0.000343
323931,0.275303,0.824023,-0.343942,0.311372,0.242699,0.420554,-0.816872,500.000839,-0.000343
323935,0.275308,0.824021,-0.343925,0.311356,0.242573,0.420545,-0.816920,500.000839,-0.000343
323938,0.275304,0.824019,-0.343917,0.311320,0.242580,0.420549,-0.816929,500.001183,-0.000343
323942,0.275288,0.824023,-0.343923,0.311357,0.242689,0.420529,-0.816893,500.001183,-0.000343
323945,0.275294,0.824031,-0.343936,0.311372,0.242691,0.420556,-0.816873,500.001183,-0.000343
323949,0.275298,0.824023,-0.343950,0.311364,0.242605,0.420492,-0.816934,500.001183,-0.000343
323953,0.275276,0.824023,-0.343958,0.311414,0.242644,0.420388,-0.816958,500.001526,-0.000343
323956,0.275299,0.824031,-0.343961,0.311371,0.242665,0.420506,-0.816906,500.001526,0.000000
323960,0.275282,0.824017,-0.343953,0.311356,0.242610,0.420405,-0.816981,500.001526,-0.000343
323963,0.275293,0.824027,-0.343954,0.311364,0.242665,0.420487,-0.816919,500.001183,-0.000343
323967,0.275296,0.824028,-0.343951,0.311297,0.242632,0.420457,-0.816970,500.001526,-0.000343
323970,0.275291,0.824022,-0.343962,0.311358,0.242562,0.420479,-0.816956,500.001526,-0.000343
323974,0.275282,0.824042,-0.343973,0.311363,0.242761,0.420453,-0.816908,500.001869,-0.000343
323977,0.275280,0.824031,-0.343979,0.311420,0.242689,0.420490,-0.816889,500.001869,0.000000
323981,0.275272,0.824025,-0.343977,0.311374,0.242573,0.420425,-0.816975,500.001526,-0.000343
323984,0.275282,0.824031,-0.343958,0.311396,0.242628,0.420461,-0.816931,500.001526,-0.000343
323988,0.275284,0.824036,-0.343930,0.311327,0.242664,0.420448,-0.816954,500.001526,0.000000
323991,0.275279,0.824019,-0.343909,0.311328,0.242562,0.420476,-0.816969,500.001869,-0.000343
323995,0.275287,0.824028,-0.343885,0.311315,0.242677,0.420489,-0.816933,500.001526,-0.000343
323995,0.275287,0.824028,-0.343885,0.311315,0.242677,0.420489,-0.816933,500.001526,-0.000343
323995,0.275287,0.824028,-0.343885,0.311315,0.242677,0.420489,-0.816933,500.001526,-0.000343
323995,0.275287,0.824028,-0.343885,0.311315,0.242677,0.420489,-0.816933,500.001526,-0.000343
323995,0.275287,0.824028,-0.343885,0.311315,0.242677,0.420489,-0.816933,500.001526,-0.000343
323995,0.275287,0.824028,-0.343885,0.311315,0.242677,0.420489,-0.816933,500.001526,-0.000343
323995,0.275287,0.824028,-0.343885,0.311315,0.242677,0.420489,-0.816933,500.001526,-0.000343
323995,0.275287,0.824028,-0.343885,0.311315,0.242677,0.420489,-0.816933,500.001526,-0.000343
323995,0.275287,0.824028,-0.343885,0.311315,0.242677,0.420489,-0.816933,500.001526,-0.000343
323995,0.275287,0.824028,-0.343885,0.311315,0.242677,0.420489,-0.816933,500.001526,-0.000343
323995,0.275287,0.824028,-0.343885,0.311315,0.242677,0.420489,-0.816933,500.001526,-0.000343
