0,0.000000,0.000000,0.000000,0.000000,0.000000,0.000000,0.000000,0.000000,0.000000
0,0.000000,0.000000,0.000000,0.000000,0.000000,0.000000,0.000000,0.000000,0.000000
0,0.000000,0.000000,0.000000,0.000000,0.000000,0.000000,0.000000,0.000000,0.000000
0,0.000000,0.000000,0.000000,0.000000,0.000000,0.000000,0.000000,0.000000,0.000000
0,0.000000,0.000000,0.000000,0.000000,0.000000,0.000000,0.000000,0.000000,0.000000
0,0.000000,0.000000,0.000000,0.000000,0.000000,0.000000,0.000000,0.000000,0.000000
0,0.000000,0.000000,0.000000,0.000000,0.000000,0.000000,0.000000,0.000000,0.000000
0,0.000000,0.000000,0.000000,0.000000,0.000000,0.000000,0.000000,0.000000,0.000000
0,0.000000,0.000000,0.000000,0.000000,0.000000,0.000000,0.000000,0.000000,0.000000
0,0.000000,0.000000,0.000000,0.000000,0.000000,0.000000,0.000000,0.000000,0.000000
0,0.000000,0.000000,0.000000,0.000000,0.000000,0.000000,0.000000,0.000000,0.000000
0,0.000000,0.000000,0.000000,0.000000,0.000000,0.000000,0.000000,0.000000,0.000000
0,0.000000,0.000000,0.000000,0.000000,0.000000,0.000000,0.000000,0.000000,0.000000
0,0.000000,0.000000,0.000000,0.000000,0.000000,0.000000,0.000000,0.000000,0.000000
0,0.000000,0.000000,0.000000,0.000000,0.000000,0.000000,0.000000,0.000000,0.000000
0,0.000000,0.000000,0.000000,0.000000,0.000000,0.000000,0.000000,0.000000,0.000000
0,0.000000,0.000000,0.000000,0.000000,0.000000,0.000000,0.000000,0.000000,0.000000
0,0.000000,0.000000,0.000000,0.000000,0.000000,0.000000,0.000000,0.000000,0.000000
0,0.000000,0.000000,0.000000,0.000000,0.000000,0.000000,0.000000,0.000000,0.000000
0,0.000000,0.000000,0.000000,0.000000,0.000000,0.000000,0.000000,0.000000,0.000000
0,0.000000,0.000000,0.000000,0.000000,0.000000,0.000000,0.000000,0.000000,0.000000
0,0.000000,0.000000,0.000000,0.000000,0.000000,0.000000,0.000000,0.000000,0.000000
0,0.000000,0.000000,0.000000,0.000000,0.000000,0.000000,0.000000,0.000000,0.000000
0,0.000000,0.000000,0.000000,0.000000,0.000000,0.000000,0.000000,0.000000,0.000000
0,0.000000,0.000000,0.000000,0.000000,0.000000,0.000000,0.000000,0.000000,0.000000
401117,0.036427,0.450597,-0.061520,-0.010626,-0.430292,0.036864,-0.901874,0.000343,99.999962
401120,0.036417,0.450598,-0.061523,-0.010539,-0.430331,0.036770,-0.901860,0.000343,99.999962
401123,0.036406,0.450599,-0.061529,-0.010557,-0.430293,0.036743,-0.901880,0.000343,99.999962
401127,0.036400,0.450598,-0.061538,-0.010574,-0.430292,0.036786,-0.901878,0.000343,99.999962
401131,0.036403,0.450598,-0.061541,-0.010529,-0.430310,0.036786,-0.901870,0.000000,99.999962
401134,0.036408,0.450598,-0.061537,-0.010532,-0.430300,0.036745,-0.901876,0.000343,99.999962
401138,0.036423,0.450598,-0.061527,-0.010580,-0.430288,0.036861,-0.901877,0.000343,99.999962
401141,0.036429,0.450595,-0.061520,-0.010553,-0.430298,0.036760,-0.901876,0.000343,99.999962
401145,0.036441,0.450592,-0.061512,-0.010695,-0.430270,0.036862,-0.901884,0.000343,99.999962
401148,0.036447,0.450594,-0.061511,-0.010633,-0.430317,0.036825,-0.901864,0.000343,100.000305
401152,0.036444,0.450596,-0.061516,-0.010548,-0.430318,0.036798,-0.901865,0.000343,99.999962
401156,0.036442,0.450595,-0.061523,-0.010654,-0.430314,0.036902,-0.901862,0.000343,99.999962
401159,0.036434,0.450596,-0.061529,-0.010598,-0.430305,0.036865,-0.901868,0.000343,100.000305
401163,0.036427,0.450596,-0.061532,-0.010594,-0.430309,0.036806,-0.901869,0.000343,99.999962
401166,0.036424,0.450595,-0.061532,-0.010600,-0.430298,0.036790,-0.901875,0.000343,99.999962
401170,0.036422,0.450597,-0.061531,-0.010584,-0.430297,0.036836,-0.901873,0.000000,99.999962
401174,0.036422,0.450596,-0.061530,-0.010618,-0.430303,0.036865,-0.901869,0.000343,99.999962
401177,0.036418,0.450596,-0.061529,-0.010607,-0.430275,0.036872,-0.901882,0.000343,99.999962
401180,0.036413,0.450596,-0.061530,-0.010586,-0.430267,0.036826,-0.901888,0.000343,99.999962
401184,0.036408,0.450597,-0.061534,-0.010534,-0.430292,0.036760,-0.901879,0.000343,99.999962
401187,0.036405,0.450597,-0.061535,-0.010526,-0.430325,0.036772,-0.901864,0.000343,99.999962
401191,0.036406,0.450597,-0.061536,-0.010590,-0.430276,0.036853,-0.901883,0.000343,99.999962
401195,0.036409,0.450594,-0.061534,-0.010591,-0.430279,0.036790,-0.901884,0.000343,99.999962
401198,0.036416,0.450594,-0.061531,-0.010644,-0.430272,0.036826,-0.901885,0.000343,99.999962
401202,0.036423,0.450593,-0.061524,-0.010615,-0.430264,0.036822,-0.901889,0.000343,99.999962
401205,0.036425,0.450593,-0.061524,-0.010559,-0.430298,0.036815,-0.901874,0.000343,99.999962
401209,0.036427,0.450593,-0.061526,-0.010664,-0.430269,0.036886,-0.901884,0.000000,99.999962
401212,0.036425,0.450594,-0.061530,-0.010604,-0.430286,0.036875,-0.901877,0.000343,99.999962
401216,0.036416,0.450596,-0.061536,-0.010553,-0.430305,0.036821,-0.901871,0.000000,99.999962
401220,0.036407,0.450596,-0.061536,-0.010654,-0.430284,0.036874,-0.901877,0.000343,99.999962
401223,0.036405,0.450597,-0.061536,-0.010587,-0.430271,0.036820,-0.901886,0.000343,99.999962
401227,0.036403,0.450595,-0.061533,-0.010593,-0.430257,0.036809,-0.901893,0.000000,99.999962
401230,0.036415,0.450595,-0.061534,-0.010599,-0.430276,0.036832,-0.901883,0.000000,99.999962
401234,0.036430,0.450596,-0.061531,-0.010534,-0.430271,0.036848,-0.901886,0.000343,99.999962
401237,0.036438,0.450597,-0.061528,-0.010559,-0.430282,0.036834,-0.901881,0.000000,99.999962
401241,0.036448,0.450594,-0.061520,-0.010645,-0.430295,0.036943,-0.901869,0.000343,99.999962
401244,0.036447,0.450594,-0.061517,-0.010623,-0.430286,0.036867,-0.901877,0.000343,99.999619
401248,0.036440,0.450595,-0.061516,-0.010594,-0.430292,0.036805,-0.901877,0.000343,99.999962
401251,0.036437,0.450595,-0.061515,-0.010605,-0.430300,0.036814,-0.901872,0.000343,99.999962
401255,0.036426,0.450596,-0.061519,-0.010613,-0.430266,0.036875,-0.901886,0.000343,99.999962
401259,0.036415,0.450594,-0.061522,-0.010581,-0.430278,0.036821,-0.901883,0.000343,99.999962
401262,0.036412,0.450597,-0.061524,-0.010612,-0.430288,0.036872,-0.901876,0.000000,100.000305
401265,0.036404,0.450594,-0.061529,-0.010644,-0.430282,0.036829,-0.901880,0.000000,99.999962
401269,0.036400,0.450597,-0.061533,-0.010542,-0.430285,0.036814,-0.901880,0.000000,99.999962
401273,0.036400,0.450596,-0.061540,-0.010622,-0.430286,0.036871,-0.901877,0.000343,99.999962
401276,0.036400,0.450595,-0.061545,-0.010600,-0.430273,0.036870,-0.901883,0.000343,99.999962
401280,0.036400,0.450595,-0.061546,-0.010564,-0.430285,0.036777,-0.901882,0.000343,99.999962
401283,0.036407,0.450597,-0.061544,-0.010641,-0.430292,0.036844,-0.901875,0.000343,99.999962
401287,0.036414,0.450595,-0.061542,-0.010565,-0.430291,0.036877,-0.901875,0.000343,99.999962
401290,0.036420,0.450596,-0.061536,-0.010572,-0.430284,0.036795,-0.901882,0.000343,99.999962
401294,0.036432,0.450594,-0.061528,-0.010650,-0.430307,0.036937,-0.901864,0.000343,99.999962
401298,0.036434,0.450596,-0.061522,-0.010582,-0.430307,0.036828,-0.901869,0.000343,99.999962
401301,0.036433,0.450597,-0.061518,-0.010575,-0.430304,0.036816,-0.901871,0.000343,99.999619
401305,0.036429,0.450593,-0.061516,-0.010637,-0.430317,0.036930,-0.901859,0.000343,99.999619
401308,0.036424,0.450595,-0.061519,-0.010599,-0.430307,0.036879,-0.901867,0.000343,99.999275
401312,0.036420,0.450598,-0.061524,-0.010565,-0.430286,0.036816,-0.901880,0.000343,99.998932
401316,0.036421,0.450598,-0.061530,-0.010534,-0.430308,0.036824,-0.901869,0.000343,99.997902
401319,0.036423,0.450598,-0.061531,-0.010551,-0.430268,0.036829,-0.901888,0.000343,99.995155
401323,0.036426,0.450595,-0.061530,-0.010598,-0.430301,0.036812,-0.901872,0.000343,99.990349
401326,0.036430,0.450594,-0.061527,-0.010660,-0.430276,0.036884,-0.901881,0.000343,99.979362
401329,0.036433,0.450594,-0.061527,-0.010635,-0.430283,0.036909,-0.901877,0.000343,99.973869
401333,0.036434,0.450594,-0.061527,-0.010599,-0.430302,0.036823,-0.901871,0.000343,99.963913
401337,0.036431,0.450595,-0.061534,-0.010629,-0.430271,0.036886,-0.901883,0.000000,99.952240
401340,0.036425,0.450595,-0.061537,-0.010618,-0.430275,0.036877,-0.901882,0.000343,99.934387
401344,0.036417,0.450596,-0.061541,-0.010561,-0.430311,0.036817,-0.901868,0.000343,99.927521
401347,0.036411,0.450598,-0.061542,-0.010595,-0.430296,0.036900,-0.901871,0.000000,99.916878
401351,0.036404,0.450598,-0.061543,-0.010515,-0.430336,0.036822,-0.901856,0.000343,99.908295
401354,0.036403,0.450600,-0.061540,-0.010515,-0.430303,0.036826,-0.901872,0.000343,99.899368
401358,0.036404,0.450595,-0.061535,-0.010605,-0.430298,0.036858,-0.901872,0.000000,99.882202
401362,0.036407,0.450595,-0.061528,-0.010545,-0.430276,0.036761,-0.901887,0.000343,99.875336
401365,0.036412,0.450597,-0.061523,-0.010583,-0.430278,0.036818,-0.901883,0.000343,99.852333
401369,0.036414,0.450596,-0.061523,-0.010556,-0.430286,0.036817,-0.901880,0.000343,99.833107
401372,0.036417,0.450595,-0.061519,-0.010572,-0.430274,0.036830,-0.901885,0.000000,99.819031
401376,0.036419,0.450595,-0.061522,-0.010595,-0.430294,0.036835,-0.901875,0.000343,99.796371
401379,0.036424,0.450595,-0.061523,-0.010630,-0.430286,0.036880,-0.901876,0.000000,99.762726
401383,0.036424,0.450597,-0.061525,-0.010575,-0.430293,0.036798,-0.901877,0.000343,99.747276
401387,0.036426,0.450595,-0.061529,-0.010611,-0.430300,0.036835,-0.901872,0.000343,99.723587
401390,0.036428,0.450594,-0.061530,-0.010646,-0.430305,0.036876,-0.901867,0.000343,99.699211
401394,0.036424,0.450597,-0.061536,-0.010532,-0.430296,0.036781,-0.901877,0.000000,99.664879
401397,0.036424,0.450595,-0.061537,-0.010587,-0.430267,0.036831,-0.901888,0.000000,99.648399
401401,0.036419,0.450595,-0.061541,-0.010568,-0.430294,0.036845,-0.901875,0.000343,99.616470
401404,0.036415,0.450596,-0.061541,-0.010573,-0.430287,0.036866,-0.901877,0.000343,99.581795
401407,0.036411,0.450595,-0.061541,-0.010570,-0.430291,0.036872,-0.901875,0.000343,99.554672
401411,0.036410,0.450595,-0.061540,-0.010603,-0.430281,0.036882,-0.901879,0.000000,99.493904
401415,0.036406,0.450595,-0.061537,-0.010549,-0.430284,0.036728,-0.901884,0.000343,99.461288
401419,0.036409,0.450594,-0.061536,-0.010616,-0.430287,0.036892,-0.901876,0.000000,99.418373
401422,0.036411,0.450594,-0.061531,-0.010619,-0.430278,0.036844,-0.901882,0.000343,99.379921
401425,0.036412,0.450594,-0.061530,-0.010625,-0.430279,0.036881,-0.901880,0.000343,99.315376
401429,0.036414,0.450596,-0.061527,-0.010578,-0.430307,0.036792,-0.901871,0.000000,99.272118
401433,0.036415,0.450595,-0.061527,-0.010605,-0.430305,0.036852,-0.901869,0.000343,99.239845
401436,0.036414,0.450595,-0.061528,-0.010555,-0.430314,0.036820,-0.901866,0.000343,99.190063
401440,0.036417,0.450594,-0.061529,-0.010631,-0.430299,0.036831,-0.901872,0.000343,99.138222
401443,0.036416,0.450594,-0.061530,-0.010609,-0.430308,0.036886,-0.901866,0.000000,99.082260
401447,0.036416,0.450595,-0.061531,-0.010547,-0.430291,0.036770,-0.901879,0.000000,98.996773
401450,0.036417,0.450595,-0.061533,-0.010548,-0.430274,0.036795,-0.901887,0.000343,98.959351
401454,0.036421,0.450593,-0.061534,-0.010596,-0.430283,0.036862,-0.901879,0.000343,98.893433
401457,0.036421,0.450596,-0.061535,-0.010597,-0.430280,0.036880,-0.901880,0.000343,98.825455
401461,0.036421,0.450595,-0.061537,-0.010585,-0.430326,0.036853,-0.901859,0.000000,98.754044
401464,0.036426,0.450596,-0.061536,-0.010619,-0.430288,0.036857,-0.901877,0.000343,98.652077
401468,0.036423,0.450595,-0.061538,-0.010550,-0.430308,0.036806,-0.901870,0.000343,98.609848
401472,0.036427,0.450593,-0.061537,-0.010641,-0.430288,0.036881,-0.901875,0.000343,98.535347
401475,0.036428,0.450594,-0.061536,-0.010620,-0.430317,0.036896,-0.901861,0.000000,98.424110
401479,0.036423,0.450594,-0.061533,-0.010528,-0.430302,0.036752,-0.901875,0.000343,98.342056
401482,0.036423,0.450596,-0.061532,-0.010564,-0.430298,0.036789,-0.901875,0.000000,98.289528
401486,0.036420,0.450594,-0.061531,-0.010591,-0.430302,0.036840,-0.901871,0.000000,98.200264
401489,0.036416,0.450596,-0.061532,-0.010569,-0.430294,0.036837,-0.901875,0.000343,98.107910
401493,0.036414,0.450594,-0.061535,-0.010599,-0.430327,0.036859,-0.901858,0.000000,97.971954
401496,0.036409,0.450595,-0.061536,-0.010640,-0.430296,0.036899,-0.901870,0.000000,97.873421
401500,0.036405,0.450597,-0.061535,-0.010537,-0.430301,0.036794,-0.901874,0.000343,97.810936
401504,0.036404,0.450594,-0.061536,-0.010616,-0.430285,0.036893,-0.901876,0.000000,97.706909
401507,0.036404,0.450596,-0.061534,-0.010588,-0.430302,0.036852,-0.901870,0.000000,97.556534
401511,0.036408,0.450594,-0.061534,-0.010557,-0.430326,0.036834,-0.901860,0.000000,97.444954
401514,0.036408,0.450595,-0.061534,-0.010566,-0.430297,0.036792,-0.901875,0.000000,97.377663
401518,0.036415,0.450596,-0.061533,-0.010600,-0.430285,0.036845,-0.901879,0.000000,97.256126
401521,0.036416,0.450595,-0.061533,-0.010587,-0.430296,0.036813,-0.901875,0.000000,97.085152
401525,0.036418,0.450593,-0.061532,-0.010608,-0.430297,0.036867,-0.901872,0.000000,97.011337
401528,0.036420,0.450593,-0.061527,-0.010658,-0.430284,0.036855,-0.901878,0.000000,96.886368
401532,0.036420,0.450596,-0.061525,-0.010531,-0.430311,0.036781,-0.901870,0.000343,96.757965
401535,0.036421,0.450595,-0.061521,-0.010576,-0.430294,0.036834,-0.901875,0.000000,96.568451
401539,0.036423,0.450595,-0.061521,-0.010616,-0.430278,0.036865,-0.901881,0.000000,96.480904
401543,0.036422,0.450594,-0.061522,-0.010634,-0.430290,0.036862,-0.901875,0.000000,96.337738
401546,0.036422,0.450593,-0.061522,-0.010622,-0.430288,0.036849,-0.901877,0.000000,96.130371
401549,0.036421,0.450595,-0.061524,-0.010676,-0.430273,0.036889,-0.901882,0.000000,96.056557
401553,0.036414,0.450593,-0.061527,-0.010581,-0.430277,0.036804,-0.901884,0.000000,95.884209
401557,0.036416,0.450594,-0.061531,-0.010668,-0.430257,0.036911,-0.901888,0.000000,95.660362
401560,0.036414,0.450593,-0.061533,-0.010656,-0.430288,0.036895,-0.901874,0.000000,95.563889
401564,0.036417,0.450595,-0.061528,-0.010590,-0.430275,0.036802,-0.901885,0.000000,95.397720
401567,0.036419,0.450593,-0.061524,-0.010634,-0.430280,0.036844,-0.901881,0.000000,95.159454
401571,0.036423,0.450594,-0.061518,-0.010672,-0.430283,0.036869,-0.901878,0.000000,94.985390
401575,0.036425,0.450593,-0.061517,-0.010677,-0.430275,0.036900,-0.901880,0.000000,94.807205
401578,0.036422,0.450590,-0.061516,-0.010706,-0.430273,0.036867,-0.901882,0.000000,94.714851
401582,0.036417,0.450592,-0.061518,-0.010665,-0.430268,0.036864,-0.901885,0.000000,94.506454
401585,0.036409,0.450593,-0.061521,-0.010649,-0.430260,0.036844,-0.901890,0.000000,94.234200
401589,0.036406,0.450593,-0.061524,-0.010698,-0.430256,0.036919,-0.901888,0.000000,94.034729
401592,0.036403,0.450594,-0.061526,-0.010651,-0.430262,0.036862,-0.901888,0.000000,93.913536
401596,0.036404,0.450594,-0.061524,-0.010606,-0.430281,0.036824,-0.901881,0.000000,93.709602
401599,0.036408,0.450591,-0.061521,-0.010592,-0.430288,0.036831,-0.901878,0.000000,93.504295
401603,0.036417,0.450592,-0.061514,-0.010654,-0.430257,0.036871,-0.901890,0.000000,93.204918
401607,0.036427,0.450601,-0.061511,-0.010815,-0.430172,0.036936,-0.901926,0.000000,93.093681
401610,0.036426,0.450588,-0.061507,-0.010718,-0.430267,0.036889,-0.901884,0.000000,92.846489
401614,0.036427,0.450596,-0.061506,-0.010618,-0.430249,0.036890,-0.901894,0.000000,92.616463
401617,0.036421,0.450589,-0.061509,-0.010640,-0.430277,0.036843,-0.901882,0.000000,92.380943
401621,0.036422,0.450592,-0.061518,-0.010734,-0.430259,0.036936,-0.901886,0.000000,92.144051
401624,0.036416,0.450593,-0.061524,-0.010633,-0.430281,0.036870,-0.901879,0.000000,91.806564
401628,0.036414,0.450593,-0.061529,-0.010668,-0.430270,0.036847,-0.901885,0.000000,91.556969
401631,0.036414,0.450593,-0.061528,-0.010650,-0.430270,0.036832,-0.901886,0.000000,91.405220
401635,0.036414,0.450594,-0.061523,-0.010665,-0.430244,0.036876,-0.901896,0.000000,91.146011
401638,0.036417,0.450592,-0.061518,-0.010639,-0.430242,0.036819,-0.901900,0.000000,90.882339
401642,0.036421,0.450591,-0.061514,-0.010706,-0.430224,0.036910,-0.901904,0.000000,90.507088
401646,0.036422,0.450592,-0.061514,-0.010638,-0.430260,0.036879,-0.901889,0.000000,90.229340
401649,0.036419,0.450592,-0.061515,-0.010643,-0.430230,0.036841,-0.901904,0.000000,90.089607
401653,0.036415,0.450591,-0.061518,-0.010691,-0.430265,0.036913,-0.901884,0.000000,89.781647
401656,0.036414,0.450592,-0.061519,-0.010657,-0.430274,0.036867,-0.901882,0.000000,89.377899
401660,0.036410,0.450593,-0.061519,-0.010679,-0.430259,0.036859,-0.901890,0.000000,89.093285
401663,0.036410,0.450592,-0.061516,-0.010717,-0.430266,0.036865,-0.901886,0.000000,88.911324
401667,0.036411,0.450592,-0.061508,-0.010641,-0.430269,0.036843,-0.901886,0.000000,88.609886
401670,0.036411,0.450591,-0.061506,-0.010649,-0.430268,0.036803,-0.901888,0.000000,88.175926
401674,0.036420,0.450592,-0.061502,-0.010738,-0.430272,0.036933,-0.901880,0.000000,87.993965
401678,0.036418,0.450592,-0.061506,-0.010666,-0.430301,0.036825,-0.901871,0.000000,87.684631
401681,0.036414,0.450588,-0.061512,-0.010681,-0.430296,0.036828,-0.901873,0.000000,87.364655
401685,0.036413,0.450591,-0.061516,-0.010742,-0.430294,0.036888,-0.901871,0.000000,87.042618
401688,0.036408,0.450594,-0.061520,-0.010691,-0.430291,0.036839,-0.901875,0.000000,86.710968
401691,0.036405,0.450591,-0.061523,-0.010609,-0.430327,0.036756,-0.901862,0.000000,86.257782
401695,0.036410,0.450591,-0.061524,-0.010697,-0.430311,0.036853,-0.901865,0.000000,85.919266
401699,0.036416,0.450592,-0.061517,-0.010605,-0.430350,0.036782,-0.901850,0.000000,85.716019
401702,0.036423,0.450590,-0.061510,-0.010709,-0.430326,0.036758,-0.901861,-0.000343,85.368233
401706,0.036431,0.450587,-0.061500,-0.010703,-0.430361,0.036817,-0.901842,0.000000,84.884834
401709,0.036433,0.450588,-0.061495,-0.010762,-0.430379,0.036785,-0.901834,-0.000343,84.529152
401713,0.036429,0.450588,-0.061492,-0.010747,-0.430371,0.036691,-0.901842,-0.000343,84.313889
401717,0.036422,0.450588,-0.061496,-0.010755,-0.430393,0.036732,-0.901830,0.000000,83.950310
401720,0.036417,0.450588,-0.061499,-0.010677,-0.430397,0.036653,-0.901832,-0.000343,83.596687
401724,0.036408,0.450590,-0.061507,-0.010681,-0.430399,0.036631,-0.901832,-0.000343,83.229332
401727,0.036404,0.450589,-0.061510,-0.010727,-0.430400,0.036654,-0.901830,-0.000343,82.867813
401731,0.036403,0.450590,-0.061514,-0.010635,-0.430418,0.036535,-0.901827,-0.000343,82.342529
401734,0.036402,0.450590,-0.061513,-0.010655,-0.430408,0.036497,-0.901833,0.000000,81.965561
401738,0.036411,0.450589,-0.061506,-0.010746,-0.430422,0.036600,-0.901822,-0.000343,81.736908
401741,0.036412,0.450589,-0.061502,-0.010733,-0.430420,0.036558,-0.901824,-0.000343,81.195145
401745,0.036412,0.450586,-0.061494,-0.010739,-0.430397,0.036457,-0.901839,0.000000,80.810966
401749,0.036412,0.450586,-0.061492,-0.010681,-0.430427,0.036450,-0.901826,-0.000343,80.576477
401752,0.036406,0.450586,-0.061492,-0.010695,-0.430409,0.036413,-0.901836,-0.000343,80.181313
401756,0.036404,0.450586,-0.061495,-0.010749,-0.430439,0.036388,-0.901822,0.000000,79.625816
401759,0.036400,0.450586,-0.061501,-0.010762,-0.430451,0.036429,-0.901814,-0.000343,79.386177
401763,0.036392,0.450587,-0.061505,-0.010659,-0.430459,0.036255,-0.901819,-0.000343,78.979683
401766,0.036390,0.450587,-0.061508,-0.010662,-0.430506,0.036326,-0.901793,0.000000,78.581085
401770,0.036389,0.450586,-0.061508,-0.010717,-0.430470,0.036339,-0.901810,0.000000,78.006020
401773,0.036391,0.450586,-0.061506,-0.010711,-0.430468,0.036326,-0.901811,-0.000343,77.756767
401777,0.036395,0.450584,-0.061503,-0.010700,-0.430456,0.036228,-0.901821,-0.000343,77.342720
401780,0.036398,0.450583,-0.061500,-0.010761,-0.430445,0.036288,-0.901823,0.000000,76.918373
401784,0.036403,0.450586,-0.061498,-0.010640,-0.430467,0.036198,-0.901817,0.000000,76.508789
401788,0.036406,0.450583,-0.061497,-0.010711,-0.430519,0.036217,-0.901791,-0.000343,75.919991
401791,0.036407,0.450584,-0.061496,-0.010801,-0.430461,0.036260,-0.901816,-0.000343,75.482941
401795,0.036401,0.450585,-0.061498,-0.010645,-0.430474,0.036086,-0.901818,0.000000,75.272827
401798,0.036400,0.450582,-0.061499,-0.010690,-0.430475,0.036119,-0.901816,0.000000,74.788055
401802,0.036402,0.450586,-0.061499,-0.010683,-0.430470,0.036153,-0.901817,0.000000,74.178658
401805,0.036399,0.450585,-0.061496,-0.010696,-0.430469,0.036121,-0.901819,0.000000,73.748474
401809,0.036400,0.450583,-0.061491,-0.010701,-0.430503,0.036110,-0.901803,0.000000,73.481369
401813,0.036398,0.450584,-0.061491,-0.010641,-0.430506,0.036061,-0.901804,-0.000343,73.042946
401815,0.036398,0.450583,-0.061489,-0.010740,-0.430483,0.036092,-0.901813,-0.000343,72.422562
401819,0.036393,0.450583,-0.061493,-0.010646,-0.430527,0.036045,-0.901795,-0.000343,71.973839
401823,0.036389,0.450584,-0.061496,-0.010735,-0.430514,0.036128,-0.901797,0.000000,71.709137
401827,0.036382,0.450584,-0.061501,-0.010643,-0.430502,0.035978,-0.901809,0.000000,71.250801
401830,0.036378,0.450586,-0.061501,-0.010633,-0.430494,0.036000,-0.901812,-0.000343,70.812721
401834,0.036380,0.450585,-0.061501,-0.010629,-0.430495,0.035992,-0.901813,0.000000,70.171394
401837,0.036381,0.450585,-0.061499,-0.010665,-0.430489,0.036009,-0.901814,0.000000,69.705162
401841,0.036388,0.450583,-0.061493,-0.010668,-0.430546,0.036000,-0.901788,-0.000343,69.429131
401844,0.036395,0.450583,-0.061488,-0.010734,-0.430523,0.036085,-0.901794,-0.000343,68.968048
401848,0.036395,0.450582,-0.061484,-0.010653,-0.430511,0.035921,-0.901807,0.000000,68.315392
401851,0.036400,0.450582,-0.061486,-0.010680,-0.430510,0.035926,-0.901807,-0.000343,68.037300
401855,0.036399,0.450582,-0.061487,-0.010768,-0.430483,0.035999,-0.901816,0.000000,67.568665
401858,0.036396,0.450582,-0.061490,-0.010693,-0.430508,0.035971,-0.901806,-0.000343,67.094536
401862,0.036395,0.450582,-0.061493,-0.010717,-0.430529,0.035971,-0.901796,-0.000343,66.643753
401866,0.036388,0.450582,-0.061496,-0.010689,-0.430541,0.035929,-0.901792,-0.000343,66.170311
401869,0.036385,0.450583,-0.061499,-0.010641,-0.430536,0.035907,-0.901796,-0.000343,65.683823
401873,0.036386,0.450582,-0.061500,-0.010715,-0.430539,0.035942,-0.901793,-0.000343,65.016060
401876,0.036382,0.450583,-0.061502,-0.010711,-0.430554,0.036002,-0.901783,0.000000,64.550858
401880,0.036376,0.450582,-0.061502,-0.010646,-0.430536,0.035854,-0.901798,0.000000,64.250450
401884,0.036377,0.450584,-0.061502,-0.010686,-0.430530,0.035973,-0.901796,-0.000343,63.779755
401887,0.036372,0.450582,-0.061500,-0.010689,-0.430503,0.035912,-0.901811,-0.000343,63.101692
401890,0.036373,0.450582,-0.061496,-0.010636,-0.430488,0.035885,-0.901820,-0.000343,62.620697
401894,0.036374,0.450581,-0.061492,-0.010649,-0.430564,0.035853,-0.901785,-0.000343,62.328873
401898,0.036378,0.450582,-0.061489,-0.010666,-0.430543,0.035824,-0.901796,0.000000,61.652184
401901,0.036380,0.450582,-0.061488,-0.010612,-0.430559,0.035774,-0.901791,-0.000343,61.162262
401905,0.036380,0.450581,-0.061485,-0.010738,-0.430520,0.035826,-0.901806,-0.000343,60.868721
401908,0.036379,0.450580,-0.061485,-0.010712,-0.430535,0.035811,-0.901800,-0.000343,60.386009
401912,0.036368,0.450581,-0.061489,-0.010674,-0.430522,0.035680,-0.901812,0.000000,59.885101
401915,0.036361,0.450579,-0.061491,-0.010631,-0.430558,0.035684,-0.901795,-0.000343,59.392433
401919,0.036356,0.450582,-0.061499,-0.010622,-0.430580,0.035669,-0.901785,-0.000343,58.918648
401922,0.036352,0.450583,-0.061502,-0.010595,-0.430560,0.035630,-0.901796,-0.000343,58.421173
401926,0.036357,0.450582,-0.061501,-0.010675,-0.430568,0.035632,-0.901791,0.000000,57.915459
401929,0.036358,0.450582,-0.061500,-0.010625,-0.430590,0.035635,-0.901781,-0.000343,57.219543
401933,0.036361,0.450578,-0.061492,-0.010575,-0.430540,0.035459,-0.901813,0.000000,56.987801
401937,0.036372,0.450580,-0.061484,-0.010668,-0.430555,0.035563,-0.901800,0.000000,56.244507
401940,0.036371,0.450578,-0.061478,-0.010655,-0.430533,0.035487,-0.901814,-0.000343,55.736732
401944,0.036372,0.450575,-0.061472,-0.010622,-0.430571,0.035352,-0.901801,-0.000343,55.449028
401948,0.036368,0.450578,-0.061474,-0.010664,-0.430576,0.035407,-0.901797,-0.000343,54.945717
401951,0.036362,0.450577,-0.061474,-0.010610,-0.430589,0.035278,-0.901796,0.000000,54.248428
401954,0.036352,0.450577,-0.061479,-0.010616,-0.430605,0.035201,-0.901791,-0.000343,53.746490
401958,0.036341,0.450576,-0.061485,-0.010599,-0.430632,0.035155,-0.901780,-0.000343,53.459816
401962,0.036330,0.450576,-0.061487,-0.010567,-0.430581,0.035023,-0.901810,0.000000,52.946892
401965,0.036323,0.450577,-0.061488,-0.010561,-0.430567,0.034896,-0.901822,-0.000343,52.247887
401969,0.036322,0.450574,-0.061484,-0.010647,-0.430590,0.034962,-0.901807,0.000000,51.962929
401972,0.036320,0.450573,-0.061481,-0.010586,-0.430609,0.034830,-0.901804,-0.000343,51.458931
401976,0.036320,0.450573,-0.061476,-0.010585,-0.430593,0.034669,-0.901818,-0.000343,50.952530
401979,0.036320,0.450570,-0.061468,-0.010599,-0.430604,0.034644,-0.901813,-0.000343,50.244598
401983,0.036316,0.450572,-0.061463,-0.010560,-0.430613,0.034532,-0.901814,-0.000343,49.952774
401986,0.036310,0.450569,-0.061459,-0.010537,-0.430619,0.034341,-0.901819,0.000000,49.497528
401990,0.036305,0.450569,-0.061456,-0.010577,-0.430613,0.034330,-0.901822,-0.000343,48.954048
401993,0.036297,0.450568,-0.061455,-0.010579,-0.430637,0.034247,-0.901813,-0.000343,48.461037
401997,0.036283,0.450568,-0.061454,-0.010478,-0.430620,0.033978,-0.901833,-0.000343,47.766838
402001,0.036273,0.450569,-0.061458,-0.010572,-0.430618,0.033944,-0.901834,-0.000343,47.260094
402004,0.036264,0.450567,-0.061456,-0.010521,-0.430670,0.033763,-0.901816,-0.000343,46.967583
402008,0.036253,0.450563,-0.061460,-0.010481,-0.430651,0.033551,-0.901834,0.000000,46.464272
402011,0.036246,0.450561,-0.061458,-0.010524,-0.430639,0.033416,-0.901844,0.000000,45.764236
402015,0.036239,0.450561,-0.061451,-0.010461,-0.430639,0.033216,-0.901852,0.000000,45.258522
402018,0.036235,0.450564,-0.061445,-0.010462,-0.430619,0.033026,-0.901869,0.000000,44.963264
402022,0.036230,0.450560,-0.061436,-0.010516,-0.430624,0.032917,-0.901870,-0.000343,44.455147
402025,0.036225,0.450561,-0.061434,-0.010488,-0.430621,0.032781,-0.901876,0.000000,43.756485
402029,0.036215,0.450559,-0.061428,-0.010426,-0.430623,0.032477,-0.901887,-0.000343,43.479080
402033,0.036209,0.450558,-0.061425,-0.010445,-0.430623,0.032392,-0.901890,0.000000,42.972679
402036,0.036197,0.450559,-0.061421,-0.010419,-0.430633,0.032184,-0.901893,0.000000,42.285004
402040,0.036181,0.450556,-0.061412,-0.010414,-0.430607,0.031905,-0.901915,-0.000343,42.054634
402043,0.036172,0.450555,-0.061409,-0.010439,-0.430619,0.031790,-0.901913,-0.000343,41.512871
402046,0.036159,0.450553,-0.061406,-0.010440,-0.430632,0.031618,-0.901913,-0.000343,41.000977
402050,0.036140,0.450551,-0.061402,-0.010356,-0.430648,0.031297,-0.901918,-0.000343,40.305405
402054,0.036123,0.450549,-0.061401,-0.010413,-0.430622,0.031113,-0.901936,-0.000343,39.818916
402057,0.036113,0.450548,-0.061398,-0.010422,-0.430620,0.030903,-0.901944,0.000000,39.526749
402061,0.036099,0.450547,-0.061395,-0.010403,-0.430654,0.030575,-0.901939,-0.000343,39.028587
402065,0.036084,0.450545,-0.061387,-0.010406,-0.430598,0.030313,-0.901975,0.000000,38.546562
402068,0.036075,0.450542,-0.061381,-0.010370,-0.430640,0.030076,-0.901963,0.000000,37.870903
402072,0.036064,0.450539,-0.061373,-0.010381,-0.430639,0.029813,-0.901972,-0.000343,37.570839
402075,0.036056,0.450537,-0.061365,-0.010402,-0.430616,0.029587,-0.901990,0.000000,37.109756
402079,0.036044,0.450535,-0.061354,-0.010321,-0.430643,0.029201,-0.901991,-0.000343,36.446114
402082,0.036033,0.450532,-0.061347,-0.010320,-0.430624,0.028930,-0.902009,-0.000343,36.198921
402086,0.036018,0.450528,-0.061339,-0.010406,-0.430637,0.028797,-0.902005,-0.000343,35.676727
402089,0.036002,0.450529,-0.061336,-0.010398,-0.430658,0.028525,-0.902004,-0.000343,34.986649
402093,0.035981,0.450524,-0.061335,-0.010358,-0.430647,0.028190,-0.902021,-0.000343,34.503937
402097,0.035958,0.450522,-0.061335,-0.010303,-0.430652,0.027900,-0.902028,0.000000,34.215202
402100,0.035943,0.450520,-0.061338,-0.010312,-0.430663,0.027708,-0.902028,-0.000343,33.742447
402103,0.035934,0.450519,-0.061337,-0.010310,-0.430671,0.027455,-0.902032,0.000000,33.084641
402107,0.035930,0.450516,-0.061333,-0.010383,-0.430674,0.027299,-0.902035,-0.000343,32.803116
402111,0.035929,0.450514,-0.061322,-0.010380,-0.430689,0.026932,-0.902039,-0.000343,32.343750
402114,0.035925,0.450509,-0.061310,-0.010348,-0.430660,0.026649,-0.902062,0.000000,31.702423
402118,0.035922,0.450504,-0.061293,-0.010404,-0.430672,0.026439,-0.902061,-0.000343,31.232071
402121,0.035916,0.450503,-0.061280,-0.010383,-0.430663,0.026103,-0.902076,0.000000,30.965309
402125,0.035897,0.450496,-0.061273,-0.010425,-0.430650,0.025785,-0.902090,-0.000343,30.490494
402128,0.035882,0.450495,-0.061272,-0.010382,-0.430669,0.025500,-0.902090,-0.000343,29.840240
402132,0.035855,0.450496,-0.061275,-0.010285,-0.430688,0.025085,-0.902094,-0.000343,29.384651
402135,0.035832,0.450495,-0.061278,-0.010302,-0.430701,0.024840,-0.902094,-0.000343,29.096603
402139,0.035802,0.450492,-0.061279,-0.010357,-0.430718,0.024599,-0.902092,0.000000,28.654404
402143,0.035773,0.450490,-0.061277,-0.010274,-0.430675,0.024137,-0.902126,-0.000343,28.032646
402146,0.035763,0.450486,-0.061273,-0.010275,-0.430727,0.023887,-0.902108,-0.000343,27.757645
402150,0.035756,0.450482,-0.061260,-0.010268,-0.430718,0.023572,-0.902120,-0.000343,27.149277
402153,0.035751,0.450478,-0.061251,-0.010304,-0.430677,0.023285,-0.902147,-0.000343,26.924744
402157,0.035750,0.450473,-0.061233,-0.010310,-0.430684,0.022927,-0.902153,0.000000,26.448555
402161,0.035737,0.450469,-0.061216,-0.010291,-0.430698,0.022473,-0.902158,-0.000343,26.009102
402164,0.035722,0.450465,-0.061206,-0.010308,-0.430701,0.022194,-0.902163,0.000000,25.382881
402167,0.035703,0.450462,-0.061195,-0.010280,-0.430695,0.021799,-0.902176,0.000000,24.935875
402171,0.035669,0.450457,-0.061187,-0.010291,-0.430724,0.021380,-0.902172,-0.000343,24.690742
402175,0.035627,0.450448,-0.061179,-0.010265,-0.430686,0.020709,-0.902206,-0.000343,24.257812
402178,0.035596,0.450446,-0.061176,-0.010251,-0.430687,0.020269,-0.902215,0.000000,23.670387
402182,0.035564,0.450441,-0.061172,-0.010198,-0.430756,0.019767,-0.902194,0.000000,23.413239
402185,0.035543,0.450438,-0.061165,-0.010236,-0.430707,0.019362,-0.902226,-0.000343,22.998848
402188,0.035526,0.450431,-0.061158,-0.010226,-0.430726,0.018954,-0.902226,-0.000343,22.583427
402192,0.035509,0.450424,-0.061142,-0.010278,-0.430758,0.018502,-0.902219,0.000000,21.998405
402196,0.035490,0.450420,-0.061123,-0.010277,-0.430750,0.017923,-0.902235,-0.000343,21.593971
402199,0.035477,0.450414,-0.061110,-0.010313,-0.430763,0.017550,-0.902236,0.000000,21.342659
402203,0.035459,0.450409,-0.061090,-0.010375,-0.430742,0.017062,-0.902254,0.000000,20.772057
402206,0.035439,0.450405,-0.061082,-0.010411,-0.430730,0.016677,-0.902267,-0.000343,20.377235
402210,0.035416,0.450399,-0.061073,-0.010358,-0.430757,0.016163,-0.902264,0.000000,20.140343
402214,0.035387,0.450398,-0.061066,-0.010319,-0.430827,0.015687,-0.902240,-0.000343,19.749298
402217,0.035366,0.450395,-0.061062,-0.010310,-0.430769,0.015337,-0.902273,-0.000343,19.357567
402221,0.035346,0.450391,-0.061053,-0.010339,-0.430815,0.014977,-0.902257,-0.000343,18.979912
402224,0.035326,0.450387,-0.061047,-0.010361,-0.430776,0.014667,-0.902280,0.000000,18.576851
402228,0.035299,0.450379,-0.061036,-0.010292,-0.430792,0.014133,-0.902282,0.000000,18.032684
402231,0.035288,0.450377,-0.061027,-0.010358,-0.430779,0.013829,-0.902292,0.000000,17.650909
402235,0.035271,0.450372,-0.061017,-0.010361,-0.430778,0.013459,-0.902298,0.000000,17.424316
402238,0.035262,0.450370,-0.061010,-0.010347,-0.430824,0.013207,-0.902280,0.000000,17.060738
402242,0.035248,0.450365,-0.061005,-0.010317,-0.430819,0.012877,-0.902287,0.000000,16.555367
402246,0.035233,0.450362,-0.061001,-0.010322,-0.430803,0.012556,-0.902300,0.000000,16.344910
402249,0.035225,0.450359,-0.060998,-0.010303,-0.430822,0.012379,-0.902293,0.000000,15.841255
402253,0.035213,0.450355,-0.060990,-0.010342,-0.430813,0.012119,-0.902301,0.000000,15.620155
402256,0.035206,0.450353,-0.060983,-0.010416,-0.430776,0.011943,-0.902320,0.000000,15.259666
402259,0.035197,0.450351,-0.060977,-0.010350,-0.430793,0.011725,-0.902315,0.000000,14.908104
402264,0.035181,0.450347,-0.060967,-0.010378,-0.430834,0.011492,-0.902298,-0.000343,14.569244
402267,0.035171,0.450345,-0.060966,-0.010375,-0.430822,0.011288,-0.902307,0.000000,14.095802
402270,0.035155,0.450342,-0.060965,-0.010333,-0.430815,0.011088,-0.902313,-0.000343,13.898048
402274,0.035141,0.450338,-0.060967,-0.010348,-0.430838,0.010870,-0.902305,0.000000,13.564682
402278,0.035126,0.450336,-0.060967,-0.010306,-0.430829,0.010586,-0.902313,-0.000343,13.237495
402281,0.035118,0.450335,-0.060965,-0.010269,-0.430860,0.010411,-0.902300,0.000000,12.770233
402285,0.035110,0.450329,-0.060959,-0.010370,-0.430837,0.010256,-0.902312,0.000000,12.569046
402288,0.035108,0.450327,-0.060949,-0.010389,-0.430839,0.010071,-0.902313,0.000000,12.244949
402292,0.035100,0.450322,-0.060936,-0.010319,-0.430862,0.009731,-0.902307,-0.000343,11.980934
402295,0.035099,0.450320,-0.060926,-0.010396,-0.430838,0.009590,-0.902319,0.000000,11.651001
402299,0.035089,0.450317,-0.060917,-0.010352,-0.430856,0.009343,-0.902313,0.000000,11.347160
402302,0.035080,0.450315,-0.060915,-0.010315,-0.430895,0.009218,-0.902296,0.000000,10.911484
402306,0.035065,0.450311,-0.060915,-0.010388,-0.430868,0.008991,-0.902311,0.000000,10.739479
402309,0.035051,0.450313,-0.060916,-0.010400,-0.430850,0.008917,-0.902320,0.000000,10.443535
402313,0.035028,0.450309,-0.060918,-0.010318,-0.430872,0.008565,-0.902313,0.000000,10.156517
402317,0.035019,0.450309,-0.060921,-0.010330,-0.430885,0.008461,-0.902308,0.000000,9.877396
402320,0.035044,0.450290,-0.060913,-0.010937,-0.430923,0.008999,-0.902277,0.000000,9.500771
402324,0.035042,0.450288,-0.060907,-0.010882,-0.430954,0.008770,-0.902266,0.000000,9.352112
402327,0.035042,0.450284,-0.060900,-0.010987,-0.430931,0.008674,-0.902276,0.000000,9.084663
402330,0.035044,0.450281,-0.060892,-0.010973,-0.430947,0.008567,-0.902270,0.000343,8.804169
402334,0.035039,0.450280,-0.060887,-0.010951,-0.430969,0.008321,-0.902262,0.000000,8.448486
402338,0.035033,0.450276,-0.060877,-0.011003,-0.430971,0.008160,-0.902262,0.000000,8.190651
402341,0.035025,0.450276,-0.060875,-0.011034,-0.430952,0.008056,-0.902272,0.000000,8.056412
402345,0.035006,0.450274,-0.060871,-0.010943,-0.430972,0.007727,-0.902266,0.000000,7.711372
402349,0.034993,0.450272,-0.060867,-0.011006,-0.430990,0.007611,-0.902258,0.000000,7.567520
402352,0.034979,0.450273,-0.060870,-0.010946,-0.430983,0.007419,-0.902263,0.000000,7.248230
402356,0.034968,0.450269,-0.060866,-0.010959,-0.431026,0.007188,-0.902245,0.000000,7.110214
402359,0.034960,0.450269,-0.060864,-0.010970,-0.431001,0.007024,-0.902257,0.000000,6.801567
402363,0.034948,0.450266,-0.060861,-0.010947,-0.430991,0.006839,-0.902264,0.000000,6.590424
402366,0.034943,0.450265,-0.060856,-0.010974,-0.430992,0.006690,-0.902264,0.000000,6.482277
402370,0.034939,0.450263,-0.060850,-0.010992,-0.431004,0.006575,-0.902259,0.000000,6.257057
402373,0.034938,0.450263,-0.060847,-0.011060,-0.430985,0.006535,-0.902268,0.000000,5.967636
402377,0.034931,0.450259,-0.060840,-0.010952,-0.431041,0.006235,-0.902244,0.000000,5.841980
402380,0.034932,0.450262,-0.060840,-0.011050,-0.430985,0.006171,-0.902271,0.000000,5.646629
402384,0.034926,0.450258,-0.060838,-0.011026,-0.431030,0.006022,-0.902250,0.000000,5.450249
402388,0.034922,0.450254,-0.060833,-0.010967,-0.431055,0.005881,-0.902240,0.000000,5.190353
402391,0.034915,0.450253,-0.060830,-0.010975,-0.431084,0.005809,-0.902226,0.000000,5.084267
402395,0.034906,0.450252,-0.060827,-0.010931,-0.431076,0.005637,-0.902232,0.000000,4.910889
402398,0.034900,0.450254,-0.060825,-0.011055,-0.431029,0.005590,-0.902253,0.000000,4.748497
402402,0.034895,0.450248,-0.060819,-0.010988,-0.431054,0.005505,-0.902242,0.000000,4.586792
402405,0.034889,0.450249,-0.060820,-0.010975,-0.431035,0.005388,-0.902253,0.000000,4.416161
402409,0.034882,0.450245,-0.060818,-0.010975,-0.431069,0.005253,-0.902237,0.000000,4.248962
402412,0.034878,0.450245,-0.060819,-0.011002,-0.431089,0.005214,-0.902227,0.000343,4.027863
402416,0.034868,0.450246,-0.060820,-0.010989,-0.431070,0.005071,-0.902237,0.000000,3.862381
402419,0.034866,0.450246,-0.060820,-0.010958,-0.431074,0.004963,-0.902236,0.000000,3.763847
402423,0.034864,0.450243,-0.060820,-0.011038,-0.431059,0.004932,-0.902243,0.000000,3.611069
402427,0.034861,0.450241,-0.060816,-0.010969,-0.431065,0.004831,-0.902241,0.000343,3.433228
402430,0.034862,0.450240,-0.060810,-0.010964,-0.431077,0.004711,-0.902236,0.000000,3.305855
402434,0.034866,0.450239,-0.060801,-0.011035,-0.431073,0.004771,-0.902237,0.000000,3.191185
402437,0.034865,0.450245,-0.060800,-0.011058,-0.431077,0.004708,-0.902235,0.000000,3.112907
402441,0.034858,0.450236,-0.060798,-0.011004,-0.431112,0.004589,-0.902219,0.000000,2.968369
402444,0.034851,0.450237,-0.060800,-0.011015,-0.431101,0.004561,-0.902225,0.000343,2.792244
402448,0.034837,0.450236,-0.060803,-0.010978,-0.431071,0.004421,-0.902240,0.000000,2.710533
402451,0.034832,0.450237,-0.060804,-0.010958,-0.431101,0.004346,-0.902227,0.000000,2.540932
402455,0.034823,0.450236,-0.060807,-0.010962,-0.431105,0.004365,-0.902225,0.000343,2.432442
402459,0.034824,0.450241,-0.060805,-0.011007,-0.431090,0.004301,-0.902232,0.000343,2.374763
402462,0.034823,0.450236,-0.060800,-0.010928,-0.431132,0.004199,-0.902213,0.000000,2.269707
402466,0.034826,0.450234,-0.060794,-0.011008,-0.431111,0.004222,-0.902222,0.000000,2.182503
402469,0.034830,0.450232,-0.060793,-0.010976,-0.431124,0.004108,-0.902216,0.000000,2.040367
402472,0.034834,0.450234,-0.060792,-0.010963,-0.431136,0.004130,-0.902211,0.000343,1.932564
402476,0.034834,0.450235,-0.060790,-0.011090,-0.431123,0.004090,-0.902216,0.000000,1.892738
402480,0.034827,0.450236,-0.060792,-0.011006,-0.431116,0.004022,-0.902220,0.000000,1.774292
402483,0.034818,0.450231,-0.060792,-0.010935,-0.431130,0.003913,-0.902215,0.000000,1.648979
402487,0.034819,0.450235,-0.060794,-0.011055,-0.431123,0.004053,-0.902216,0.000343,1.604347
402490,0.034817,0.450237,-0.060794,-0.010998,-0.431110,0.003933,-0.902224,0.000343,1.523666
402494,0.034816,0.450236,-0.060792,-0.011029,-0.431117,0.003868,-0.902221,0.000343,1.451912
402498,0.034813,0.450231,-0.060788,-0.010968,-0.431115,0.003922,-0.902222,0.000343,1.339989
402501,0.034811,0.450230,-0.060787,-0.010938,-0.431135,0.003829,-0.902213,0.000000,1.296387
402505,0.034816,0.450234,-0.060787,-0.011062,-0.431127,0.003884,-0.902215,0.000343,1.187553
402508,0.034815,0.450233,-0.060788,-0.011084,-0.431122,0.003840,-0.902218,0.000000,1.152534
402512,0.034812,0.450236,-0.060790,-0.010995,-0.431117,0.003763,-0.902221,0.000343,1.094170
402515,0.034812,0.450234,-0.060790,-0.010999,-0.431138,0.003685,-0.902212,0.000000,1.013489
402519,0.034810,0.450230,-0.060785,-0.011003,-0.431145,0.003768,-0.902207,0.000343,0.988426
402523,0.034810,0.450234,-0.060783,-0.011080,-0.431138,0.003709,-0.902211,0.000343,0.924225
402526,0.034811,0.450234,-0.060780,-0.011072,-0.431176,0.003728,-0.902192,0.000343,0.865173
402529,0.034807,0.450228,-0.060777,-0.010961,-0.431161,0.003640,-0.902201,0.000343,0.768013
402533,0.034805,0.450233,-0.060777,-0.011062,-0.431112,0.003641,-0.902223,0.000343,0.736427
402537,0.034800,0.450228,-0.060778,-0.011004,-0.431138,0.003640,-0.902212,0.000343,0.674973
402540,0.034795,0.450229,-0.060778,-0.010997,-0.431129,0.003585,-0.902216,0.000343,0.631027
402543,0.034796,0.450234,-0.060782,-0.011055,-0.431132,0.003596,-0.902214,0.000343,0.595665
402547,0.034794,0.450235,-0.060785,-0.010969,-0.431142,0.003505,-0.902210,0.000343,0.551376
402551,0.034798,0.450232,-0.060785,-0.011066,-0.431127,0.003598,-0.902216,0.000343,0.522194
402554,0.034802,0.450233,-0.060785,-0.011040,-0.431124,0.003519,-0.902218,0.000343,0.508804
402558,0.034805,0.450231,-0.060782,-0.011059,-0.431128,0.003514,-0.902216,0.000343,0.467262
402562,0.034808,0.450231,-0.060778,-0.011048,-0.431106,0.003514,-0.902227,0.000343,0.424690
402565,0.034804,0.450225,-0.060775,-0.010971,-0.431143,0.003448,-0.902210,0.000343,0.382805
402569,0.034802,0.450225,-0.060771,-0.010986,-0.431152,0.003463,-0.902206,0.000000,0.346069
402572,0.034796,0.450225,-0.060773,-0.011045,-0.431129,0.003445,-0.902216,0.000343,0.288734
402576,0.034791,0.450233,-0.060777,-0.010990,-0.431148,0.003391,-0.902208,0.000343,0.274315
402579,0.034785,0.450234,-0.060778,-0.011017,-0.431153,0.003394,-0.902205,0.000343,0.238609
402583,0.034776,0.450226,-0.060778,-0.010996,-0.431165,0.003419,-0.902200,0.000343,0.229340
402587,0.034774,0.450226,-0.060780,-0.010961,-0.431154,0.003309,-0.902206,0.000343,0.215950
402590,0.034782,0.450232,-0.060778,-0.011061,-0.431106,0.003388,-0.902227,0.000343,0.205307
402593,0.034783,0.450232,-0.060778,-0.011063,-0.431123,0.003360,-0.902219,0.000343,0.189171
402597,0.034788,0.450225,-0.060772,-0.010954,-0.431141,0.003309,-0.902212,0.000343,0.176811
402600,0.034791,0.450226,-0.060770,-0.010951,-0.431168,0.003264,-0.902199,0.000343,0.146599
402604,0.034798,0.450231,-0.060770,-0.011134,-0.431112,0.003400,-0.902223,0.000343,0.111580
402608,0.034794,0.450230,-0.060772,-0.011051,-0.431141,0.003300,-0.902211,0.000000,0.099564
402611,0.034790,0.450229,-0.060774,-0.011074,-0.431136,0.003313,-0.902213,0.000343,0.085487
402614,0.034779,0.450222,-0.060775,-0.010998,-0.431169,0.003258,-0.902198,0.000343,0.073814
402618,0.034773,0.450233,-0.060780,-0.011052,-0.431141,0.003338,-0.902211,0.000343,0.066605
402622,0.034763,0.450225,-0.060781,-0.010996,-0.431144,0.003287,-0.902210,0.000343,0.061455
402625,0.034764,0.450230,-0.060780,-0.011078,-0.431116,0.003321,-0.902222,0.000343,0.057335
402629,0.034763,0.450233,-0.060774,-0.011004,-0.431154,0.003285,-0.902205,0.000343,0.055618
402632,0.034766,0.450224,-0.060769,-0.010919,-0.431167,0.003183,-0.902200,0.000343,0.048065
402636,0.034786,0.450227,-0.060773,-0.011120,-0.431106,0.003322,-0.902227,0.000343,0.041542
402640,0.034799,0.450229,-0.060777,-0.011036,-0.431110,0.003233,-0.902226,0.000343,0.023689
402643,0.034807,0.450227,-0.060779,-0.011099,-0.431092,0.003276,-0.902234,0.000343,0.012016
402647,0.034792,0.450223,-0.060770,-0.010992,-0.431125,0.003250,-0.902220,0.000343,0.000687
402650,0.034783,0.450227,-0.060767,-0.011049,-0.431143,0.003264,-0.902210,0.000343,-0.006180
402654,0.034763,0.450220,-0.060762,-0.011024,-0.431194,0.003203,-0.902186,0.000343,-0.006866
402657,0.034758,0.450225,-0.060767,-0.011023,-0.431191,0.003245,-0.902188,0.000343,-0.006866
402661,0.034753,0.450233,-0.060775,-0.010992,-0.431173,0.003212,-0.902196,0.000343,-0.006866
402664,0.034748,0.450227,-0.060774,-0.010903,-0.431186,0.003175,-0.902192,0.000343,-0.006523
402668,0.034752,0.450232,-0.060765,-0.011098,-0.431114,0.003260,-0.902223,0.000343,-0.006523
402672,0.034752,0.450229,-0.060752,-0.011010,-0.431178,0.003161,-0.902194,0.000343,-0.006866
402675,0.034759,0.450223,-0.060746,-0.011046,-0.431174,0.003190,-0.902196,0.000343,-0.006866
402679,0.034778,0.450228,-0.060752,-0.011033,-0.431148,0.003197,-0.902208,0.000000,-0.006523
402682,0.034787,0.450226,-0.060760,-0.010965,-0.431141,0.003211,-0.902212,0.000343,-0.006523
402686,0.034797,0.450225,-0.060772,-0.010980,-0.431161,0.003237,-0.902203,0.000343,-0.006523
402689,0.034799,0.450231,-0.060773,-0.011101,-0.431096,0.003240,-0.902232,0.000343,-0.006523
402693,0.034782,0.450225,-0.060765,-0.010961,-0.431181,0.003129,-0.902194,0.000343,-0.006523
402696,0.034779,0.450231,-0.060758,-0.011045,-0.431182,0.003195,-0.902192,0.000343,-0.006523
402700,0.034768,0.450224,-0.060746,-0.011045,-0.431188,0.003185,-0.902189,0.000343,-0.006180
402703,0.034767,0.450230,-0.060747,-0.011082,-0.431145,0.003187,-0.902209,0.000343,-0.006180
402707,0.034760,0.450225,-0.060741,-0.011037,-0.431177,0.003170,-0.902194,0.000343,-0.006180
402711,0.034755,0.450227,-0.060746,-0.010957,-0.431212,0.003102,-0.902179,0.000343,-0.005836
402714,0.034757,0.450234,-0.060755,-0.010995,-0.431168,0.003158,-0.902199,0.000000,-0.005150
402718,0.034759,0.450232,-0.060765,-0.011070,-0.431167,0.003166,-0.902199,0.000343,-0.004807
402721,0.034766,0.450227,-0.060775,-0.011012,-0.431143,0.003173,-0.902211,0.000343,-0.004463
402725,0.034774,0.450228,-0.060780,-0.010925,-0.431150,0.003072,-0.902209,0.000343,-0.003777
402728,0.034791,0.450233,-0.060779,-0.011065,-0.431085,0.003128,-0.902238,0.000343,-0.002403
402732,0.034799,0.450231,-0.060766,-0.011099,-0.431113,0.003205,-0.902224,0.000000,-0.002060
402736,0.034801,0.450224,-0.060750,-0.010972,-0.431174,0.003072,-0.902197,0.000343,-0.000687
402739,0.034802,0.450221,-0.060742,-0.011031,-0.431184,0.003156,-0.902191,0.000343,0.001030
402743,0.034795,0.450229,-0.060747,-0.011066,-0.431153,0.003107,-0.902206,0.000343,0.002060
402746,0.034784,0.450226,-0.060750,-0.010977,-0.431191,0.003111,-0.902189,0.000343,0.002747
402750,0.034770,0.450233,-0.060759,-0.011099,-0.431146,0.003126,-0.902208,0.000343,0.003090
402753,0.034760,0.450234,-0.060763,-0.011139,-0.431138,0.003169,-0.902212,0.000000,0.003433
402756,0.034755,0.450229,-0.060765,-0.010971,-0.431183,0.003098,-0.902193,0.000343,0.003433
402760,0.034767,0.450235,-0.060771,-0.011011,-0.431143,0.003096,-0.902211,0.000000,0.003777
402764,0.034788,0.450229,-0.060769,-0.010971,-0.431164,0.003116,-0.902202,0.000343,0.003777
402767,0.034811,0.450233,-0.060769,-0.011051,-0.431084,0.003137,-0.902238,0.000343,0.003777
402771,0.034825,0.450226,-0.060759,-0.011021,-0.431123,0.003146,-0.902220,0.000343,0.004120
402775,0.034832,0.450228,-0.060752,-0.011054,-0.431118,0.003108,-0.902222,0.000343,0.003777
402778,0.034828,0.450228,-0.060755,-0.011090,-0.431115,0.003128,-0.902223,0.000343,0.003777
402782,0.034811,0.450225,-0.060765,-0.011037,-0.431146,0.003079,-0.902209,0.000343,0.003777
402785,0.034802,0.450231,-0.060779,-0.011134,-0.431093,0.003122,-0.902233,0.000343,0.004120
402789,0.034782,0.450235,-0.060792,-0.010992,-0.431138,0.003046,-0.902214,0.000343,0.003777
402792,0.034772,0.450229,-0.060792,-0.010948,-0.431147,0.003039,-0.902210,0.000343,0.003777
402796,0.034767,0.450229,-0.060785,-0.010943,-0.431196,0.003041,-0.902187,0.000343,0.003777
402799,0.034772,0.450235,-0.060778,-0.010997,-0.431122,0.003045,-0.902221,0.000000,0.003777
402803,0.034792,0.450225,-0.060773,-0.011008,-0.431173,0.003077,-0.902197,0.000343,0.004120
402807,0.034810,0.450225,-0.060773,-0.010940,-0.431141,0.003053,-0.902213,0.000000,0.003777
402810,0.034824,0.450225,-0.060774,-0.010950,-0.431127,0.003022,-0.902220,0.000343,0.003777
402814,0.034839,0.450230,-0.060779,-0.011087,-0.431094,0.003131,-0.902233,0.000343,0.003777
402817,0.034838,0.450229,-0.060778,-0.011082,-0.431070,0.003086,-0.902245,0.000343,0.003777
402821,0.034835,0.450227,-0.060775,-0.010935,-0.431149,0.003004,-0.902210,0.000000,0.003777
402824,0.034830,0.450226,-0.060774,-0.011045,-0.431111,0.003033,-0.902226,0.000343,0.003777
402828,0.034828,0.450231,-0.060771,-0.011054,-0.431121,0.003059,-0.902221,0.000343,0.003777
402831,0.034823,0.450231,-0.060771,-0.011035,-0.431126,0.003068,-0.902219,0.000000,0.003777
402835,0.034813,0.450228,-0.060766,-0.011149,-0.431116,0.003054,-0.902223,0.000343,0.003777
402839,0.034800,0.450226,-0.060769,-0.011015,-0.431155,0.003033,-0.902206,0.000000,0.003777
402842,0.034787,0.450225,-0.060776,-0.010930,-0.431152,0.002936,-0.902208,0.000343,0.003777
402845,0.034782,0.450232,-0.060786,-0.011059,-0.431097,0.003049,-0.902233,0.000343,0.003777
402849,0.034781,0.450228,-0.060799,-0.010979,-0.431125,0.003024,-0.902220,0.000343,0.003433
402853,0.034791,0.450234,-0.060803,-0.010970,-0.431121,0.002995,-0.902222,0.000000,0.003433
402856,0.034804,0.450234,-0.060793,-0.010999,-0.431109,0.003035,-0.902228,0.000343,0.003777
402860,0.034823,0.450227,-0.060776,-0.010965,-0.431117,0.002991,-0.902225,0.000343,0.003777
402863,0.034841,0.450223,-0.060765,-0.010970,-0.431135,0.002998,-0.902216,0.000000,0.003433
402867,0.034862,0.450224,-0.060758,-0.011176,-0.431099,0.003103,-0.902230,0.000343,0.003433
402870,0.034861,0.450219,-0.060758,-0.011098,-0.431073,0.003084,-0.902244,0.000343,0.003433
402874,0.034846,0.450227,-0.060767,-0.011048,-0.431123,0.003015,-0.902220,0.000000,0.003433
402878,0.034817,0.450225,-0.060779,-0.011024,-0.431137,0.003069,-0.902214,0.000000,0.003433
402881,0.034792,0.450232,-0.060792,-0.011013,-0.431130,0.003030,-0.902217,0.000000,0.003090
402885,0.034769,0.450226,-0.060800,-0.010972,-0.431175,0.002944,-0.902197,0.000000,0.003433
402888,0.034766,0.450228,-0.060803,-0.010965,-0.431162,0.002978,-0.902203,0.000000,0.003090
402892,0.034777,0.450234,-0.060798,-0.011007,-0.431106,0.002993,-0.902229,0.000343,0.003433
402895,0.034796,0.450231,-0.060789,-0.011009,-0.431103,0.002954,-0.902231,0.000343,0.003090
402899,0.034822,0.450229,-0.060770,-0.011098,-0.431081,0.003073,-0.902240,0.000000,0.003090
402902,0.034836,0.450226,-0.060757,-0.011121,-0.431085,0.003064,-0.902238,0.000343,0.002747
402906,0.034844,0.450227,-0.060752,-0.011085,-0.431111,0.003036,-0.902225,0.000343,0.002747
402909,0.034836,0.450222,-0.060756,-0.011020,-0.431137,0.003016,-0.902214,0.000000,0.002747
402913,0.034821,0.450223,-0.060772,-0.011007,-0.431144,0.002995,-0.902211,0.000000,0.002747
402917,0.034803,0.450231,-0.060794,-0.011068,-0.431108,0.003030,-0.902228,0.000000,0.002747
402920,0.034784,0.450227,-0.060805,-0.010987,-0.431152,0.002988,-0.902207,0.000000,0.002403
402924,0.034775,0.450233,-0.060815,-0.011032,-0.431089,0.002982,-0.902237,0.000000,0.002403
402927,0.034766,0.450229,-0.060812,-0.010927,-0.431112,0.002879,-0.902228,0.000000,0.002403
402931,0.034779,0.450232,-0.060802,-0.011069,-0.431093,0.003021,-0.902235,0.000000,0.002747
402934,0.034787,0.450225,-0.060786,-0.010983,-0.431122,0.003004,-0.902222,0.000343,0.002060
402938,0.034801,0.450223,-0.060770,-0.010976,-0.431107,0.002960,-0.902229,0.000000,0.002060
402942,0.034817,0.450223,-0.060758,-0.011057,-0.431123,0.003087,-0.902220,0.000343,0.002403
402945,0.034817,0.450223,-0.060752,-0.011019,-0.431124,0.003030,-0.902220,0.000343,0.002060
402949,0.034818,0.450227,-0.060756,-0.011089,-0.431103,0.003047,-0.902230,0.000000,0.002060
402952,0.034814,0.450226,-0.060763,-0.011144,-0.431123,0.003036,-0.902219,0.000000,0.001717
402956,0.034798,0.450225,-0.060775,-0.010991,-0.431134,0.003028,-0.902216,0.000000,0.001717
402959,0.034793,0.450230,-0.060784,-0.010989,-0.431125,0.002964,-0.902221,0.000000,0.001717
402963,0.034783,0.450232,-0.060792,-0.011076,-0.431111,0.003057,-0.902226,0.000000,0.001373
402966,0.034773,0.450230,-0.060792,-0.011043,-0.431099,0.002998,-0.902232,0.000000,0.001373
402970,0.034771,0.450225,-0.060787,-0.010960,-0.431145,0.002921,-0.902211,0.000000,0.001030
402973,0.034775,0.450229,-0.060789,-0.011051,-0.431113,0.002988,-0.902225,0.000000,0.001030
402977,0.034784,0.450230,-0.060786,-0.011068,-0.431081,0.003025,-0.902240,0.000000,0.001030
402980,0.034794,0.450232,-0.060785,-0.011022,-0.431110,0.002938,-0.902227,0.000343,0.000687
402984,0.034804,0.450229,-0.060778,-0.011105,-0.431088,0.003028,-0.902237,0.000000,0.000343
402987,0.034808,0.450227,-0.060771,-0.011130,-0.431099,0.003008,-0.902231,0.000000,0.000000
402991,0.034804,0.450224,-0.060762,-0.010964,-0.431145,0.002930,-0.902211,0.000000,0.000000
402995,0.034803,0.450223,-0.060761,-0.011084,-0.431111,0.003039,-0.902226,0.000343,-0.000343
402998,0.034801,0.450222,-0.060763,-0.011017,-0.431177,0.003002,-0.902195,0.000000,-0.000343
403002,0.034798,0.450230,-0.060775,-0.011087,-0.431124,0.002996,-0.902219,0.000000,-0.000343
403005,0.034793,0.450224,-0.060777,-0.011002,-0.431137,0.002947,-0.902215,0.000000,-0.000687
403009,0.034788,0.450231,-0.060778,-0.011049,-0.431106,0.002998,-0.902229,0.000000,-0.000687
403012,0.034781,0.450230,-0.060772,-0.011030,-0.431100,0.002910,-0.902232,0.000000,-0.001030
403016,0.034784,0.450229,-0.060764,-0.011101,-0.431112,0.003038,-0.902225,0.000000,-0.001030
403020,0.034789,0.450231,-0.060757,-0.011024,-0.431121,0.002984,-0.902222,0.000000,-0.001030
403023,0.034793,0.450224,-0.060753,-0.010941,-0.431172,0.002944,-0.902199,0.000000,-0.001030
403027,0.034805,0.450223,-0.060755,-0.011070,-0.431124,0.003084,-0.902220,0.000343,-0.001030
403030,0.034807,0.450227,-0.060760,-0.011080,-0.431100,0.003021,-0.902231,0.000000,-0.001373
403034,0.034802,0.450222,-0.060766,-0.011039,-0.431137,0.003034,-0.902214,0.000000,-0.001373
403037,0.034796,0.450221,-0.060769,-0.011036,-0.431136,0.002972,-0.902215,0.000000,-0.001373
403041,0.034783,0.450224,-0.060773,-0.010948,-0.431146,0.002987,-0.902211,0.000000,-0.001373
403044,0.034777,0.450230,-0.060776,-0.011029,-0.431127,0.002948,-0.902219,0.000000,-0.001373
403048,0.034769,0.450231,-0.060775,-0.011108,-0.431119,0.003052,-0.902222,0.000000,-0.001373
403052,0.034766,0.450231,-0.060771,-0.011052,-0.431150,0.002971,-0.902208,0.000343,-0.001373
403055,0.034765,0.450225,-0.060767,-0.010975,-0.431165,0.002969,-0.902201,0.000000,-0.001373
403058,0.034766,0.450225,-0.060764,-0.010953,-0.431174,0.002940,-0.902198,0.000000,-0.001373
403062,0.034772,0.450222,-0.060762,-0.011015,-0.431132,0.002993,-0.902217,0.000000,-0.001373
403066,0.034772,0.450230,-0.060762,-0.011067,-0.431113,0.003049,-0.902225,0.000000,-0.001373
403069,0.034771,0.450231,-0.060763,-0.011104,-0.431103,0.003027,-0.902229,0.000000,-0.001373
403073,0.034768,0.450232,-0.060764,-0.011023,-0.431156,0.003039,-0.902205,0.000000,-0.001373
403076,0.034762,0.450224,-0.060761,-0.010939,-0.431187,0.002939,-0.902191,0.000000,-0.001717
403080,0.034771,0.450230,-0.060755,-0.011123,-0.431144,0.003115,-0.902209,0.000000,-0.001373
403083,0.034772,0.450226,-0.060749,-0.010988,-0.431192,0.003035,-0.902188,0.000000,-0.001373
403087,0.034779,0.450230,-0.060742,-0.011106,-0.431146,0.003006,-0.902209,0.000000,-0.001373
403091,0.034778,0.450223,-0.060733,-0.011060,-0.431175,0.003036,-0.902196,0.000000,-0.001373
403094,0.034775,0.450223,-0.060734,-0.011014,-0.431167,0.003005,-0.902200,0.000000,-0.001373
403098,0.034774,0.450228,-0.060744,-0.011131,-0.431133,0.003041,-0.902214,0.000000,-0.001373
403101,0.034765,0.450225,-0.060754,-0.011043,-0.431143,0.003034,-0.902211,-0.000343,-0.001373
403105,0.034758,0.450228,-0.060768,-0.010919,-0.431185,0.002970,-0.902193,0.000000,-0.001373
403109,0.034758,0.450227,-0.060773,-0.010999,-0.431163,0.002973,-0.902202,0.000000,-0.001373
403111,0.034760,0.450234,-0.060773,-0.010993,-0.431146,0.002913,-0.902211,0.000000,-0.001373
403115,0.034767,0.450231,-0.060765,-0.011063,-0.431130,0.003022,-0.902217,0.000000,-0.001373
403119,0.034782,0.450231,-0.060753,-0.011103,-0.431112,0.003013,-0.902225,0.000000,-0.001373
403122,0.034790,0.450224,-0.060741,-0.011026,-0.431143,0.002979,-0.902211,0.000000,-0.001373
403126,0.034804,0.450230,-0.060736,-0.011090,-0.431101,0.003031,-0.902231,0.000000,-0.001373
403129,0.034805,0.450229,-0.060733,-0.011066,-0.431121,0.002954,-0.902222,0.000000,-0.001373
403133,0.034799,0.450224,-0.060735,-0.011038,-0.431145,0.003068,-0.902210,0.000000,-0.001373
403137,0.034786,0.450226,-0.060743,-0.011004,-0.431172,0.002934,-0.902198,0.000000,-0.001373
403140,0.034778,0.450233,-0.060755,-0.011007,-0.431146,0.002957,-0.902210,0.000000,-0.001373
403144,0.034773,0.450233,-0.060761,-0.011088,-0.431133,0.003034,-0.902215,0.000000,-0.001373
403147,0.034769,0.450234,-0.060764,-0.011051,-0.431113,0.003007,-0.902225,0.000000,-0.001373
403151,0.034770,0.450233,-0.060760,-0.011064,-0.431113,0.002996,-0.902225,0.000000,-0.001373
403154,0.034777,0.450231,-0.060752,-0.011118,-0.431120,0.003007,-0.902221,-0.000343,-0.001373
403158,0.034780,0.450225,-0.060743,-0.010994,-0.431161,0.003017,-0.902203,0.000000,-0.001373
403162,0.034787,0.450229,-0.060738,-0.011095,-0.431149,0.003032,-0.902207,0.000000,-0.001373
403165,0.034786,0.450221,-0.060737,-0.011044,-0.431170,0.003047,-0.902198,-0.000343,-0.001373
403169,0.034782,0.450231,-0.060746,-0.011064,-0.431147,0.002969,-0.902209,-0.000343,-0.001373
403172,0.034778,0.450231,-0.060756,-0.011069,-0.431158,0.002979,-0.902204,0.000000,-0.001373
403176,0.034774,0.450231,-0.060767,-0.011084,-0.431123,0.002998,-0.902220,-0.000343,-0.001373
403179,0.034773,0.450234,-0.060773,-0.011068,-0.431092,0.002996,-0.902235,-0.000343,-0.001373
403182,0.034769,0.450227,-0.060772,-0.010964,-0.431134,0.002883,-0.902216,-0.000343,-0.001373
403186,0.034775,0.450226,-0.060763,-0.010988,-0.431141,0.003006,-0.902213,0.000000,-0.001373
403190,0.034782,0.450230,-0.060750,-0.011064,-0.431133,0.003009,-0.902216,0.000000,-0.001373
403193,0.034785,0.450225,-0.060736,-0.010958,-0.431183,0.002975,-0.902193,0.000000,-0.001373
403197,0.034789,0.450222,-0.060729,-0.011070,-0.431149,0.003025,-0.902208,0.000000,-0.001373
403201,0.034790,0.450223,-0.060731,-0.010973,-0.431161,0.002939,-0.902204,-0.000343,-0.001373
403204,0.034792,0.450230,-0.060742,-0.011085,-0.431141,0.003020,-0.902212,0.000000,-0.001373
403208,0.034784,0.450230,-0.060752,-0.011082,-0.431142,0.003025,-0.902211,0.000000,-0.001373
403211,0.034779,0.450231,-0.060759,-0.011059,-0.431119,0.003011,-0.902222,0.000000,-0.001373
403215,0.034767,0.450226,-0.060763,-0.011017,-0.431173,0.002962,-0.902197,-0.000343,-0.001030
403218,0.034771,0.450231,-0.060768,-0.011049,-0.431140,0.003015,-0.902212,0.000000,-0.001373
403222,0.034773,0.450225,-0.060771,-0.010959,-0.431160,0.002920,-0.902204,0.000000,-0.001373
403225,0.034781,0.450226,-0.060770,-0.010973,-0.431149,0.002959,-0.902209,-0.000343,-0.001373
403229,0.034795,0.450230,-0.060766,-0.011109,-0.431120,0.003028,-0.902221,-0.000343,-0.001373
403233,0.034796,0.450230,-0.060755,-0.011041,-0.431114,0.002940,-0.902225,0.000000,-0.001373
403236,0.034798,0.450231,-0.060748,-0.011066,-0.431109,0.002969,-0.902227,0.000000,-0.001373
403240,0.034795,0.450223,-0.060743,-0.011013,-0.431152,0.002928,-0.902208,-0.000343,-0.001373
403243,0.034796,0.450224,-0.060744,-0.010997,-0.431138,0.003000,-0.902214,-0.000343,-0.001030
403247,0.034803,0.450228,-0.060751,-0.011047,-0.431153,0.002962,-0.902207,-0.000343,-0.001373
403250,0.034805,0.450228,-0.060754,-0.011110,-0.431125,0.003050,-0.902219,0.000000,-0.001030
403254,0.034796,0.450221,-0.060760,-0.010958,-0.431167,0.002905,-0.902201,0.000000,-0.001373
403257,0.034792,0.450227,-0.060763,-0.011069,-0.431118,0.002952,-0.902223,0.000000,-0.001373
403261,0.034777,0.450221,-0.060764,-0.011030,-0.431144,0.002964,-0.902211,-0.000343,-0.001373
403265,0.034764,0.450228,-0.060771,-0.011040,-0.431147,0.002876,-0.902209,-0.000343,-0.001030
403268,0.034753,0.450222,-0.060774,-0.010977,-0.431173,0.002910,-0.902198,-0.000343,-0.001373
403271,0.034751,0.450230,-0.060780,-0.011080,-0.431110,0.002997,-0.902226,0.000000,-0.001030
403275,0.034752,0.450232,-0.060786,-0.011004,-0.431135,0.002934,-0.902215,-0.000343,-0.001030
403279,0.034758,0.450231,-0.060782,-0.011034,-0.431136,0.002946,-0.902215,-0.000343,-0.001030
403282,0.034765,0.450229,-0.060775,-0.011068,-0.431116,0.002981,-0.902224,0.000000,-0.001030
403286,0.034773,0.450228,-0.060761,-0.011012,-0.431131,0.002911,-0.902218,-0.000343,-0.001030
403289,0.034781,0.450228,-0.060751,-0.011071,-0.431136,0.002972,-0.902214,-0.000343,-0.001030
403293,0.034787,0.450228,-0.060739,-0.011084,-0.431127,0.002995,-0.902218,-0.000343,-0.001030
403296,0.034789,0.450222,-0.060737,-0.011024,-0.431133,0.002987,-0.902216,-0.000343,-0.001030
403300,0.034793,0.450228,-0.060739,-0.011069,-0.431150,0.002980,-0.902208,-0.000343,-0.001030
403304,0.034791,0.450227,-0.060746,-0.011070,-0.431157,0.003000,-0.902204,-0.000343,-0.001030
403307,0.034779,0.450221,-0.060750,-0.010995,-0.431155,0.002910,-0.902206,-0.000343,-0.001030
403311,0.034770,0.450221,-0.060754,-0.011056,-0.431157,0.002935,-0.902204,-0.000343,-0.000687
403314,0.034763,0.450222,-0.060755,-0.011028,-0.431154,0.002958,-0.902206,-0.000343,-0.000687
403318,0.034758,0.450230,-0.060757,-0.011001,-0.431145,0.002896,-0.902211,0.000000,-0.000687
403318,0.034758,0.450230,-0.060757,-0.011001,-0.431145,0.002896,-0.902211,-0.000343,-0.000343
403321,0.034758,0.450221,-0.060751,-0.010949,-0.431149,0.002915,-0.902210,0.000000,-0.000687
403321,0.034758,0.450221,-0.060751,-0.010949,-0.431149,0.002915,-0.902210,-0.000343,-0.000687
403323,0.034762,0.450220,-0.060753,-0.010951,-0.431197,0.002895,-0.902187,-0.000343,-0.000343
403326,0.034785,0.450225,-0.060751,-0.011075,-0.431140,0.002944,-0.902212,-0.000343,-0.000343
403333,0.034789,0.450224,-0.060750,-0.011054,-0.431126,0.002938,-0.902219,-0.000343,-0.000343
403336,0.034787,0.450220,-0.060752,-0.010979,-0.431174,0.002941,-0.902197,-0.000343,0.000000
403340,0.034775,0.450218,-0.060754,-0.011037,-0.431158,0.002950,-0.902204,-0.000343,-0.000343
403344,0.034762,0.450221,-0.060761,-0.010956,-0.431174,0.002874,-0.902198,-0.000343,0.000000
403347,0.034756,0.450223,-0.060763,-0.010940,-0.431179,0.002878,-0.902196,0.000000,0.000000
403351,0.034751,0.450230,-0.060772,-0.011001,-0.431142,0.002932,-0.902212,-0.000343,0.000000
403354,0.034749,0.450230,-0.060773,-0.011011,-0.431131,0.002950,-0.902217,0.000000,0.000343
403358,0.034743,0.450221,-0.060771,-0.010971,-0.431168,0.002895,-0.902200,-0.000343,0.000343
403362,0.034746,0.450227,-0.060765,-0.011058,-0.431117,0.002938,-0.902224,-0.000343,0.000343
403365,0.034751,0.450227,-0.060759,-0.011039,-0.431132,0.002891,-0.902217,-0.000343,0.000343
403369,0.034761,0.450227,-0.060758,-0.011083,-0.431102,0.002961,-0.902230,-0.000343,0.000687
403372,0.034771,0.450226,-0.060754,-0.011095,-0.431120,0.002953,-0.902222,0.000000,0.000687
403376,0.034779,0.450227,-0.060752,-0.011015,-0.431116,0.002911,-0.902224,-0.000343,0.000687
403379,0.034780,0.450223,-0.060748,-0.011009,-0.431146,0.002914,-0.902211,-0.000343,0.001030
403383,0.034775,0.450221,-0.060747,-0.011029,-0.431136,0.002927,-0.902215,0.000000,0.000687
403386,0.034768,0.450226,-0.060748,-0.011079,-0.431136,0.002945,-0.902214,-0.000343,0.001030
403390,0.034756,0.450223,-0.060748,-0.011111,-0.431164,0.002976,-0.902200,-0.000343,0.001030
403393,0.034744,0.450224,-0.060756,-0.011092,-0.431132,0.002955,-0.902216,-0.000343,0.001030
403397,0.034732,0.450226,-0.060767,-0.011027,-0.431131,0.002869,-0.902217,-0.000343,0.001030
403401,0.034731,0.450222,-0.060778,-0.011005,-0.431175,0.002933,-0.902197,-0.000343,0.001030
403404,0.034734,0.450228,-0.060783,-0.011056,-0.431111,0.002916,-0.902226,-0.000343,0.001373
403408,0.034740,0.450227,-0.060781,-0.010994,-0.431154,0.002913,-0.902207,-0.000343,0.001373
403411,0.034750,0.450226,-0.060775,-0.011031,-0.431132,0.002888,-0.902217,-0.000343,0.001030
403415,0.034764,0.450227,-0.060763,-0.011052,-0.431122,0.002951,-0.902221,-0.000343,0.001030
403418,0.034775,0.450225,-0.060754,-0.011039,-0.431140,0.002875,-0.902213,-0.000343,0.001030
403422,0.034790,0.450223,-0.060741,-0.011137,-0.431118,0.002941,-0.902222,-0.000343,0.001373
403425,0.034797,0.450217,-0.060736,-0.011044,-0.431131,0.002977,-0.902217,-0.000343,0.001373
403429,0.034806,0.450224,-0.060734,-0.011053,-0.431147,0.002911,-0.902210,0.000000,0.001030
403432,0.034801,0.450218,-0.060734,-0.010964,-0.431159,0.002913,-0.902204,-0.000343,0.001373
403436,0.034792,0.450218,-0.060739,-0.011006,-0.431131,0.002907,-0.902217,-0.000343,0.001373
403440,0.034785,0.450224,-0.060749,-0.011063,-0.431144,0.002935,-0.902210,-0.000343,0.001373
403443,0.034770,0.450224,-0.060756,-0.011071,-0.431112,0.002888,-0.902226,-0.000343,0.001030
403447,0.034760,0.450225,-0.060765,-0.011041,-0.431108,0.002917,-0.902228,-0.000343,0.001373
403450,0.034752,0.450226,-0.060771,-0.011002,-0.431104,0.002843,-0.902231,-0.000343,0.001373
403454,0.034757,0.450228,-0.060778,-0.011066,-0.431094,0.002909,-0.902234,-0.000343,0.001373
403457,0.034764,0.450220,-0.060776,-0.011019,-0.431147,0.002898,-0.902210,-0.000343,0.001030
403461,0.034774,0.450228,-0.060771,-0.010989,-0.431128,0.002866,-0.902219,-0.000343,0.001373
403464,0.034784,0.450219,-0.060760,-0.010937,-0.431154,0.002864,-0.902208,-0.000343,0.001373
403468,0.034798,0.450224,-0.060748,-0.011085,-0.431118,0.002957,-0.902223,-0.000343,0.001373
403472,0.034798,0.450217,-0.060734,-0.011067,-0.431127,0.002940,-0.902218,-0.000343,0.001373
403475,0.034797,0.450215,-0.060732,-0.011047,-0.431166,0.002914,-0.902200,-0.000343,0.001373
403478,0.034788,0.450215,-0.060735,-0.011058,-0.431138,0.002928,-0.902214,-0.000343,0.001373
403482,0.034774,0.450218,-0.060744,-0.010967,-0.431144,0.002845,-0.902212,0.000000,0.001373
403486,0.034759,0.450225,-0.060759,-0.011094,-0.431109,0.002975,-0.902227,-0.000343,0.001030
403489,0.034746,0.450227,-0.060767,-0.011037,-0.431130,0.002934,-0.902218,-0.000343,0.001373
403493,0.034740,0.450228,-0.060772,-0.010977,-0.431130,0.002864,-0.902218,-0.000343,0.001373
403496,0.034736,0.450220,-0.060770,-0.010920,-0.431175,0.002853,-0.902198,-0.000343,0.001373
403500,0.034756,0.450227,-0.060767,-0.011064,-0.431111,0.002956,-0.902226,-0.000343,0.001373
403503,0.034771,0.450223,-0.060760,-0.011031,-0.431117,0.002860,-0.902224,-0.000343,0.001030
403507,0.034788,0.450217,-0.060750,-0.011051,-0.431104,0.002913,-0.902230,-0.000343,0.001373
403511,0.034798,0.450216,-0.060741,-0.011008,-0.431108,0.002927,-0.902228,-0.000343,0.001373
403514,0.034803,0.450223,-0.060738,-0.011053,-0.431117,0.002915,-0.902224,0.000000,0.001373
403518,0.034800,0.450223,-0.060735,-0.011107,-0.431116,0.003024,-0.902223,-0.000343,0.001373
403518,0.034800,0.450223,-0.060735,-0.011107,-0.431116,0.003024,-0.902223,-0.000343,0.001373
403518,0.034800,0.450223,-0.060735,-0.011107,-0.431116,0.003024,-0.902223,-0.000343,0.001373
403518,0.034800,0.450223,-0.060735,-0.011107,-0.431116,0.003024,-0.902223,-0.000343,0.001373
403518,0.034800,0.450223,-0.060735,-0.011107,-0.431116,0.003024,-0.902223,-0.000343,0.001373
403518,0.034800,0.450223,-0.060735,-0.011107,-0.431116,0.003024,-0.902223,-0.000343,0.001373
403518,0.034800,0.450223,-0.060735,-0.011107,-0.431116,0.003024,-0.902223,-0.000343,0.001373
403518,0.034800,0.450223,-0.060735,-0.011107,-0.431116,0.003024,-0.902223,-0.000343,0.001373
403518,0.034800,0.450223,-0.060735,-0.011107,-0.431116,0.003024,-0.902223,-0.000343,0.001373
403518,0.034800,0.450223,-0.060735,-0.011107,-0.431116,0.003024,-0.902223,-0.000343,0.001373
403518,0.034800,0.450223,-0.060735,-0.011107,-0.431116,0.003024,-0.902223,-0.000343,0.001373
403518,0.034800,0.450223,-0.060735,-0.011107,-0.431116,0.003024,-0.902223,-0.000343,0.001373
403518,0.034800,0.450223,-0.060735,-0.011107,-0.431116,0.003024,-0.902223,-0.000343,0.001373
403518,0.034800,0.450223,-0.060735,-0.011107,-0.431116,0.003024,-0.902223,-0.000343,0.001373
403518,0.034800,0.450223,-0.060735,-0.011107,-0.431116,0.003024,-0.902223,-0.000343,0.001373
