0,0.000000,0.000000,0.000000,0.000000,0.000000,0.000000,0.000000,0.000000,0.000000
0,0.000000,0.000000,0.000000,0.000000,0.000000,0.000000,0.000000,0.000000,0.000000
0,0.000000,0.000000,0.000000,0.000000,0.000000,0.000000,0.000000,0.000000,0.000000
0,0.000000,0.000000,0.000000,0.000000,0.000000,0.000000,0.000000,0.000000,0.000000
0,0.000000,0.000000,0.000000,0.000000,0.000000,0.000000,0.000000,0.000000,0.000000
0,0.000000,0.000000,0.000000,0.000000,0.000000,0.000000,0.000000,0.000000,0.000000
0,0.000000,0.000000,0.000000,0.000000,0.000000,0.000000,0.000000,0.000000,0.000000
0,0.000000,0.000000,0.000000,0.000000,0.000000,0.000000,0.000000,0.000000,0.000000
0,0.000000,0.000000,0.000000,0.000000,0.000000,0.000000,0.000000,0.000000,0.000000
0,0.000000,0.000000,0.000000,0.000000,0.000000,0.000000,0.000000,0.000000,0.000000
0,0.000000,0.000000,0.000000,0.000000,0.000000,0.000000,0.000000,0.000000,0.000000
0,0.000000,0.000000,0.000000,0.000000,0.000000,0.000000,0.000000,0.000000,0.000000
0,0.000000,0.000000,0.000000,0.000000,0.000000,0.000000,0.000000,0.000000,0.000000
0,0.000000,0.000000,0.000000,0.000000,0.000000,0.000000,0.000000,0.000000,0.000000
0,0.000000,0.000000,0.000000,0.000000,0.000000,0.000000,0.000000,0.000000,0.000000
0,0.000000,0.000000,0.000000,0.000000,0.000000,0.000000,0.000000,0.000000,0.000000
0,0.000000,0.000000,0.000000,0.000000,0.000000,0.000000,0.000000,0.000000,0.000000
0,0.000000,0.000000,0.000000,0.000000,0.000000,0.000000,0.000000,0.000000,0.000000
0,0.000000,0.000000,0.000000,0.000000,0.000000,0.000000,0.000000,0.000000,0.000000
0,0.000000,0.000000,0.000000,0.000000,0.000000,0.000000,0.000000,0.000000,0.000000
440488,0.050783,0.449111,-0.068001,-0.012667,-0.407648,0.314445,-0.857197,0.000000,0.000000
440492,0.050797,0.449101,-0.067990,-0.012817,-0.407556,0.314542,-0.857203,0.000000,299.998512
440496,0.050808,0.449100,-0.067983,-0.012787,-0.407615,0.314573,-0.857164,0.000343,299.998512
440496,0.050808,0.449100,-0.067983,-0.012787,-0.407615,0.314573,-0.857164,0.000000,299.998512
440503,0.050796,0.449096,-0.067982,-0.012868,-0.407585,0.314613,-0.857162,0.000000,299.998512
440506,0.050785,0.449100,-0.067987,-0.012831,-0.407596,0.314532,-0.857187,0.000000,299.998512
440510,0.050769,0.449108,-0.068002,-0.012719,-0.407639,0.314544,-0.857165,0.000000,299.998856
440513,0.050759,0.449112,-0.068009,-0.012686,-0.407624,0.314468,-0.857200,0.000000,299.998512
440517,0.050754,0.449104,-0.068016,-0.012741,-0.407611,0.314582,-0.857163,0.000000,299.998512
440521,0.050760,0.449103,-0.068010,-0.012769,-0.407592,0.314518,-0.857195,0.000000,299.998512
440521,0.050760,0.449103,-0.068010,-0.012769,-0.407592,0.314518,-0.857195,0.000000,299.998856
440521,0.050760,0.449103,-0.068010,-0.012769,-0.407592,0.314518,-0.857195,0.000000,299.998512
440521,0.050760,0.449103,-0.068010,-0.012769,-0.407592,0.314518,-0.857195,0.000000,299.998512
440521,0.050760,0.449103,-0.068010,-0.012769,-0.407592,0.314518,-0.857195,0.000000,299.998512
440521,0.050760,0.449103,-0.068010,-0.012769,-0.407592,0.314518,-0.857195,0.000000,299.998512
440521,0.050760,0.449103,-0.068010,-0.012769,-0.407592,0.314518,-0.857195,0.000000,299.998512
440521,0.050760,0.449103,-0.068010,-0.012769,-0.407592,0.314518,-0.857195,0.000000,299.998512
440521,0.050760,0.449103,-0.068010,-0.012769,-0.407592,0.314518,-0.857195,0.000000,299.998512
440521,0.050760,0.449103,-0.068010,-0.012769,-0.407592,0.314518,-0.857195,0.000000,299.998512
440521,0.050760,0.449103,-0.068010,-0.012769,-0.407592,0.314518,-0.857195,0.000000,299.998512
440521,0.050760,0.449103,-0.068010,-0.012769,-0.407592,0.314518,-0.857195,0.000000,299.998856
440521,0.050760,0.449103,-0.068010,-0.012769,-0.407592,0.314518,-0.857195,0.000000,299.998512
440521,0.050760,0.449103,-0.068010,-0.012769,-0.407592,0.314518,-0.857195,0.000000,299.998512
440521,0.050760,0.449103,-0.068010,-0.012769,-0.407592,0.314518,-0.857195,0.000000,299.998512
440521,0.050760,0.449103,-0.068010,-0.012769,-0.407592,0.314518,-0.857195,0.000000,299.998856
440521,0.050760,0.449103,-0.068010,-0.012769,-0.407592,0.314518,-0.857195,0.000000,299.998512
440521,0.050760,0.449103,-0.068010,-0.012769,-0.407592,0.314518,-0.857195,0.000000,299.998856
440521,0.050760,0.449103,-0.068010,-0.012769,-0.407592,0.314518,-0.857195,0.000000,299.998856
440521,0.050760,0.449103,-0.068010,-0.012769,-0.407592,0.314518,-0.857195,0.000000,299.998512
440521,0.050760,0.449103,-0.068010,-0.012769,-0.407592,0.314518,-0.857195,0.000000,299.998512
440521,0.050760,0.449103,-0.068010,-0.012769,-0.407592,0.314518,-0.857195,-0.000343,299.998512
440521,0.050760,0.449103,-0.068010,-0.012769,-0.407592,0.314518,-0.857195,0.000000,299.998512
440521,0.050760,0.449103,-0.068010,-0.012769,-0.407592,0.314518,-0.857195,0.000000,299.998512
440521,0.050760,0.449103,-0.068010,-0.012769,-0.407592,0.314518,-0.857195,-0.000343,299.998512
440521,0.050760,0.449103,-0.068010,-0.012769,-0.407592,0.314518,-0.857195,0.000000,299.998512
440521,0.050760,0.449103,-0.068010,-0.012769,-0.407592,0.314518,-0.857195,0.000000,299.998512
440521,0.050760,0.449103,-0.068010,-0.012769,-0.407592,0.314518,-0.857195,0.000000,299.998512
440521,0.050760,0.449103,-0.068010,-0.012769,-0.407592,0.314518,-0.857195,0.000000,299.998512
440521,0.050760,0.449103,-0.068010,-0.012769,-0.407592,0.314518,-0.857195,0.000000,299.998512
440521,0.050760,0.449103,-0.068010,-0.012769,-0.407592,0.314518,-0.857195,0.000000,299.998512
440631,0.050794,0.449092,-0.067970,-0.012837,-0.407565,0.314586,-0.857182,-0.000343,299.998512
440634,0.050786,0.449095,-0.067983,-0.012823,-0.407595,0.314607,-0.857161,0.000000,299.998512
440638,0.050765,0.449099,-0.068004,-0.012802,-0.407595,0.314548,-0.857182,0.000000,299.998512
440641,0.050752,0.449100,-0.068023,-0.012810,-0.407562,0.314644,-0.857163,0.000000,299.998512
440645,0.050741,0.449101,-0.068040,-0.012699,-0.407621,0.314528,-0.857179,0.000000,299.998512
440649,0.050741,0.449107,-0.068045,-0.012618,-0.407586,0.314547,-0.857190,0.000000,299.998512
440652,0.050749,0.449105,-0.068039,-0.012670,-0.407586,0.314657,-0.857149,0.000000,299.998512
440655,0.050756,0.449098,-0.068028,-0.012757,-0.407586,0.314625,-0.857160,0.000000,299.998512
440659,0.050776,0.449104,-0.068007,-0.012747,-0.407577,0.314616,-0.857167,0.000000,299.998856
440663,0.050788,0.449101,-0.067985,-0.012698,-0.407633,0.314574,-0.857157,0.000000,299.998856
440666,0.050791,0.449095,-0.067973,-0.012815,-0.407604,0.314600,-0.857159,-0.000343,299.998856
440670,0.050787,0.449093,-0.067968,-0.012890,-0.407580,0.314545,-0.857189,-0.000343,299.998512
440673,0.050783,0.449094,-0.067973,-0.012917,-0.407568,0.314692,-0.857141,0.000000,299.998856
440677,0.050769,0.449101,-0.067984,-0.012762,-0.407643,0.314487,-0.857183,0.000000,299.998856
440680,0.050763,0.449098,-0.067998,-0.012756,-0.407620,0.314589,-0.857156,0.000000,299.998512
440684,0.050755,0.449104,-0.068010,-0.012708,-0.407581,0.314631,-0.857160,-0.000343,299.998512
440687,0.050748,0.449098,-0.068015,-0.012746,-0.407576,0.314592,-0.857176,0.000000,299.998512
440691,0.050753,0.449105,-0.068017,-0.012699,-0.407590,0.314580,-0.857175,0.000000,299.998512
440694,0.050756,0.449103,-0.068012,-0.012721,-0.407583,0.314665,-0.857147,-0.000343,299.998856
440698,0.050770,0.449101,-0.068010,-0.012659,-0.407658,0.314586,-0.857141,0.000000,299.998856
440702,0.050776,0.449097,-0.068005,-0.012800,-0.407588,0.314556,-0.857183,0.000000,299.998856
440705,0.050783,0.449094,-0.068005,-0.012902,-0.407525,0.314690,-0.857162,-0.000343,299.998512
440709,0.050780,0.449100,-0.068002,-0.012773,-0.407608,0.314492,-0.857197,0.000000,299.998512
440712,0.050775,0.449099,-0.068001,-0.012777,-0.407581,0.314569,-0.857182,0.000000,299.998512
440716,0.050768,0.449099,-0.068002,-0.012767,-0.407595,0.314560,-0.857179,0.000000,299.998512
440719,0.050769,0.449105,-0.068006,-0.012677,-0.407620,0.314632,-0.857142,0.000000,299.997826
440723,0.050764,0.449100,-0.068007,-0.012794,-0.407572,0.314571,-0.857185,-0.000343,299.995079
440726,0.050768,0.449103,-0.068009,-0.012733,-0.407551,0.314696,-0.857150,-0.000343,299.988556
440730,0.050768,0.449099,-0.068008,-0.012731,-0.407645,0.314539,-0.857163,-0.000343,299.978256
440734,0.050768,0.449098,-0.068001,-0.012812,-0.407552,0.314556,-0.857200,-0.000343,299.967957
440737,0.050769,0.449097,-0.067999,-0.012849,-0.407561,0.314608,-0.857176,0.000000,299.951134
440741,0.050768,0.449100,-0.068001,-0.012744,-0.407642,0.314505,-0.857177,-0.000343,299.936371
440744,0.050769,0.449102,-0.068003,-0.012678,-0.407583,0.314616,-0.857165,0.000000,299.924355
440748,0.050771,0.449099,-0.068005,-0.012773,-0.407614,0.314549,-0.857174,0.000000,299.911995
440751,0.050773,0.449100,-0.068005,-0.012757,-0.407610,0.314600,-0.857157,-0.000343,299.904442
440755,0.050769,0.449098,-0.068000,-0.012831,-0.407590,0.314602,-0.857165,0.000000,299.894485
440759,0.050773,0.449099,-0.067997,-0.012778,-0.407610,0.314528,-0.857183,-0.000343,299.883499
440762,0.050773,0.449100,-0.067993,-0.012775,-0.407631,0.314516,-0.857178,-0.000343,299.871826
440765,0.050779,0.449097,-0.067997,-0.012826,-0.407599,0.314609,-0.857158,0.000000,299.855347
440769,0.050771,0.449097,-0.067996,-0.012812,-0.407563,0.314611,-0.857175,0.000000,299.838524
440773,0.050766,0.449098,-0.068005,-0.012745,-0.407645,0.314537,-0.857164,0.000000,299.819984
440776,0.050760,0.449099,-0.068012,-0.012775,-0.407585,0.314568,-0.857180,-0.000343,299.794922
440780,0.050755,0.449107,-0.068025,-0.012654,-0.407625,0.314538,-0.857174,-0.000343,299.765053
440783,0.050755,0.449106,-0.068032,-0.012613,-0.407642,0.314577,-0.857152,0.000000,299.737244
440787,0.050753,0.449101,-0.068028,-0.012742,-0.407562,0.314578,-0.857189,-0.000343,299.714584
440790,0.050760,0.449098,-0.068023,-0.012828,-0.407549,0.314681,-0.857155,0.000000,299.688492
440794,0.050765,0.449101,-0.068006,-0.012726,-0.407619,0.314495,-0.857192,0.000000,299.667549
440797,0.050772,0.449097,-0.067994,-0.012784,-0.407579,0.314596,-0.857173,0.000000,299.643173
440801,0.050779,0.449095,-0.067982,-0.012808,-0.407601,0.314571,-0.857171,0.000000,299.613991
440805,0.050784,0.449094,-0.067977,-0.012826,-0.407602,0.314548,-0.857179,0.000000,299.581032
440808,0.050782,0.449095,-0.067984,-0.012824,-0.407563,0.314587,-0.857183,-0.000343,299.536057
440812,0.050773,0.449099,-0.067991,-0.012779,-0.407613,0.314558,-0.857171,-0.000343,299.493484
440815,0.050765,0.449100,-0.068000,-0.012724,-0.407660,0.314523,-0.857162,0.000000,299.455719
440818,0.050760,0.449103,-0.068012,-0.012684,-0.407638,0.314635,-0.857132,-0.000343,299.408340
440822,0.050754,0.449106,-0.068020,-0.012673,-0.407573,0.314626,-0.857166,0.000000,299.372978
440826,0.050751,0.449103,-0.068024,-0.012699,-0.407615,0.314511,-0.857188,-0.000343,299.328003
440829,0.050760,0.449100,-0.068021,-0.012740,-0.407578,0.314602,-0.857172,-0.000343,299.283028
440833,0.050766,0.449099,-0.068018,-0.012750,-0.407607,0.314575,-0.857168,0.000000,299.230499
440837,0.050773,0.449101,-0.068009,-0.012710,-0.407623,0.314626,-0.857142,-0.000343,299.179344
440840,0.050773,0.449101,-0.068005,-0.012773,-0.407579,0.314588,-0.857176,0.000000,299.132309
440843,0.050774,0.449100,-0.067999,-0.012770,-0.407556,0.314686,-0.857151,0.000000,299.066734
440847,0.050767,0.449098,-0.067997,-0.012752,-0.407620,0.314469,-0.857201,-0.000343,299.012833
440851,0.050763,0.449103,-0.068002,-0.012700,-0.407583,0.314637,-0.857157,-0.000343,298.941422
440854,0.050760,0.449100,-0.068001,-0.012783,-0.407572,0.314617,-0.857168,-0.000343,298.883057
440858,0.050761,0.449099,-0.068003,-0.012726,-0.407627,0.314537,-0.857172,0.000000,298.818169
440861,0.050765,0.449097,-0.068000,-0.012777,-0.407597,0.314595,-0.857165,0.000000,298.743324
440865,0.050771,0.449098,-0.067998,-0.012762,-0.407620,0.314544,-0.857173,-0.000343,298.681526
440868,0.050778,0.449102,-0.067997,-0.012691,-0.407647,0.314596,-0.857142,-0.000343,298.599472
440872,0.050775,0.449098,-0.067996,-0.012826,-0.407566,0.314604,-0.857176,0.000000,298.527718
440875,0.050771,0.449096,-0.067999,-0.012836,-0.407541,0.314640,-0.857174,0.000000,298.436737
440879,0.050769,0.449100,-0.068004,-0.012726,-0.407602,0.314512,-0.857194,0.000000,298.352623
440883,0.050762,0.449097,-0.068011,-0.012811,-0.407562,0.314686,-0.857148,-0.000343,298.266792
440886,0.050760,0.449099,-0.068015,-0.012736,-0.407626,0.314611,-0.857146,0.000000,298.178558
440890,0.050756,0.449100,-0.068016,-0.012747,-0.407618,0.314573,-0.857163,0.000000,298.086548
440893,0.050757,0.449105,-0.068017,-0.012687,-0.407596,0.314604,-0.857163,0.000000,298.000374
440897,0.050763,0.449104,-0.068012,-0.012670,-0.407637,0.314597,-0.857147,0.000000,297.891197
440900,0.050760,0.449101,-0.068007,-0.012726,-0.407639,0.314520,-0.857173,-0.000343,297.789574
440904,0.050768,0.449098,-0.068001,-0.012771,-0.407580,0.314646,-0.857154,0.000000,297.685890
440904,0.050768,0.449098,-0.068001,-0.012771,-0.407580,0.314646,-0.857154,0.000000,297.590790
440911,0.050770,0.449099,-0.067998,-0.012729,-0.407638,0.314537,-0.857167,0.000000,297.480927
440915,0.050773,0.449094,-0.067999,-0.012826,-0.407544,0.314690,-0.857155,-0.000343,297.355957
440918,0.050769,0.449098,-0.068001,-0.012763,-0.407594,0.314584,-0.857170,-0.000343,297.250214
440922,0.050769,0.449095,-0.068003,-0.012774,-0.407607,0.314636,-0.857145,-0.000343,297.112885
440925,0.050763,0.449098,-0.068002,-0.012817,-0.407593,0.314579,-0.857172,0.000000,296.998215
440929,0.050767,0.449099,-0.068005,-0.012753,-0.407590,0.314584,-0.857173,-0.000343,296.851959
440932,0.050762,0.449101,-0.068005,-0.012736,-0.407630,0.314526,-0.857175,0.000000,296.715660
440936,0.050764,0.449098,-0.068005,-0.012824,-0.407563,0.314668,-0.857153,-0.000343,296.581421
440940,0.050766,0.449097,-0.068007,-0.012781,-0.407639,0.314634,-0.857130,0.000000,296.461601
440943,0.050765,0.449105,-0.068004,-0.012680,-0.407638,0.314587,-0.857150,0.000000,296.311226
440947,0.050768,0.449096,-0.068008,-0.012863,-0.407549,0.314737,-0.857134,-0.000343,296.187286
440950,0.050765,0.449097,-0.068007,-0.012804,-0.407626,0.314602,-0.857148,-0.000343,296.020775
440954,0.050771,0.449099,-0.068008,-0.012743,-0.407574,0.314727,-0.857128,0.000000,295.859413
440957,0.050770,0.449102,-0.068007,-0.012725,-0.407586,0.314637,-0.857156,-0.000343,295.692902
440961,0.050771,0.449096,-0.068005,-0.012774,-0.407593,0.314617,-0.857159,-0.000343,295.542183
440964,0.050774,0.449099,-0.068004,-0.012738,-0.407636,0.314560,-0.857160,-0.000343,295.371895
440968,0.050772,0.449093,-0.068000,-0.012860,-0.407564,0.314692,-0.857144,0.000000,295.201263
440972,0.050774,0.449094,-0.067998,-0.012850,-0.407610,0.314681,-0.857126,0.000000,295.027542
440975,0.050770,0.449093,-0.067994,-0.012824,-0.407604,0.314621,-0.857151,-0.000343,294.853477
440978,0.050768,0.449094,-0.067993,-0.012883,-0.407586,0.314599,-0.857167,0.000000,294.677010
440982,0.050769,0.449095,-0.067993,-0.012837,-0.407616,0.314653,-0.857134,-0.000343,294.495049
440986,0.050773,0.449096,-0.067994,-0.012802,-0.407565,0.314739,-0.857127,-0.000343,294.282532
440989,0.050770,0.449091,-0.067994,-0.012862,-0.407542,0.314670,-0.857162,0.000000,294.099884
440993,0.050771,0.449093,-0.067996,-0.012810,-0.407624,0.314690,-0.857117,0.000000,293.893890
440996,0.050774,0.449099,-0.067997,-0.012712,-0.407644,0.314620,-0.857135,-0.000343,293.663177
441000,0.050770,0.449093,-0.067996,-0.012885,-0.407562,0.314737,-0.857128,-0.000343,293.472977
441003,0.050771,0.449093,-0.067996,-0.012838,-0.407620,0.314615,-0.857146,-0.000343,293.240204
441007,0.050769,0.449093,-0.067999,-0.012886,-0.407572,0.314697,-0.857138,0.000000,293.023567
441011,0.050770,0.449091,-0.068001,-0.012841,-0.407559,0.314708,-0.857141,-0.000343,292.801094
441014,0.050771,0.449092,-0.067999,-0.012860,-0.407588,0.314677,-0.857138,-0.000343,292.597847
441018,0.050770,0.449092,-0.067995,-0.012900,-0.407538,0.314726,-0.857143,0.000000,292.343445
441021,0.050775,0.449096,-0.067993,-0.012842,-0.407537,0.314746,-0.857137,-0.000343,292.121658
441024,0.050769,0.449092,-0.067991,-0.012878,-0.407550,0.314612,-0.857179,0.000000,291.876183
441028,0.050772,0.449091,-0.067988,-0.012865,-0.407598,0.314632,-0.857149,-0.000343,291.629333
441032,0.050773,0.449091,-0.067984,-0.012936,-0.407509,0.314722,-0.857158,-0.000343,291.346092
441035,0.050773,0.449096,-0.067984,-0.012832,-0.407578,0.314659,-0.857149,-0.000343,291.114693
441039,0.050775,0.449091,-0.067982,-0.012932,-0.407514,0.314706,-0.857161,0.000000,290.823555
441043,0.050774,0.449090,-0.067982,-0.012872,-0.407569,0.314678,-0.857146,0.000000,290.557823
441046,0.050776,0.449091,-0.067982,-0.012873,-0.407570,0.314663,-0.857151,-0.000343,290.316467
441046,0.050776,0.449091,-0.067982,-0.012873,-0.407570,0.314663,-0.857151,0.000000,290.010567
441046,0.050776,0.449091,-0.067982,-0.012873,-0.407570,0.314663,-0.857151,-0.000343,289.754448
441046,0.050776,0.449091,-0.067982,-0.012873,-0.407570,0.314663,-0.857151,0.000000,289.436874
441046,0.050776,0.449091,-0.067982,-0.012873,-0.407570,0.314663,-0.857151,0.000000,289.174919
441046,0.050776,0.449091,-0.067982,-0.012873,-0.407570,0.314663,-0.857151,0.000000,288.879662
441046,0.050776,0.449091,-0.067982,-0.012873,-0.407570,0.314663,-0.857151,0.000000,288.543549
441046,0.050776,0.449091,-0.067982,-0.012873,-0.407570,0.314663,-0.857151,0.000000,288.267517
441046,0.050776,0.449091,-0.067982,-0.012873,-0.407570,0.314663,-0.857151,-0.000343,287.924194
441046,0.050776,0.449091,-0.067982,-0.012873,-0.407570,0.314663,-0.857151,0.000000,287.646790
441046,0.050776,0.449091,-0.067982,-0.012873,-0.407570,0.314663,-0.857151,0.000000,287.300034
441046,0.050776,0.449091,-0.067982,-0.012873,-0.407570,0.314663,-0.857151,-0.000343,287.011986
441046,0.050776,0.449091,-0.067982,-0.012873,-0.407570,0.314663,-0.857151,-0.000343,286.652870
441046,0.050776,0.449091,-0.067982,-0.012873,-0.407570,0.314663,-0.857151,0.000000,286.349716
441046,0.050776,0.449091,-0.067982,-0.012873,-0.407570,0.314663,-0.857151,-0.000343,285.981331
441046,0.050776,0.449091,-0.067982,-0.012873,-0.407570,0.314663,-0.857151,0.000000,285.638695
441046,0.050776,0.449091,-0.067982,-0.012873,-0.407570,0.314663,-0.857151,-0.000343,285.334167
441046,0.050776,0.449091,-0.067982,-0.012873,-0.407570,0.314663,-0.857151,-0.000343,284.951363
441046,0.050776,0.449091,-0.067982,-0.012873,-0.407570,0.314663,-0.857151,0.000000,284.641685
441046,0.050776,0.449091,-0.067982,-0.012873,-0.407570,0.314663,-0.857151,0.000000,284.246521
441046,0.050776,0.449091,-0.067982,-0.012873,-0.407570,0.314663,-0.857151,0.000000,283.888779
441046,0.050776,0.449091,-0.067982,-0.012873,-0.407570,0.314663,-0.857151,-0.000343,283.557129
441046,0.050776,0.449091,-0.067982,-0.012873,-0.407570,0.314663,-0.857151,-0.000343,283.159561
441046,0.050776,0.449091,-0.067982,-0.012873,-0.407570,0.314663,-0.857151,-0.000343,282.789116
441046,0.050776,0.449091,-0.067982,-0.012873,-0.407570,0.314663,-0.857151,0.000000,282.415237
441046,0.050776,0.449091,-0.067982,-0.012873,-0.407570,0.314663,-0.857151,-0.000343,282.038956
441046,0.050776,0.449091,-0.067982,-0.012873,-0.407570,0.314663,-0.857151,0.000000,281.665421
441046,0.050776,0.449091,-0.067982,-0.012873,-0.407570,0.314663,-0.857151,0.000000,281.283989
441046,0.050776,0.449091,-0.067982,-0.012873,-0.407570,0.314663,-0.857151,-0.000343,280.927963
441046,0.050776,0.449091,-0.067982,-0.012873,-0.407570,0.314663,-0.857151,-0.000343,280.537262
441153,0.050778,0.449093,-0.067969,-0.012908,-0.407553,0.314565,-0.857195,0.000000,280.093346
441156,0.050775,0.449088,-0.067965,-0.012971,-0.407491,0.314651,-0.857192,0.000000,279.743156
441160,0.050776,0.449090,-0.067963,-0.012919,-0.407576,0.314530,-0.857197,0.000000,279.344215
441163,0.050777,0.449090,-0.067965,-0.012944,-0.407564,0.314589,-0.857180,0.000000,278.913002
441167,0.050771,0.449092,-0.067964,-0.012996,-0.407505,0.314567,-0.857215,0.000000,278.539810
441170,0.050770,0.449092,-0.067969,-0.012982,-0.407494,0.314604,-0.857208,-0.000343,278.082848
441174,0.050761,0.449095,-0.067972,-0.012908,-0.407547,0.314464,-0.857235,-0.000343,277.675323
441177,0.050760,0.449094,-0.067975,-0.012947,-0.407524,0.314510,-0.857228,0.000000,277.251320
441181,0.050757,0.449097,-0.067978,-0.012928,-0.407527,0.314509,-0.857227,0.000000,276.836929
441185,0.050757,0.449097,-0.067972,-0.012915,-0.407552,0.314385,-0.857261,0.000000,276.460304
441188,0.050761,0.449100,-0.067973,-0.012871,-0.407540,0.314478,-0.857234,-0.000343,275.995445
441191,0.050761,0.449095,-0.067968,-0.012988,-0.407510,0.314465,-0.857251,0.000000,275.614357
441195,0.050762,0.449098,-0.067961,-0.012957,-0.407607,0.314357,-0.857244,-0.000343,275.133362
441199,0.050758,0.449103,-0.067958,-0.012901,-0.407554,0.314372,-0.857265,0.000000,274.752617
441202,0.050755,0.449096,-0.067956,-0.012990,-0.407555,0.314385,-0.857259,0.000000,274.279175
441206,0.050748,0.449103,-0.067957,-0.012894,-0.407586,0.314196,-0.857315,0.000000,273.838005
441209,0.050746,0.449100,-0.067956,-0.012943,-0.407556,0.314293,-0.857293,-0.000343,273.452797
441213,0.050744,0.449103,-0.067961,-0.012915,-0.407627,0.314234,-0.857281,0.000000,272.954292
441216,0.050743,0.449103,-0.067962,-0.012881,-0.407618,0.314202,-0.857298,0.000000,272.547798
441220,0.050739,0.449100,-0.067958,-0.013024,-0.407572,0.314197,-0.857319,0.000000,272.100449
441224,0.050740,0.449109,-0.067962,-0.012829,-0.407642,0.314085,-0.857330,-0.000343,271.597481
441227,0.050741,0.449103,-0.067958,-0.012920,-0.407620,0.314044,-0.857354,-0.000343,271.153221
441231,0.050739,0.449104,-0.067959,-0.012970,-0.407572,0.314080,-0.857363,0.000000,270.712051
441234,0.050741,0.449104,-0.067959,-0.012955,-0.407576,0.314068,-0.857365,0.000000,270.254059
441238,0.050740,0.449108,-0.067957,-0.012914,-0.407640,0.313939,-0.857383,0.000000,269.802246
441241,0.050741,0.449110,-0.067958,-0.012882,-0.407613,0.314026,-0.857364,0.000000,269.340820
441245,0.050737,0.449105,-0.067951,-0.012956,-0.407673,0.313894,-0.857383,-0.000343,268.871841
441248,0.050740,0.449112,-0.067952,-0.012835,-0.407672,0.313940,-0.857369,0.000000,268.458824
441252,0.050740,0.449108,-0.067946,-0.013009,-0.407621,0.313897,-0.857405,0.000000,267.940750
441256,0.050735,0.449109,-0.067947,-0.012925,-0.407682,0.313780,-0.857421,0.000000,267.462158
441259,0.050734,0.449112,-0.067947,-0.012926,-0.407673,0.313757,-0.857433,0.000000,267.052231
441262,0.050731,0.449109,-0.067946,-0.012980,-0.407635,0.313825,-0.857426,-0.000343,266.537247
441266,0.050727,0.449112,-0.067949,-0.012937,-0.407667,0.313786,-0.857426,0.000000,266.110840
441270,0.050724,0.449112,-0.067948,-0.012944,-0.407677,0.313679,-0.857460,0.000000,265.602379
441273,0.050723,0.449111,-0.067949,-0.012968,-0.407662,0.313717,-0.857453,0.000000,265.124817
441277,0.050724,0.449113,-0.067946,-0.012923,-0.407721,0.313595,-0.857470,0.000000,264.686737
441280,0.050725,0.449113,-0.067941,-0.012964,-0.407710,0.313595,-0.857475,0.000000,264.160767
441284,0.050728,0.449112,-0.067942,-0.012982,-0.407677,0.313652,-0.857469,0.000000,263.723030
441287,0.050728,0.449110,-0.067939,-0.013004,-0.407678,0.313652,-0.857468,0.000000,263.186760
441291,0.050725,0.449119,-0.067941,-0.012847,-0.407718,0.313521,-0.857500,0.000000,262.706451
441295,0.050719,0.449114,-0.067943,-0.013000,-0.407681,0.313566,-0.857498,-0.000343,262.230606
441298,0.050712,0.449117,-0.067946,-0.012932,-0.407715,0.313513,-0.857503,0.000000,261.792183
441302,0.050708,0.449117,-0.067952,-0.012950,-0.407721,0.313492,-0.857507,0.000000,261.264153
441305,0.050703,0.449117,-0.067952,-0.012946,-0.407711,0.313496,-0.857511,0.000000,260.786591
441309,0.050704,0.449119,-0.067954,-0.012860,-0.407779,0.313430,-0.857504,0.000000,260.281563
441312,0.050706,0.449119,-0.067951,-0.012889,-0.407773,0.313405,-0.857516,0.000000,259.836273
441316,0.050713,0.449121,-0.067944,-0.012867,-0.407701,0.313479,-0.857523,-0.000343,259.306183
441319,0.050717,0.449118,-0.067943,-0.012950,-0.407727,0.313497,-0.857503,-0.000343,258.850937
441323,0.050716,0.449117,-0.067936,-0.012940,-0.407758,0.313373,-0.857533,0.000000,258.297844
441327,0.050721,0.449115,-0.067936,-0.012993,-0.407730,0.313469,-0.857511,0.000000,257.815132
441330,0.050716,0.449118,-0.067936,-0.012926,-0.407778,0.313351,-0.857532,-0.000343,257.377739
441333,0.050715,0.449116,-0.067938,-0.012950,-0.407777,0.313396,-0.857516,0.000000,256.831169
441337,0.050710,0.449118,-0.067944,-0.012962,-0.407753,0.313387,-0.857530,0.000000,256.394119
441341,0.050706,0.449121,-0.067944,-0.012886,-0.407795,0.313337,-0.857530,-0.000343,255.856819
441344,0.050703,0.449126,-0.067946,-0.012804,-0.407802,0.313291,-0.857544,0.000000,255.347328
441348,0.050703,0.449124,-0.067944,-0.012866,-0.407737,0.313419,-0.857527,0.000000,254.839554
441351,0.050703,0.449120,-0.067941,-0.012910,-0.407744,0.313369,-0.857542,0.000000,254.353409
441355,0.050705,0.449123,-0.067940,-0.012856,-0.407780,0.313323,-0.857542,0.000000,253.898849
441358,0.050709,0.449119,-0.067937,-0.012991,-0.407743,0.313379,-0.857538,0.000000,253.338890
441362,0.050708,0.449122,-0.067939,-0.012917,-0.407806,0.313268,-0.857549,0.000000,252.839355
441365,0.050709,0.449120,-0.067942,-0.012888,-0.407820,0.313254,-0.857548,0.000000,252.404709
441369,0.050713,0.449120,-0.067942,-0.012939,-0.407750,0.313336,-0.857551,0.000000,251.899338
441373,0.050716,0.449126,-0.067942,-0.012817,-0.407769,0.313278,-0.857565,0.000000,251.348648
441376,0.050717,0.449126,-0.067939,-0.012833,-0.407771,0.313248,-0.857574,0.000000,250.870399
441380,0.050711,0.449118,-0.067932,-0.012945,-0.407747,0.313309,-0.857562,0.000000,250.369148
441382,0.050711,0.449120,-0.067931,-0.012913,-0.407798,0.313200,-0.857578,0.000000,249.852104
441382,0.050711,0.449120,-0.067931,-0.012913,-0.407798,0.313200,-0.857578,0.000000,249.407845
441385,0.050711,0.449124,-0.067932,-0.012833,-0.407821,0.313262,-0.857545,0.000000,249.045639
441391,0.050705,0.449128,-0.067940,-0.012784,-0.407839,0.313168,-0.857572,0.000000,248.397102
441394,0.050700,0.449129,-0.067941,-0.012795,-0.407825,0.313131,-0.857592,0.000000,247.837830
441398,0.050700,0.449126,-0.067946,-0.012841,-0.407770,0.313253,-0.857573,0.000000,247.342415
441398,0.050700,0.449126,-0.067946,-0.012841,-0.407770,0.313253,-0.857573,0.000000,246.848717
441405,0.050703,0.449129,-0.067946,-0.012825,-0.407782,0.313118,-0.857617,0.000000,246.346779
441409,0.050708,0.449128,-0.067948,-0.012861,-0.407801,0.313210,-0.857574,0.000343,245.858917
441412,0.050708,0.449128,-0.067943,-0.012830,-0.407823,0.313085,-0.857609,0.000000,245.413284
441416,0.050711,0.449129,-0.067941,-0.012871,-0.407793,0.313148,-0.857600,0.000000,244.860535
441419,0.050706,0.449128,-0.067940,-0.012832,-0.407817,0.313101,-0.857606,0.000000,244.364433
441423,0.050705,0.449130,-0.067936,-0.012799,-0.407839,0.313019,-0.857626,0.000000,243.921547
441426,0.050700,0.449134,-0.067939,-0.012761,-0.407839,0.312976,-0.857643,0.000000,243.349915
441430,0.050700,0.449130,-0.067938,-0.012835,-0.407817,0.313073,-0.857616,0.000000,242.839050
441433,0.050696,0.449132,-0.067939,-0.012774,-0.407833,0.312992,-0.857639,0.000000,242.349129
441437,0.050697,0.449131,-0.067937,-0.012799,-0.407845,0.312973,-0.857640,0.000000,241.850967
441440,0.050701,0.449130,-0.067932,-0.012851,-0.407829,0.313003,-0.857636,0.000000,241.385078
441444,0.050703,0.449134,-0.067930,-0.012772,-0.407889,0.312911,-0.857643,0.000000,240.848465
441448,0.050707,0.449129,-0.067926,-0.012863,-0.407812,0.313034,-0.857633,0.000343,240.355453
441451,0.050703,0.449132,-0.067928,-0.012838,-0.407795,0.312946,-0.857673,0.000000,239.901237
441455,0.050702,0.449133,-0.067932,-0.012792,-0.407846,0.312862,-0.857680,0.000000,239.409943
441458,0.050695,0.449135,-0.067936,-0.012756,-0.407853,0.312817,-0.857694,0.000343,238.868866
441462,0.050689,0.449134,-0.067946,-0.012817,-0.407851,0.312884,-0.857669,0.000000,238.362465
441466,0.050684,0.449138,-0.067951,-0.012766,-0.407859,0.312834,-0.857685,0.000000,237.890396
441469,0.050680,0.449138,-0.067955,-0.012762,-0.407860,0.312783,-0.857703,0.000000,237.339020
441469,0.050680,0.449138,-0.067955,-0.012762,-0.407860,0.312783,-0.857703,0.000000,236.908150
441476,0.050690,0.449140,-0.067945,-0.012702,-0.407914,0.312685,-0.857714,0.000000,236.395912
441480,0.050700,0.449136,-0.067935,-0.012835,-0.407874,0.312831,-0.857678,0.000000,235.839043
441483,0.050703,0.449136,-0.067928,-0.012810,-0.407855,0.312717,-0.857729,0.000000,235.355301
441487,0.050704,0.449135,-0.067926,-0.012799,-0.407940,0.312631,-0.857719,0.000343,234.861946
441490,0.050700,0.449138,-0.067927,-0.012783,-0.407930,0.312572,-0.857746,0.000343,234.354515
441494,0.050689,0.449141,-0.067934,-0.012774,-0.407939,0.312618,-0.857725,0.000000,233.861160
441498,0.050675,0.449145,-0.067944,-0.012712,-0.407926,0.312507,-0.857773,0.000000,233.365746
441501,0.050667,0.449146,-0.067950,-0.012732,-0.407906,0.312499,-0.857785,0.000343,232.897110
441505,0.050662,0.449148,-0.067955,-0.012648,-0.407969,0.312395,-0.857794,0.000343,232.343674
441508,0.050660,0.449149,-0.067952,-0.012642,-0.407979,0.312305,-0.857822,0.000000,231.856842
441512,0.050667,0.449147,-0.067947,-0.012722,-0.407947,0.312358,-0.857817,0.000343,231.359024
441515,0.050673,0.449148,-0.067940,-0.012726,-0.407980,0.312305,-0.857820,0.000000,230.895882
441519,0.050680,0.449145,-0.067930,-0.012813,-0.407988,0.312175,-0.857863,0.000000,230.400124
441522,0.050681,0.449146,-0.067928,-0.012807,-0.408001,0.312104,-0.857883,0.000343,229.851151
441526,0.050678,0.449146,-0.067926,-0.012800,-0.408023,0.312103,-0.857872,0.000343,229.349556
441529,0.050671,0.449150,-0.067929,-0.012726,-0.408075,0.311965,-0.857899,0.000343,228.900146
441533,0.050661,0.449156,-0.067934,-0.012709,-0.408006,0.311979,-0.857927,0.000343,228.362160
441537,0.050653,0.449160,-0.067940,-0.012605,-0.408098,0.311817,-0.857944,0.000000,227.902451
441540,0.050644,0.449162,-0.067943,-0.012571,-0.408124,0.311749,-0.857956,0.000000,227.351761
441544,0.050641,0.449160,-0.067942,-0.012613,-0.408077,0.311763,-0.857973,0.000343,226.865273
441547,0.050642,0.449164,-0.067941,-0.012614,-0.408105,0.311683,-0.857989,0.000000,226.420326
441551,0.050642,0.449165,-0.067932,-0.012618,-0.408124,0.311522,-0.858038,0.000000,225.909462
441554,0.050646,0.449165,-0.067928,-0.012621,-0.408129,0.311457,-0.858059,0.000000,225.354996
441558,0.050644,0.449167,-0.067920,-0.012582,-0.408171,0.311369,-0.858072,0.000343,224.904213
441561,0.050641,0.449165,-0.067918,-0.012639,-0.408211,0.311207,-0.858111,0.000000,224.391289
441565,0.050638,0.449169,-0.067919,-0.012612,-0.408166,0.311230,-0.858125,0.000343,223.838882
441569,0.050629,0.449171,-0.067918,-0.012562,-0.408244,0.310968,-0.858183,0.000000,223.347244
441572,0.050626,0.449175,-0.067924,-0.012518,-0.408280,0.310943,-0.858176,0.000343,222.852516
441576,0.050615,0.449176,-0.067921,-0.012568,-0.408226,0.310895,-0.858218,0.000343,222.395210
441579,0.050610,0.449179,-0.067923,-0.012532,-0.408256,0.310775,-0.858248,0.000343,221.869583
441583,0.050598,0.449183,-0.067921,-0.012494,-0.408292,0.310580,-0.858302,0.000343,221.386528
441586,0.050597,0.449185,-0.067918,-0.012528,-0.408289,0.310561,-0.858309,0.000343,220.870514
441590,0.050590,0.449188,-0.067918,-0.012434,-0.408365,0.310369,-0.858344,0.000343,220.340767
441593,0.050584,0.449189,-0.067915,-0.012433,-0.408395,0.310249,-0.858373,0.000000,219.844322
441593,0.050584,0.449189,-0.067915,-0.012433,-0.408395,0.310249,-0.858373,0.000000,219.400406
441601,0.050571,0.449195,-0.067909,-0.012415,-0.408426,0.309905,-0.858483,0.000343,218.834610
441604,0.050569,0.449196,-0.067907,-0.012437,-0.408428,0.309867,-0.858496,0.000343,218.382111
441607,0.050564,0.449199,-0.067906,-0.012415,-0.408458,0.309767,-0.858518,0.000000,217.888412
441611,0.050563,0.449201,-0.067899,-0.012440,-0.408481,0.309689,-0.858534,0.000000,217.353859
441615,0.050556,0.449204,-0.067898,-0.012410,-0.408485,0.309476,-0.858610,0.000000,216.918526
441618,0.050552,0.449200,-0.067891,-0.012525,-0.408473,0.309447,-0.858624,0.000343,216.391525
441622,0.050544,0.449208,-0.067889,-0.012383,-0.408581,0.309187,-0.858668,0.000343,215.891304
441625,0.050536,0.449213,-0.067888,-0.012353,-0.408594,0.309060,-0.858708,0.000000,215.350571
441629,0.050526,0.449214,-0.067884,-0.012435,-0.408583,0.308996,-0.858735,0.000343,214.833183
441632,0.050510,0.449218,-0.067888,-0.012388,-0.408605,0.308816,-0.858791,0.000343,214.348412
441636,0.050497,0.449222,-0.067887,-0.012317,-0.408637,0.308575,-0.858863,0.000343,213.882866
441639,0.050488,0.449226,-0.067889,-0.012346,-0.408623,0.308468,-0.858908,0.000343,213.326683
441643,0.050483,0.449229,-0.067889,-0.012322,-0.408660,0.308292,-0.858954,0.000000,212.836761
441647,0.050478,0.449233,-0.067881,-0.012365,-0.408700,0.308086,-0.859008,0.000000,212.397652
441650,0.050473,0.449234,-0.067878,-0.012355,-0.408701,0.308050,-0.859020,0.000000,211.867905
441654,0.050472,0.449238,-0.067864,-0.012311,-0.408775,0.307709,-0.859108,0.000343,211.430855
441657,0.050465,0.449240,-0.067859,-0.012354,-0.408811,0.307642,-0.859114,0.000000,210.883942
441661,0.050455,0.449241,-0.067853,-0.012387,-0.408795,0.307516,-0.859167,0.000343,210.356255
441664,0.050448,0.449245,-0.067853,-0.012359,-0.408821,0.307377,-0.859204,0.000343,209.839554
441668,0.050429,0.449253,-0.067856,-0.012306,-0.408860,0.307068,-0.859297,0.000000,209.399757
441672,0.050420,0.449258,-0.067859,-0.012318,-0.408902,0.306908,-0.859334,0.000343,208.890953
441675,0.050409,0.449261,-0.067863,-0.012256,-0.408945,0.306766,-0.859365,0.000343,208.333397
441678,0.050403,0.449263,-0.067859,-0.012272,-0.408960,0.306590,-0.859420,0.000343,207.833862
441682,0.050398,0.449266,-0.067847,-0.012351,-0.408906,0.306459,-0.859492,0.000343,207.400932
441685,0.050397,0.449268,-0.067840,-0.012311,-0.408973,0.306309,-0.859514,0.000343,206.861916
441689,0.050396,0.449273,-0.067825,-0.012297,-0.409022,0.306029,-0.859591,0.000343,206.431732
441693,0.050392,0.449276,-0.067817,-0.012291,-0.409041,0.305851,-0.859645,0.000343,205.882759
441696,0.050387,0.449278,-0.067815,-0.012325,-0.409065,0.305734,-0.859675,0.000343,205.359879
441700,0.050368,0.449285,-0.067813,-0.012331,-0.409070,0.305376,-0.859799,0.000000,204.843864
441703,0.050357,0.449290,-0.067815,-0.012329,-0.409095,0.305260,-0.859829,0.000343,204.418144
441707,0.050334,0.449298,-0.067816,-0.012295,-0.409174,0.304924,-0.859911,0.000343,203.863678
441710,0.050318,0.449300,-0.067818,-0.012296,-0.409205,0.304778,-0.859948,0.000343,203.338737
441714,0.050307,0.449303,-0.067811,-0.012331,-0.409187,0.304597,-0.860020,0.000343,202.878342
441718,0.050299,0.449311,-0.067806,-0.012283,-0.409265,0.304243,-0.860109,0.000000,202.333145
441721,0.050297,0.449312,-0.067799,-0.012311,-0.409252,0.304123,-0.860157,0.000000,201.841507
441725,0.050294,0.449313,-0.067788,-0.012321,-0.409278,0.303946,-0.860207,0.000343,201.412697
441728,0.050288,0.449316,-0.067779,-0.012332,-0.409304,0.303792,-0.860249,0.000343,200.873680
441732,0.050273,0.449320,-0.067766,-0.012404,-0.409323,0.303471,-0.860352,0.000343,200.408478
441735,0.050255,0.449325,-0.067760,-0.012443,-0.409349,0.303279,-0.860407,0.000343,199.841309
441739,0.050223,0.449334,-0.067751,-0.012386,-0.409438,0.302744,-0.860554,0.000343,199.415588
441742,0.050199,0.449339,-0.067750,-0.012361,-0.409470,0.302376,-0.860669,0.000343,198.875542
441746,0.050165,0.449347,-0.067745,-0.012413,-0.409431,0.302017,-0.860813,0.000343,198.364677
441750,0.050137,0.449361,-0.067740,-0.012341,-0.409561,0.301449,-0.860951,0.000000,197.822914
441753,0.050117,0.449368,-0.067733,-0.012365,-0.409544,0.301071,-0.861091,0.000343,197.378311
441756,0.050098,0.449373,-0.067723,-0.012398,-0.409590,0.300748,-0.861181,0.000343,196.841698
441756,0.050098,0.449373,-0.067723,-0.012398,-0.409590,0.300748,-0.861181,0.000343,196.400185
441756,0.050098,0.449373,-0.067723,-0.012398,-0.409590,0.300748,-0.861181,0.000000,195.858765
441756,0.050098,0.449373,-0.067723,-0.012398,-0.409590,0.300748,-0.861181,0.000000,195.400429
441756,0.050098,0.449373,-0.067723,-0.012398,-0.409590,0.300748,-0.861181,0.000343,194.849052
441756,0.050098,0.449373,-0.067723,-0.012398,-0.409590,0.300748,-0.861181,0.000343,194.353981
441756,0.050098,0.449373,-0.067723,-0.012398,-0.409590,0.300748,-0.861181,0.000000,193.930664
441756,0.050098,0.449373,-0.067723,-0.012398,-0.409590,0.300748,-0.861181,0.000343,193.374481
441756,0.050098,0.449373,-0.067723,-0.012398,-0.409590,0.300748,-0.861181,0.000000,192.890053
441756,0.050098,0.449373,-0.067723,-0.012398,-0.409590,0.300748,-0.861181,0.000343,192.324600
441756,0.050098,0.449373,-0.067723,-0.012398,-0.409590,0.300748,-0.861181,0.000343,191.849785
441756,0.050098,0.449373,-0.067723,-0.012398,-0.409590,0.300748,-0.861181,0.000343,191.340294
441756,0.050098,0.449373,-0.067723,-0.012398,-0.409590,0.300748,-0.861181,0.000343,190.834236
441756,0.050098,0.449373,-0.067723,-0.012398,-0.409590,0.300748,-0.861181,0.000000,190.339165
441756,0.050098,0.449373,-0.067723,-0.012398,-0.409590,0.300748,-0.861181,0.000000,189.897308
441756,0.050098,0.449373,-0.067723,-0.012398,-0.409590,0.300748,-0.861181,0.000000,189.355202
441756,0.050098,0.449373,-0.067723,-0.012398,-0.409590,0.300748,-0.861181,0.000343,188.873177
441756,0.050098,0.449373,-0.067723,-0.012398,-0.409590,0.300748,-0.861181,0.000343,188.421021
441756,0.050098,0.449373,-0.067723,-0.012398,-0.409590,0.300748,-0.861181,0.000343,187.847328
441756,0.050098,0.449373,-0.067723,-0.012398,-0.409590,0.300748,-0.861181,0.000343,187.334061
441756,0.050098,0.449373,-0.067723,-0.012398,-0.409590,0.300748,-0.861181,0.000343,186.853752
441756,0.050098,0.449373,-0.067723,-0.012398,-0.409590,0.300748,-0.861181,0.000000,186.407433
441756,0.050098,0.449373,-0.067723,-0.012398,-0.409590,0.300748,-0.861181,0.000000,185.842323
441756,0.050098,0.449373,-0.067723,-0.012398,-0.409590,0.300748,-0.861181,0.000000,185.385704
441756,0.050098,0.449373,-0.067723,-0.012398,-0.409590,0.300748,-0.861181,0.000343,184.890289
441756,0.050098,0.449373,-0.067723,-0.012398,-0.409590,0.300748,-0.861181,0.000343,184.395905
441756,0.050098,0.449373,-0.067723,-0.012398,-0.409590,0.300748,-0.861181,0.000000,183.854828
441756,0.050098,0.449373,-0.067723,-0.012398,-0.409590,0.300748,-0.861181,0.000000,183.365936
441756,0.050098,0.449373,-0.067723,-0.012398,-0.409590,0.300748,-0.861181,0.000343,182.901421
441756,0.050098,0.449373,-0.067723,-0.012398,-0.409590,0.300748,-0.861181,0.000000,182.345238
441863,0.049049,0.449723,-0.067212,-0.012321,-0.412616,0.279593,-0.866847,0.000000,181.863899
441867,0.048994,0.449739,-0.067179,-0.012287,-0.412837,0.278447,-0.867111,0.000000,181.424103
441870,0.048938,0.449753,-0.067158,-0.012242,-0.412906,0.277471,-0.867392,0.000343,180.849380
441874,0.048880,0.449766,-0.067121,-0.012284,-0.413045,0.276354,-0.867682,0.000343,180.372505
441877,0.048837,0.449780,-0.067109,-0.012211,-0.413180,0.275553,-0.867873,0.000343,179.820442
441881,0.048794,0.449793,-0.067089,-0.012273,-0.413192,0.274773,-0.868114,0.000343,179.332581
441884,0.048774,0.449798,-0.067086,-0.012248,-0.413264,0.274290,-0.868232,0.000343,178.902397
441888,0.048743,0.449813,-0.067076,-0.012180,-0.413450,0.273513,-0.868390,0.000343,178.366470
441892,0.048701,0.449820,-0.067055,-0.012341,-0.413424,0.272756,-0.868638,0.000000,177.912254
441895,0.048669,0.449835,-0.067035,-0.012315,-0.413545,0.272084,-0.868792,0.000343,177.358131
441899,0.048633,0.449850,-0.067010,-0.012364,-0.413658,0.271306,-0.868981,0.000000,176.879539
441902,0.048601,0.449857,-0.066992,-0.012342,-0.413739,0.270650,-0.869147,0.000000,176.384468
441906,0.048563,0.449867,-0.066973,-0.012348,-0.413864,0.270002,-0.869289,0.000343,175.902100
441909,0.048539,0.449879,-0.066966,-0.012303,-0.413923,0.269459,-0.869430,0.000343,175.317078
441913,0.048503,0.449887,-0.066953,-0.012282,-0.413962,0.268842,-0.869603,0.000000,174.822693
441916,0.048450,0.449920,-0.066948,-0.011383,-0.414234,0.266990,-0.870056,0.000343,174.342384
441920,0.048412,0.449930,-0.066935,-0.011317,-0.414390,0.266254,-0.870208,0.000000,173.899841
441924,0.048376,0.449938,-0.066919,-0.011369,-0.414436,0.265712,-0.870351,0.000343,173.356361
441927,0.048346,0.449942,-0.066904,-0.011353,-0.414546,0.265177,-0.870462,0.000343,172.904205
441931,0.048311,0.449955,-0.066883,-0.011361,-0.414610,0.264367,-0.870678,0.000343,172.356606
441934,0.048291,0.449961,-0.066874,-0.011373,-0.414669,0.263904,-0.870790,0.000343,171.861191
441938,0.048267,0.449972,-0.066863,-0.011309,-0.414776,0.263368,-0.870902,0.000000,171.436157
441941,0.048245,0.449981,-0.066855,-0.011263,-0.414864,0.262804,-0.871031,0.000000,170.869331
441945,0.048207,0.449990,-0.066836,-0.011338,-0.414889,0.262110,-0.871227,0.000343,170.326881
441948,0.048169,0.450000,-0.066817,-0.011329,-0.414981,0.261381,-0.871402,0.000000,169.813271
441952,0.048124,0.450014,-0.066792,-0.011279,-0.415140,0.260505,-0.871590,0.000000,169.398193
441955,0.048090,0.450021,-0.066777,-0.011313,-0.415193,0.259927,-0.871737,0.000343,168.853340
441959,0.048057,0.450029,-0.066762,-0.011345,-0.415319,0.259335,-0.871853,0.000000,168.350029
441963,0.048011,0.450041,-0.066743,-0.011334,-0.415367,0.258361,-0.872119,0.000343,167.857018
441966,0.047979,0.450050,-0.066733,-0.011341,-0.415450,0.257733,-0.872265,0.000000,167.353020
441970,0.047942,0.450060,-0.066713,-0.011322,-0.415624,0.257002,-0.872398,0.000343,166.910820
441973,0.047902,0.450068,-0.066694,-0.011270,-0.415728,0.256231,-0.872576,0.000000,166.439781
441977,0.047852,0.450077,-0.066670,-0.011308,-0.415786,0.255345,-0.872808,0.000000,165.884285
441980,0.047819,0.450087,-0.066652,-0.011291,-0.415877,0.254656,-0.872966,0.000000,165.340118
441984,0.047762,0.450101,-0.066629,-0.011347,-0.415971,0.253556,-0.873240,0.000343,164.876976
441987,0.047730,0.450113,-0.066612,-0.011331,-0.416053,0.252866,-0.873402,0.000000,164.405251
441991,0.047693,0.450122,-0.066597,-0.011362,-0.416139,0.252173,-0.873561,0.000000,163.857651
441994,0.047666,0.450131,-0.066587,-0.011344,-0.416208,0.251667,-0.873674,0.000000,163.346100
441998,0.047635,0.450138,-0.066573,-0.011363,-0.416218,0.251098,-0.873833,0.000000,162.883987
442001,0.047607,0.450144,-0.066562,-0.011352,-0.416276,0.250580,-0.873953,0.000000,162.346001
442005,0.047577,0.450154,-0.066551,-0.011321,-0.416396,0.249940,-0.874080,0.000000,161.859512
442009,0.047543,0.450163,-0.066535,-0.011409,-0.416420,0.249293,-0.874252,0.000000,161.375084
442012,0.047514,0.450167,-0.066522,-0.011339,-0.416527,0.248748,-0.874358,0.000000,160.926704
442016,0.047483,0.450176,-0.066506,-0.011273,-0.416613,0.247973,-0.874537,0.000000,160.362282
442019,0.047452,0.450180,-0.066490,-0.011277,-0.416673,0.247410,-0.874669,0.000000,159.883003
442023,0.047409,0.450192,-0.066464,-0.011267,-0.416815,0.246540,-0.874846,0.000000,159.341927
442027,0.047356,0.450205,-0.066439,-0.011244,-0.416895,0.245533,-0.875092,0.000000,158.911057
442030,0.047320,0.450210,-0.066419,-0.011253,-0.417002,0.244921,-0.875212,0.000000,158.361053
442034,0.047266,0.450218,-0.066400,-0.011295,-0.417166,0.243874,-0.875426,0.000000,157.886925
442037,0.047229,0.450232,-0.066388,-0.011205,-0.417251,0.243082,-0.875607,0.000000,157.334175
442041,0.047175,0.450243,-0.066372,-0.011220,-0.417326,0.242075,-0.875850,0.000000,156.899185
442044,0.047139,0.450253,-0.066361,-0.011211,-0.417437,0.241473,-0.875963,0.000000,156.365318
442048,0.047101,0.450265,-0.066339,-0.011196,-0.417544,0.240520,-0.876175,0.000000,155.865440
442051,0.047063,0.450273,-0.066321,-0.011202,-0.417620,0.239771,-0.876343,0.000000,155.399208
442055,0.047022,0.450282,-0.066290,-0.011185,-0.417804,0.238914,-0.876490,0.000000,154.843025
442058,0.046992,0.450288,-0.066272,-0.011151,-0.417872,0.238218,-0.876647,0.000000,154.363747
442062,0.046949,0.450296,-0.066247,-0.011153,-0.417952,0.237462,-0.876815,0.000000,153.880348
442066,0.046908,0.450305,-0.066227,-0.011170,-0.418104,0.236533,-0.876993,0.000000,153.404503
442069,0.046864,0.450315,-0.066213,-0.011138,-0.418178,0.235814,-0.877152,0.000000,152.832870
442073,0.046811,0.450324,-0.066190,-0.011202,-0.418244,0.234884,-0.877369,0.000000,152.329559
442076,0.046762,0.450334,-0.066172,-0.011193,-0.418326,0.234026,-0.877559,0.000000,151.894226
442080,0.046703,0.450349,-0.066145,-0.011159,-0.418412,0.232930,-0.877810,0.000000,151.341820
442083,0.046676,0.450355,-0.066133,-0.011186,-0.418465,0.232431,-0.877917,0.000000,150.848808
442087,0.046632,0.450361,-0.066116,-0.011142,-0.418641,0.231603,-0.878052,0.000000,150.390816
442090,0.046607,0.450369,-0.066105,-0.011109,-0.418673,0.230966,-0.878205,0.000000,149.848022
442094,0.046568,0.450374,-0.066087,-0.011188,-0.418698,0.230289,-0.878370,0.000000,149.357758
442097,0.046539,0.450380,-0.066069,-0.011143,-0.418804,0.229657,-0.878486,0.000000,148.875732
442101,0.046499,0.450390,-0.066044,-0.011169,-0.418895,0.228747,-0.878679,0.000000,148.369331
442105,0.046440,0.450398,-0.066013,-0.011162,-0.418985,0.227722,-0.878903,0.000000,147.840614
442108,0.046402,0.450407,-0.065992,-0.011143,-0.419064,0.227003,-0.879051,0.000000,147.393608
442111,0.046369,0.450415,-0.065978,-0.011144,-0.419180,0.226325,-0.879171,0.000000,146.863861
442115,0.046321,0.450421,-0.065956,-0.011223,-0.419189,0.225473,-0.879384,0.000000,146.393852
442119,0.046285,0.450428,-0.065947,-0.011200,-0.419322,0.224675,-0.879525,0.000000,145.831490
442122,0.046252,0.450436,-0.065931,-0.011194,-0.419373,0.223969,-0.879681,0.000000,145.389633
442126,0.046193,0.450448,-0.065906,-0.011251,-0.419397,0.222879,-0.879946,0.000000,144.847870
442129,0.046161,0.450453,-0.065894,-0.011255,-0.419495,0.222328,-0.880038,0.000000,144.355545
442133,0.046122,0.450462,-0.065873,-0.011257,-0.419576,0.221560,-0.880194,0.000000,143.917465
442136,0.046092,0.450467,-0.065864,-0.011267,-0.419644,0.221112,-0.880273,0.000000,143.378448
442140,0.046061,0.450474,-0.065851,-0.011218,-0.419760,0.220488,-0.880376,0.000000,142.856255
442144,0.046025,0.450483,-0.065840,-0.011233,-0.419766,0.219714,-0.880566,0.000000,142.342644
442147,0.046001,0.450485,-0.065830,-0.011239,-0.419835,0.219268,-0.880644,0.000000,141.858559
442151,0.045968,0.450490,-0.065811,-0.011234,-0.419950,0.218551,-0.880767,0.000000,141.413612
442154,0.045942,0.450495,-0.065796,-0.011223,-0.420031,0.218028,-0.880858,0.000000,140.850220
442158,0.045898,0.450501,-0.065770,-0.011316,-0.420038,0.217230,-0.881051,0.000000,140.333862
442161,0.045861,0.450509,-0.065753,-0.011329,-0.420111,0.216645,-0.881160,0.000000,139.883766
442165,0.045821,0.450519,-0.065736,-0.011213,-0.420189,0.215728,-0.881349,0.000000,139.341660
442169,0.045772,0.450526,-0.065722,-0.011216,-0.420326,0.214910,-0.881484,0.000000,138.908043
442172,0.045731,0.450533,-0.065708,-0.011164,-0.420388,0.214159,-0.881638,0.000000,138.366966
442176,0.045675,0.450543,-0.065687,-0.011160,-0.420423,0.213055,-0.881889,-0.000343,137.860565
442179,0.045621,0.450549,-0.065663,-0.011173,-0.420497,0.212228,-0.882053,-0.000343,137.400856
442183,0.045572,0.450557,-0.065640,-0.011092,-0.420657,0.211244,-0.882213,0.000000,136.870079
442186,0.045540,0.450563,-0.065618,-0.011026,-0.420725,0.210543,-0.882350,0.000000,136.376038
442190,0.045492,0.450573,-0.065592,-0.011084,-0.420763,0.209574,-0.882561,0.000000,135.872040
442193,0.045467,0.450577,-0.065576,-0.011065,-0.420842,0.208971,-0.882667,0.000000,135.353279
442197,0.045424,0.450586,-0.065549,-0.011077,-0.420933,0.207948,-0.882865,0.000000,134.829369
442200,0.045386,0.450594,-0.065531,-0.011082,-0.420970,0.207248,-0.883012,0.000000,134.370346
442204,0.045343,0.450604,-0.065507,-0.011124,-0.421095,0.206294,-0.883175,0.000000,133.823433
442208,0.045287,0.450614,-0.065484,-0.011118,-0.421141,0.205375,-0.883367,0.000000,133.347931
442211,0.045253,0.450618,-0.065472,-0.011156,-0.421175,0.204840,-0.883475,0.000000,132.853546
442215,0.045212,0.450626,-0.065464,-0.011066,-0.421304,0.204101,-0.883585,-0.000343,132.402077
442218,0.045184,0.450630,-0.065458,-0.011029,-0.421312,0.203607,-0.883696,0.000000,131.885033
442222,0.045159,0.450633,-0.065450,-0.011061,-0.421337,0.203068,-0.883808,0.000000,131.461372
442225,0.045139,0.450642,-0.065435,-0.010927,-0.421448,0.202600,-0.883864,0.000000,130.879097
442229,0.045102,0.450641,-0.065417,-0.011067,-0.421443,0.201734,-0.884062,0.000000,130.331497
442232,0.045072,0.450647,-0.065390,-0.010958,-0.421586,0.201114,-0.884137,-0.000343,129.893417
442236,0.045021,0.450655,-0.065356,-0.010972,-0.421683,0.200066,-0.884329,0.000000,129.330711
442240,0.044965,0.450660,-0.065328,-0.011050,-0.421708,0.199005,-0.884555,-0.000343,128.817101
442243,0.044921,0.450666,-0.065306,-0.011063,-0.421759,0.198207,-0.884709,0.000000,128.368721
442246,0.044885,0.450673,-0.065291,-0.011045,-0.421868,0.197548,-0.884805,-0.000343,127.832794
442250,0.044836,0.450684,-0.065279,-0.010944,-0.421932,0.196669,-0.884972,-0.000343,127.401924
442254,0.044794,0.450689,-0.065267,-0.010975,-0.421994,0.195902,-0.885112,0.000000,126.877670
442257,0.044760,0.450695,-0.065255,-0.010900,-0.422098,0.195370,-0.885181,0.000000,126.403542
442261,0.044712,0.450698,-0.065229,-0.010935,-0.422156,0.194342,-0.885379,0.000000,125.940399
442264,0.044677,0.450705,-0.065210,-0.010967,-0.422200,0.193626,-0.885515,0.000000,125.349884
442268,0.044627,0.450710,-0.065179,-0.010969,-0.422334,0.192542,-0.885687,-0.000343,124.889145
442271,0.044586,0.450713,-0.065157,-0.010962,-0.422427,0.191722,-0.885821,-0.000343,124.341888
442275,0.044540,0.450721,-0.065137,-0.010988,-0.422451,0.190787,-0.886011,0.000000,123.865356
442279,0.044503,0.450726,-0.065120,-0.010947,-0.422601,0.189982,-0.886113,-0.000343,123.356552
442282,0.044466,0.450732,-0.065108,-0.010947,-0.422651,0.189280,-0.886239,-0.000343,122.829208
442286,0.044430,0.450735,-0.065088,-0.011047,-0.422692,0.188613,-0.886360,-0.000343,122.351303
442289,0.044399,0.450740,-0.065077,-0.010983,-0.422764,0.188073,-0.886442,-0.000343,121.878204
442293,0.044358,0.450745,-0.065055,-0.011032,-0.422790,0.187251,-0.886602,0.000000,121.390686
442296,0.044327,0.450747,-0.065040,-0.011104,-0.422816,0.186691,-0.886707,0.000000,120.933723
442300,0.044290,0.450753,-0.065030,-0.011015,-0.422945,0.185982,-0.886796,0.000000,120.357628
442303,0.044260,0.450756,-0.065017,-0.011059,-0.422981,0.185442,-0.886891,0.000000,119.894829
442307,0.044208,0.450760,-0.065009,-0.011198,-0.422886,0.184590,-0.887112,-0.000343,119.340363
442311,0.044170,0.450770,-0.064984,-0.011078,-0.423065,0.183718,-0.887210,0.000000,118.892670
442314,0.044131,0.450772,-0.064971,-0.011021,-0.423127,0.182978,-0.887334,-0.000343,118.377686
442317,0.044088,0.450774,-0.064955,-0.011161,-0.423066,0.182184,-0.887524,-0.000343,117.829742
442321,0.044042,0.450777,-0.064922,-0.011169,-0.423199,0.181211,-0.887660,-0.000343,117.394409
442325,0.043996,0.450782,-0.064895,-0.011257,-0.423166,0.180269,-0.887866,0.000000,116.861229
442328,0.043967,0.450782,-0.064869,-0.011274,-0.423242,0.179623,-0.887961,-0.000343,116.433792
442332,0.043919,0.450793,-0.064851,-0.011060,-0.423373,0.178728,-0.888082,-0.000343,115.882759
442335,0.043882,0.450794,-0.064834,-0.011131,-0.423384,0.178043,-0.888213,-0.000343,115.401421
442339,0.043830,0.450801,-0.064825,-0.011105,-0.423426,0.177309,-0.888341,-0.000343,114.836998
442343,0.043785,0.450807,-0.064814,-0.011064,-0.423524,0.176542,-0.888447,-0.000343,114.353943
442346,0.043756,0.450809,-0.064810,-0.011065,-0.423546,0.176024,-0.888539,-0.000343,113.917580
442349,0.043728,0.450813,-0.064806,-0.011057,-0.423563,0.175611,-0.888613,-0.000343,113.343887
442353,0.043698,0.450816,-0.064789,-0.011077,-0.423667,0.174937,-0.888696,-0.000343,112.887955
442357,0.043663,0.450820,-0.064769,-0.011066,-0.423658,0.174146,-0.888856,0.000000,112.340698
442360,0.043640,0.450820,-0.064741,-0.011058,-0.423730,0.173547,-0.888939,-0.000343,111.843567
442364,0.043612,0.450826,-0.064719,-0.011009,-0.423795,0.172781,-0.889058,-0.000343,111.405830
442367,0.043587,0.450830,-0.064701,-0.011034,-0.423843,0.172259,-0.889136,-0.000343,110.867500
442371,0.043545,0.450830,-0.064680,-0.011081,-0.423893,0.171517,-0.889255,-0.000343,110.364876
442374,0.043505,0.450836,-0.064670,-0.011028,-0.423946,0.170769,-0.889374,0.000000,109.897270
442378,0.043428,0.450841,-0.064641,-0.011066,-0.423991,0.169417,-0.889611,-0.000343,109.358253
442381,0.043376,0.450849,-0.064624,-0.011056,-0.424008,0.168569,-0.889764,-0.000343,108.924637
442385,0.043316,0.450854,-0.064601,-0.011016,-0.424155,0.167539,-0.889889,-0.000343,108.360558
442388,0.043269,0.450858,-0.064582,-0.010982,-0.424221,0.166691,-0.890017,0.000000,107.824974
442392,0.043230,0.450860,-0.064565,-0.011035,-0.424214,0.165959,-0.890157,0.000000,107.327843
442395,0.043204,0.450861,-0.064545,-0.011096,-0.424251,0.165387,-0.890244,-0.000343,106.843071
442399,0.043174,0.450868,-0.064529,-0.010991,-0.424373,0.164598,-0.890334,-0.000343,106.397438
442403,0.043145,0.450864,-0.064505,-0.011083,-0.424399,0.163920,-0.890446,-0.000343,105.858421
442406,0.043116,0.450866,-0.064495,-0.010994,-0.424473,0.163365,-0.890514,0.000000,105.361290
442410,0.043078,0.450869,-0.064472,-0.010987,-0.424521,0.162562,-0.890638,-0.000343,104.906387
442413,0.043040,0.450869,-0.064458,-0.010998,-0.424530,0.161974,-0.890740,-0.000343,104.358788
442417,0.042995,0.450876,-0.064443,-0.010942,-0.424662,0.161220,-0.890815,-0.000343,103.929634
442420,0.042952,0.450879,-0.064424,-0.010935,-0.424714,0.160378,-0.890942,-0.000343,103.372765
442424,0.042895,0.450884,-0.064406,-0.010901,-0.424730,0.159415,-0.891107,0.000000,102.837868
442427,0.042857,0.450886,-0.064390,-0.010952,-0.424826,0.158744,-0.891181,0.000000,102.387428
442431,0.042801,0.450892,-0.064369,-0.010880,-0.424894,0.157701,-0.891335,0.000000,101.904373
442435,0.042760,0.450893,-0.064347,-0.010953,-0.424975,0.156903,-0.891436,0.000000,101.389732
442438,0.042722,0.450896,-0.064330,-0.010981,-0.425023,0.156118,-0.891550,0.000000,100.834579
442442,0.042665,0.450902,-0.064303,-0.010990,-0.425047,0.154941,-0.891744,-0.000343,100.342598
442445,0.042625,0.450901,-0.064281,-0.011051,-0.425091,0.154156,-0.891858,-0.000343,99.900742
442449,0.042587,0.450906,-0.064264,-0.010977,-0.425192,0.153422,-0.891937,-0.000343,99.355545
442452,0.042559,0.450905,-0.064248,-0.010973,-0.425216,0.152824,-0.892029,-0.000343,98.921585
442456,0.042518,0.450906,-0.064232,-0.010959,-0.425244,0.152076,-0.892144,-0.000343,98.420334
442460,0.042475,0.450906,-0.064210,-0.010964,-0.425374,0.151227,-0.892226,-0.000343,97.900200
442463,0.042443,0.450911,-0.064197,-0.010970,-0.425359,0.150609,-0.892337,0.000000,97.342644
442467,0.042403,0.450912,-0.064176,-0.010983,-0.425417,0.149879,-0.892433,0.000000,96.912460
442470,0.042363,0.450908,-0.064160,-0.010980,-0.425467,0.149151,-0.892531,-0.000343,96.360741
442474,0.042317,0.450915,-0.064146,-0.010956,-0.425518,0.148346,-0.892641,-0.000343,95.892448
442477,0.042289,0.450914,-0.064133,-0.010957,-0.425537,0.147782,-0.892726,-0.000343,95.340042
442481,0.042253,0.450917,-0.064122,-0.010881,-0.425626,0.147083,-0.892799,-0.000343,94.898529
442484,0.042227,0.450919,-0.064106,-0.010889,-0.425631,0.146381,-0.892912,-0.000343,94.405174
442488,0.042183,0.450923,-0.064081,-0.010935,-0.425699,0.145619,-0.893004,0.000000,93.861694
442491,0.042108,0.450916,-0.064091,-0.011144,-0.426718,0.145547,-0.892527,0.000000,93.366280
442495,0.042061,0.450920,-0.064062,-0.011134,-0.426785,0.144593,-0.892650,-0.000343,92.855415
442499,0.042005,0.450922,-0.064039,-0.011173,-0.426843,0.143574,-0.892786,0.000000,92.393303
442502,0.041963,0.450923,-0.064019,-0.011213,-0.426864,0.142706,-0.892914,-0.000343,91.859093
442506,0.041895,0.450925,-0.063995,-0.011112,-0.426867,0.141494,-0.893107,0.000000,91.366081
442509,0.041846,0.450927,-0.063972,-0.011164,-0.426932,0.140628,-0.893212,-0.000343,90.889549
442513,0.041795,0.450932,-0.063947,-0.011134,-0.427018,0.139610,-0.893331,-0.000343,90.379715
442517,0.041747,0.450932,-0.063922,-0.011179,-0.427047,0.138714,-0.893457,-0.000343,89.832115
442520,0.041716,0.450932,-0.063910,-0.011178,-0.427073,0.138140,-0.893533,0.000000,89.393692
442523,0.041682,0.450932,-0.063894,-0.011138,-0.427123,0.137452,-0.893616,-0.000343,88.854675
442527,0.041633,0.450932,-0.063873,-0.011148,-0.427176,0.136496,-0.893737,-0.000343,88.362694
442531,0.041587,0.450937,-0.063851,-0.011123,-0.427228,0.135586,-0.893851,0.000000,87.910194
442534,0.041552,0.450935,-0.063833,-0.011105,-0.427320,0.134914,-0.893909,-0.000343,87.349548
442538,0.041509,0.450938,-0.063815,-0.011144,-0.427306,0.134096,-0.894038,-0.000343,86.917305
442541,0.041478,0.450939,-0.063800,-0.011191,-0.427349,0.133555,-0.894098,0.000000,86.376915
442545,0.041435,0.450941,-0.063777,-0.011134,-0.427460,0.132603,-0.894187,-0.000343,85.903473
442548,0.041394,0.450942,-0.063757,-0.011082,-0.427468,0.131748,-0.894310,0.000000,85.326347
442552,0.041345,0.450942,-0.063730,-0.011164,-0.427516,0.130785,-0.894428,0.000000,84.887581
442555,0.041303,0.450944,-0.063710,-0.011168,-0.427530,0.130053,-0.894528,-0.000343,84.344444
442559,0.041243,0.450944,-0.063680,-0.011119,-0.427594,0.128799,-0.894679,-0.000343,83.892632
442562,0.041187,0.450943,-0.063658,-0.011153,-0.427613,0.127809,-0.894812,0.000000,83.346748
442566,0.041110,0.450948,-0.063625,-0.011054,-0.427754,0.126482,-0.894934,-0.000343,82.853394
442570,0.041046,0.450947,-0.063601,-0.011091,-0.427747,0.125377,-0.895092,-0.000343,82.352486
442573,0.041010,0.450949,-0.063587,-0.011074,-0.427777,0.124776,-0.895162,-0.000343,81.855011
442577,0.040965,0.450949,-0.063570,-0.011003,-0.427892,0.123911,-0.895228,0.000000,81.427917
442580,0.040943,0.450949,-0.063562,-0.010987,-0.427896,0.123445,-0.895291,-0.000343,80.872765
442584,0.040911,0.450950,-0.063544,-0.011070,-0.427921,0.122780,-0.895369,-0.000343,80.341988
442587,0.040885,0.450952,-0.063532,-0.011067,-0.427948,0.122243,-0.895430,-0.000343,79.894295
442591,0.040847,0.450951,-0.063508,-0.011060,-0.427942,0.121445,-0.895541,-0.000343,79.355278
442595,0.040804,0.450950,-0.063485,-0.011075,-0.428063,0.120721,-0.895581,-0.000343,78.896599
442598,0.040769,0.450951,-0.063466,-0.011060,-0.428084,0.120018,-0.895666,0.000000,78.336983
442602,0.040713,0.450948,-0.063446,-0.011108,-0.428063,0.118972,-0.895815,-0.000343,77.896843
442605,0.040678,0.450948,-0.063435,-0.011137,-0.428070,0.118488,-0.895875,0.000000,77.351990
442609,0.040641,0.450948,-0.063419,-0.011090,-0.428171,0.117661,-0.895937,0.000000,76.852798
442612,0.040605,0.450948,-0.063408,-0.011085,-0.428177,0.117069,-0.896011,-0.000343,76.372490
442616,0.040567,0.450944,-0.063385,-0.011101,-0.428210,0.116340,-0.896091,0.000000,75.929947
442619,0.040535,0.450943,-0.063369,-0.011081,-0.428266,0.115736,-0.896142,0.000000,75.357285
442623,0.040488,0.450943,-0.063347,-0.011097,-0.428247,0.114768,-0.896275,0.000000,74.839897
442626,0.040454,0.450940,-0.063330,-0.011086,-0.428280,0.114167,-0.896337,0.000000,74.350662
442630,0.040417,0.450943,-0.063318,-0.011058,-0.428349,0.113391,-0.896403,-0.000343,73.899879
442633,0.040386,0.450941,-0.063299,-0.010995,-0.428418,0.112753,-0.896451,0.000000,73.341637
442637,0.040346,0.450943,-0.063286,-0.011093,-0.428382,0.112040,-0.896556,-0.000343,72.890854
442641,0.040311,0.450942,-0.063267,-0.011063,-0.428471,0.111227,-0.896615,0.000000,72.352180
442644,0.040280,0.450943,-0.063252,-0.011069,-0.428512,0.110653,-0.896667,-0.000343,71.909981
442648,0.040232,0.450939,-0.063227,-0.011147,-0.428479,0.109741,-0.896794,-0.000343,71.415596
442651,0.040203,0.450937,-0.063207,-0.011152,-0.428547,0.109138,-0.896835,-0.000343,70.875206
442655,0.040159,0.450939,-0.063190,-0.011115,-0.428571,0.108354,-0.896918,0.000000,70.410347
442658,0.040135,0.450936,-0.063175,-0.011149,-0.428598,0.107860,-0.896965,0.000000,69.846611
442662,0.040100,0.450938,-0.063168,-0.011108,-0.428632,0.107153,-0.897034,-0.000343,69.353600
442665,0.040071,0.450936,-0.063157,-0.011053,-0.428681,0.106607,-0.897076,0.000000,68.909340
442669,0.040034,0.450935,-0.063142,-0.011083,-0.428632,0.105922,-0.897180,-0.000343,68.353844
442673,0.039994,0.450932,-0.063124,-0.011022,-0.428685,0.105100,-0.897253,-0.000343,67.837486
442676,0.039964,0.450931,-0.063105,-0.011040,-0.428690,0.104526,-0.897317,-0.000343,67.340355
442680,0.039925,0.450932,-0.063086,-0.011017,-0.428737,0.103743,-0.897385,0.000000,66.901245
442683,0.039899,0.450928,-0.063069,-0.011059,-0.428736,0.103132,-0.897456,-0.000343,66.413040
442687,0.039857,0.450927,-0.063051,-0.011020,-0.428721,0.102244,-0.897565,-0.000343,65.866127
442690,0.039827,0.450924,-0.063040,-0.011084,-0.428738,0.101675,-0.897621,0.000000,65.407791
442694,0.039782,0.450925,-0.063022,-0.011073,-0.428820,0.100844,-0.897675,-0.000343,64.848862
442697,0.039748,0.450926,-0.063011,-0.011133,-0.428803,0.100210,-0.897754,-0.000343,64.417305
442701,0.039707,0.450923,-0.062991,-0.011259,-0.428788,0.099477,-0.897841,0.000000,63.929443
442704,0.039670,0.450923,-0.062984,-0.011181,-0.428841,0.098893,-0.897882,-0.000343,63.363304
442708,0.039620,0.450918,-0.062961,-0.011220,-0.428860,0.097919,-0.897978,-0.000343,62.831497
442712,0.039572,0.450918,-0.062938,-0.011129,-0.428930,0.097129,-0.898032,0.000000,62.391701
442715,0.039546,0.450914,-0.062922,-0.011137,-0.428936,0.096572,-0.898089,-0.000343,61.847191
442719,0.039514,0.450913,-0.062903,-0.011143,-0.428959,0.095918,-0.898148,0.000000,61.349373
442722,0.039490,0.450911,-0.062895,-0.011142,-0.428954,0.095426,-0.898203,-0.000343,60.850525
442726,0.039463,0.450909,-0.062884,-0.011084,-0.429045,0.094638,-0.898243,0.000000,60.399399
442729,0.039439,0.450909,-0.062882,-0.011033,-0.429033,0.094111,-0.898305,0.000000,59.896088
442733,0.039409,0.450904,-0.062864,-0.011056,-0.429057,0.093430,-0.898364,0.000000,59.404106
442737,0.039360,0.450906,-0.062840,-0.010941,-0.429089,0.092594,-0.898437,0.000000,58.925514
442740,0.039318,0.450902,-0.062812,-0.011042,-0.429098,0.091898,-0.898503,0.000000,58.369331
442744,0.039255,0.450900,-0.062778,-0.010989,-0.429227,0.090926,-0.898541,0.000000,57.891083
442747,0.039208,0.450901,-0.062764,-0.011007,-0.429237,0.090145,-0.898615,0.000000,57.337990
442751,0.039150,0.450898,-0.062749,-0.011106,-0.429220,0.089098,-0.898726,-0.000343,56.913643
442754,0.039100,0.450898,-0.062744,-0.011050,-0.429237,0.088346,-0.898793,0.000000,56.398315
442758,0.039037,0.450895,-0.062721,-0.010957,-0.429324,0.087211,-0.898863,0.000000,55.828743
442761,0.038983,0.450890,-0.062707,-0.011024,-0.429268,0.086366,-0.898971,0.000000,55.338135
442765,0.038936,0.450884,-0.062681,-0.010982,-0.429329,0.085474,-0.899028,0.000000,54.845467
442768,0.038912,0.450883,-0.062669,-0.010947,-0.429380,0.084846,-0.899063,0.000000,54.400864
442772,0.038879,0.450877,-0.062655,-0.010941,-0.429368,0.083844,-0.899163,-0.000343,53.860130
442776,0.038844,0.450871,-0.062631,-0.010932,-0.429441,0.082960,-0.899210,-0.000343,53.373299
442779,0.038808,0.450870,-0.062611,-0.010941,-0.429460,0.082215,-0.899269,-0.000343,52.860374
442783,0.038748,0.450864,-0.062566,-0.011019,-0.429487,0.081143,-0.899353,0.000000,52.354317
442786,0.038696,0.450862,-0.062540,-0.011086,-0.429459,0.080228,-0.899447,0.000000,51.865082
442790,0.038620,0.450859,-0.062504,-0.011058,-0.429609,0.078841,-0.899499,-0.000343,51.361771
442793,0.038552,0.450856,-0.062482,-0.011090,-0.429593,0.077711,-0.899604,0.000000,50.890732
442797,0.038496,0.450854,-0.062473,-0.010983,-0.429635,0.076715,-0.899671,0.000000,50.327339
442801,0.038438,0.450845,-0.062451,-0.010971,-0.429690,0.075679,-0.899733,0.000000,49.837074
442804,0.038403,0.450844,-0.062440,-0.010911,-0.429727,0.075053,-0.899768,0.000000,49.342690
442808,0.038367,0.450838,-0.062420,-0.010920,-0.429767,0.074256,-0.899815,0.000000,48.854141
442811,0.038316,0.450835,-0.062400,-0.010832,-0.429783,0.073220,-0.899894,0.000000,48.417435
442815,0.038255,0.450825,-0.062368,-0.010817,-0.429786,0.071982,-0.899992,-0.000343,47.858849
442818,0.038219,0.450820,-0.062345,-0.010846,-0.429811,0.071182,-0.900044,0.000000,47.350731
442822,0.038158,0.450816,-0.062314,-0.010805,-0.429870,0.070119,-0.900099,0.000000,46.921234
442825,0.038121,0.450812,-0.062284,-0.010876,-0.429915,0.069411,-0.900132,0.000000,46.366425
442829,0.038071,0.450809,-0.062257,-0.010915,-0.429935,0.068389,-0.900200,-0.000343,45.854874
442832,0.038025,0.450805,-0.062235,-0.010858,-0.429980,0.067427,-0.900252,0.000000,45.397568
442836,0.037960,0.450794,-0.062208,-0.010943,-0.429926,0.066154,-0.900371,0.000000,44.844818
442839,0.037928,0.450792,-0.062193,-0.010886,-0.429970,0.065484,-0.900400,0.000000,44.343567
442843,0.037881,0.450789,-0.062173,-0.010853,-0.429987,0.064599,-0.900456,0.000000,43.909950
442846,0.037843,0.450788,-0.062158,-0.010837,-0.429966,0.063901,-0.900516,0.000000,43.380203
442850,0.037806,0.450783,-0.062148,-0.010877,-0.430009,0.063187,-0.900545,-0.000343,42.934227
442854,0.037766,0.450782,-0.062139,-0.010798,-0.430011,0.062367,-0.900602,-0.000343,42.384224
442857,0.037744,0.450779,-0.062130,-0.010833,-0.430002,0.061843,-0.900642,0.000000,41.955414
442861,0.037714,0.450776,-0.062121,-0.010860,-0.430021,0.061282,-0.900671,0.000000,41.425323
442864,0.037687,0.450772,-0.062103,-0.010816,-0.430064,0.060638,-0.900695,0.000000,40.960808
442868,0.037646,0.450764,-0.062080,-0.010865,-0.430060,0.059827,-0.900750,-0.000343,40.396729
442871,0.037612,0.450759,-0.062060,-0.010851,-0.430050,0.059105,-0.900803,0.000000,39.914360
442875,0.037566,0.450753,-0.062030,-0.010840,-0.430108,0.058081,-0.900842,0.000000,39.421349
442879,0.037509,0.450741,-0.062002,-0.010853,-0.430099,0.057017,-0.900914,0.000000,38.917007
442882,0.037464,0.450736,-0.061974,-0.010826,-0.430162,0.056175,-0.900937,0.000000,38.488541
442886,0.037398,0.450729,-0.061948,-0.010768,-0.430196,0.055003,-0.900994,0.000000,38.003769
442889,0.037352,0.450721,-0.061928,-0.010764,-0.430250,0.054220,-0.901016,0.000000,37.475739
442893,0.037304,0.450717,-0.061913,-0.010788,-0.430254,0.053444,-0.901060,0.000000,37.015686
442896,0.037270,0.450713,-0.061905,-0.010811,-0.430255,0.052761,-0.901099,0.000000,36.543617
442900,0.037217,0.450706,-0.061887,-0.010824,-0.430276,0.051831,-0.901143,0.000000,36.101761
442903,0.037174,0.450700,-0.061872,-0.010838,-0.430277,0.051024,-0.901189,0.000000,35.570984
442907,0.037124,0.450694,-0.061851,-0.010822,-0.430287,0.050108,-0.901236,0.000000,35.082436
442910,0.037087,0.450690,-0.061839,-0.010774,-0.430297,0.049378,-0.901271,0.000000,34.588737
442914,0.037051,0.450681,-0.061825,-0.010814,-0.430331,0.048631,-0.901296,0.000000,34.165077
442917,0.037022,0.450678,-0.061817,-0.010759,-0.430356,0.048075,-0.901314,0.000343,33.650780
442921,0.036983,0.450673,-0.061805,-0.010696,-0.430348,0.047223,-0.901363,0.000000,33.179054
442925,0.036948,0.450669,-0.061787,-0.010745,-0.430340,0.046544,-0.901402,0.000000,32.709732
442928,0.036918,0.450666,-0.061770,-0.010687,-0.430385,0.045929,-0.901413,0.000000,32.299461
442932,0.036883,0.450657,-0.061739,-0.010724,-0.430380,0.045158,-0.901454,0.000000,31.838036
442935,0.036852,0.450650,-0.061719,-0.010670,-0.430414,0.044536,-0.901469,-0.000343,31.327171
442939,0.036820,0.450644,-0.061691,-0.010639,-0.430445,0.043730,-0.901494,0.000343,30.869865
442942,0.036791,0.450640,-0.061674,-0.010667,-0.430441,0.043083,-0.901527,0.000000,30.436592
442946,0.036748,0.450633,-0.061655,-0.010690,-0.430490,0.042288,-0.901541,0.000000,29.925728
442950,0.036696,0.450629,-0.061645,-0.010638,-0.430498,0.041341,-0.901582,0.000000,29.518547
442953,0.036654,0.450625,-0.061642,-0.010642,-0.430485,0.040701,-0.901617,0.000000,29.011116
442957,0.036607,0.450623,-0.061640,-0.010581,-0.430509,0.039928,-0.901641,0.000000,28.613205
442960,0.036571,0.450619,-0.061639,-0.010515,-0.430528,0.039334,-0.901659,0.000000,28.165169
442963,0.036534,0.450613,-0.061624,-0.010533,-0.430493,0.038551,-0.901709,0.000000,27.668037
442967,0.036485,0.450604,-0.061590,-0.010514,-0.430519,0.037508,-0.901741,0.000000,27.277679
442971,0.036447,0.450597,-0.061550,-0.010499,-0.430550,0.036482,-0.901768,0.000000,26.791878
442974,0.036422,0.450586,-0.061518,-0.010523,-0.430542,0.035751,-0.901801,0.000000,26.351051
442978,0.036395,0.450578,-0.061486,-0.010514,-0.430596,0.035015,-0.901804,0.000000,25.957947
442981,0.036370,0.450568,-0.061462,-0.010521,-0.430625,0.034366,-0.901815,0.000000,25.462875
442985,0.036323,0.450562,-0.061449,-0.010470,-0.430601,0.033554,-0.901858,0.000000,25.027542
442989,0.036279,0.450556,-0.061439,-0.010469,-0.430601,0.032870,-0.901883,0.000000,24.610748
442992,0.036241,0.450555,-0.061442,-0.010471,-0.430593,0.032331,-0.901906,0.000000,24.223824
442996,0.036185,0.450547,-0.061435,-0.010478,-0.430615,0.031621,-0.901921,0.000343,23.763771
442999,0.036143,0.450543,-0.061432,-0.010481,-0.430624,0.031120,-0.901934,0.000000,23.374100
442999,0.036143,0.450543,-0.061432,-0.010481,-0.430624,0.031120,-0.901934,0.000000,22.911987
442999,0.036143,0.450543,-0.061432,-0.010481,-0.430624,0.031120,-0.901934,0.000000,22.533989
442999,0.036143,0.450543,-0.061432,-0.010481,-0.430624,0.031120,-0.901934,0.000343,22.121315
442999,0.036143,0.450543,-0.061432,-0.010481,-0.430624,0.031120,-0.901934,0.000000,21.677055
442999,0.036143,0.450543,-0.061432,-0.010481,-0.430624,0.031120,-0.901934,0.000000,21.261978
442999,0.036143,0.450543,-0.061432,-0.010481,-0.430624,0.031120,-0.901934,0.000000,20.899086
442999,0.036143,0.450543,-0.061432,-0.010481,-0.430624,0.031120,-0.901934,0.000343,20.457230
442999,0.036143,0.450543,-0.061432,-0.010481,-0.430624,0.031120,-0.901934,0.000000,20.102921
442999,0.036143,0.450543,-0.061432,-0.010481,-0.430624,0.031120,-0.901934,0.000343,19.669647
442999,0.036143,0.450543,-0.061432,-0.010481,-0.430624,0.031120,-0.901934,0.000343,19.273796
442999,0.036143,0.450543,-0.061432,-0.010481,-0.430624,0.031120,-0.901934,0.000000,18.933563
442999,0.036143,0.450543,-0.061432,-0.010481,-0.430624,0.031120,-0.901934,0.000343,18.499260
442999,0.036143,0.450543,-0.061432,-0.010481,-0.430624,0.031120,-0.901934,0.000000,18.156967
442999,0.036143,0.450543,-0.061432,-0.010481,-0.430624,0.031120,-0.901934,0.000343,17.728844
442999,0.036143,0.450543,-0.061432,-0.010481,-0.430624,0.031120,-0.901934,0.000343,17.390327
442999,0.036143,0.450543,-0.061432,-0.010481,-0.430624,0.031120,-0.901934,0.000000,16.989326
442999,0.036143,0.450543,-0.061432,-0.010481,-0.430624,0.031120,-0.901934,0.000343,16.627808
442999,0.036143,0.450543,-0.061432,-0.010481,-0.430624,0.031120,-0.901934,0.000343,16.305084
442999,0.036143,0.450543,-0.061432,-0.010481,-0.430624,0.031120,-0.901934,0.000343,15.909576
442999,0.036143,0.450543,-0.061432,-0.010481,-0.430624,0.031120,-0.901934,0.000343,15.544624
442999,0.036143,0.450543,-0.061432,-0.010481,-0.430624,0.031120,-0.901934,0.000343,15.221214
442999,0.036143,0.450543,-0.061432,-0.010481,-0.430624,0.031120,-0.901934,0.000343,14.837036
442999,0.036143,0.450543,-0.061432,-0.010481,-0.430624,0.031120,-0.901934,0.000000,14.534569
442999,0.036143,0.450543,-0.061432,-0.010481,-0.430624,0.031120,-0.901934,0.000343,14.161377
442999,0.036143,0.450543,-0.061432,-0.010481,-0.430624,0.031120,-0.901934,0.000000,13.830070
442999,0.036143,0.450543,-0.061432,-0.010481,-0.430624,0.031120,-0.901934,0.000343,13.533096
442999,0.036143,0.450543,-0.061432,-0.010481,-0.430624,0.031120,-0.901934,0.000343,13.171577
442999,0.036143,0.450543,-0.061432,-0.010481,-0.430624,0.031120,-0.901934,0.000343,12.863274
442999,0.036143,0.450543,-0.061432,-0.010481,-0.430624,0.031120,-0.901934,0.000343,12.503471
442999,0.036143,0.450543,-0.061432,-0.010481,-0.430624,0.031120,-0.901934,0.000343,12.181435
443109,0.035390,0.450385,-0.061032,-0.010462,-0.430770,0.015207,-0.902273,0.000343,11.886177
443113,0.035380,0.450379,-0.061019,-0.010490,-0.430828,0.014869,-0.902251,0.000000,11.614952
443116,0.035364,0.450377,-0.061014,-0.010504,-0.430824,0.014598,-0.902257,0.000343,11.281929
443120,0.035337,0.450372,-0.061002,-0.010411,-0.430833,0.014057,-0.902262,0.000343,11.008301
443123,0.035315,0.450366,-0.060995,-0.010457,-0.430832,0.013733,-0.902267,0.000343,10.713043
443127,0.035286,0.450364,-0.060992,-0.010440,-0.430834,0.013343,-0.902272,0.000343,10.388947
443131,0.035261,0.450358,-0.060998,-0.010440,-0.430814,0.012921,-0.902288,0.000343,10.099525
443134,0.035246,0.450358,-0.061002,-0.010449,-0.430804,0.012754,-0.902295,0.000343,9.821434
443138,0.035230,0.450354,-0.061002,-0.010360,-0.430870,0.012356,-0.902270,0.000343,9.577332
443141,0.035215,0.450352,-0.060996,-0.010346,-0.430842,0.012127,-0.902287,0.000000,9.293404
443145,0.035205,0.450344,-0.060980,-0.010453,-0.430845,0.011844,-0.902288,0.000343,9.062347
443148,0.035202,0.450344,-0.060968,-0.010450,-0.430855,0.011674,-0.902285,0.000343,8.765030
443152,0.035197,0.450340,-0.060953,-0.010392,-0.430848,0.011307,-0.902294,0.000343,8.516121
443155,0.035199,0.450336,-0.060944,-0.010484,-0.430848,0.011172,-0.902295,0.000343,8.239746
443159,0.035190,0.450331,-0.060936,-0.010469,-0.430816,0.010910,-0.902313,0.000343,7.999077
443163,0.035175,0.450325,-0.060924,-0.010458,-0.430848,0.010590,-0.902302,0.000343,7.789993
443166,0.035159,0.450325,-0.060922,-0.010455,-0.430847,0.010416,-0.902304,0.000343,7.525635
443170,0.035138,0.450320,-0.060921,-0.010406,-0.430885,0.010096,-0.902290,0.000000,7.307968
443173,0.035121,0.450320,-0.060924,-0.010407,-0.430882,0.009982,-0.902293,0.000343,7.087898
443177,0.035104,0.450314,-0.060924,-0.010497,-0.430859,0.009752,-0.902306,0.000000,6.851349
443180,0.035093,0.450313,-0.060920,-0.010469,-0.430862,0.009612,-0.902306,0.000343,6.652222
443184,0.035083,0.450312,-0.060916,-0.010401,-0.430866,0.009309,-0.902308,0.000343,6.417732
443187,0.035083,0.450309,-0.060907,-0.010449,-0.430844,0.009208,-0.902319,0.000000,6.214485
443191,0.035079,0.450309,-0.060904,-0.010367,-0.430900,0.009068,-0.902295,0.000000,6.007118
443194,0.035080,0.450305,-0.060895,-0.010393,-0.430902,0.008875,-0.902295,0.000343,5.822754
443198,0.035074,0.450301,-0.060890,-0.010451,-0.430889,0.008728,-0.902302,0.000343,5.629120
443202,0.035064,0.450298,-0.060884,-0.010418,-0.430905,0.008483,-0.902297,0.000343,5.415230
443205,0.035055,0.450296,-0.060883,-0.010435,-0.430916,0.008300,-0.902294,0.000343,5.233269
443209,0.035074,0.450280,-0.060883,-0.011052,-0.430936,0.008922,-0.902271,0.000000,5.050964
443212,0.035068,0.450277,-0.060880,-0.011093,-0.430933,0.008768,-0.902273,0.000000,4.876556
443216,0.035050,0.450276,-0.060885,-0.010997,-0.430961,0.008531,-0.902263,0.000343,4.727898
443219,0.035047,0.450273,-0.060882,-0.011059,-0.430942,0.008479,-0.902272,0.000343,4.546280
443223,0.035032,0.450273,-0.060878,-0.010997,-0.430981,0.008261,-0.902256,0.000343,4.377708
443227,0.035026,0.450271,-0.060866,-0.011043,-0.431000,0.008094,-0.902248,0.000343,4.214630
443230,0.035023,0.450270,-0.060860,-0.011053,-0.430961,0.007999,-0.902267,0.000343,4.072151
443234,0.035016,0.450268,-0.060856,-0.010974,-0.430965,0.007808,-0.902268,0.000343,3.909073
443237,0.035018,0.450265,-0.060850,-0.011026,-0.430959,0.007713,-0.902271,0.000343,3.739815
443241,0.035017,0.450266,-0.060848,-0.011042,-0.430955,0.007636,-0.902273,0.000000,3.586693
443244,0.035017,0.450264,-0.060841,-0.011038,-0.430970,0.007541,-0.902267,0.000000,3.469276
443247,0.035012,0.450264,-0.060839,-0.011054,-0.430947,0.007430,-0.902279,0.000343,3.329201
443251,0.035006,0.450261,-0.060834,-0.011061,-0.431008,0.007358,-0.902250,0.000343,3.211441
443255,0.034997,0.450264,-0.060838,-0.011083,-0.430984,0.007161,-0.902263,0.000343,3.097801
443258,0.034992,0.450262,-0.060842,-0.011010,-0.431021,0.007118,-0.902247,0.000343,2.946739
443262,0.034987,0.450262,-0.060844,-0.011164,-0.430994,0.007076,-0.902258,0.000343,2.824860
443265,0.034976,0.450261,-0.060846,-0.011057,-0.430934,0.006955,-0.902289,0.000000,2.690620
443269,0.034967,0.450261,-0.060846,-0.011085,-0.430974,0.006782,-0.902271,0.000343,2.570457
443273,0.034956,0.450257,-0.060846,-0.011012,-0.431006,0.006718,-0.902257,0.000343,2.459908
443276,0.034951,0.450259,-0.060844,-0.010994,-0.431017,0.006675,-0.902252,0.000000,2.369270
443280,0.034948,0.450257,-0.060839,-0.011014,-0.431021,0.006545,-0.902251,0.000343,2.252541
443283,0.034948,0.450256,-0.060835,-0.011032,-0.431037,0.006545,-0.902243,0.000343,2.154350
443287,0.034946,0.450253,-0.060826,-0.011020,-0.431020,0.006367,-0.902253,0.000000,2.051697
443290,0.034950,0.450258,-0.060824,-0.011042,-0.430996,0.006308,-0.902264,0.000000,1.948700
443294,0.034952,0.450249,-0.060814,-0.011052,-0.431036,0.006312,-0.902245,0.000000,1.855659
443298,0.034948,0.450251,-0.060814,-0.010969,-0.431028,0.006199,-0.902250,0.000343,1.768456
443301,0.034950,0.450250,-0.060811,-0.010997,-0.431080,0.006145,-0.902226,0.000000,1.680222
443305,0.034943,0.450250,-0.060813,-0.011074,-0.431062,0.006160,-0.902234,0.000343,1.599197
443308,0.034938,0.450250,-0.060817,-0.011008,-0.431061,0.006064,-0.902235,0.000343,1.514053
443312,0.034932,0.450248,-0.060818,-0.011037,-0.431086,0.006002,-0.902223,0.000343,1.435089
443315,0.034926,0.450250,-0.060824,-0.011056,-0.431027,0.005978,-0.902252,0.000343,1.366768
443319,0.034922,0.450253,-0.060824,-0.011043,-0.431048,0.005905,-0.902242,0.000000,1.280937
443322,0.034913,0.450248,-0.060825,-0.010948,-0.431059,0.005821,-0.902238,0.000000,1.203690
443326,0.034913,0.450245,-0.060822,-0.011044,-0.431047,0.005841,-0.902243,0.000000,1.141548
443330,0.034908,0.450248,-0.060819,-0.010983,-0.431042,0.005721,-0.902247,0.000343,1.085930
443333,0.034909,0.450246,-0.060816,-0.010997,-0.431054,0.005664,-0.902241,0.000343,1.024132
443336,0.034912,0.450248,-0.060814,-0.011107,-0.431041,0.005696,-0.902246,0.000343,0.982246
443340,0.034908,0.450245,-0.060814,-0.011010,-0.431073,0.005601,-0.902233,0.000343,0.913239
443344,0.034912,0.450243,-0.060809,-0.011053,-0.431075,0.005599,-0.902231,0.000343,0.847321
443347,0.034908,0.450242,-0.060810,-0.011066,-0.431057,0.005559,-0.902240,0.000343,0.785522
443351,0.034906,0.450242,-0.060807,-0.011032,-0.431076,0.005497,-0.902232,0.000343,0.731621
443354,0.034900,0.450242,-0.060805,-0.011018,-0.431054,0.005447,-0.902242,0.000343,0.674629
443358,0.034902,0.450242,-0.060805,-0.011053,-0.431070,0.005474,-0.902234,0.000000,0.622787
443361,0.034899,0.450243,-0.060805,-0.011012,-0.431055,0.005406,-0.902242,0.000343,0.590858
443365,0.034896,0.450242,-0.060807,-0.011012,-0.431069,0.005368,-0.902236,0.000343,0.561676
443368,0.034899,0.450245,-0.060804,-0.011156,-0.431042,0.005427,-0.902246,0.000000,0.531464
443372,0.034890,0.450240,-0.060804,-0.011022,-0.431047,0.005287,-0.902247,0.000000,0.498161
443376,0.034895,0.450240,-0.060801,-0.011071,-0.431031,0.005310,-0.902253,0.000000,0.464859
443379,0.034891,0.450238,-0.060803,-0.011078,-0.431039,0.005305,-0.902250,0.000343,0.417480
443383,0.034894,0.450245,-0.060801,-0.011052,-0.431047,0.005238,-0.902247,0.000343,0.377655
443386,0.034887,0.450238,-0.060801,-0.011019,-0.431073,0.005160,-0.902235,0.000343,0.341949
443390,0.034889,0.450240,-0.060803,-0.011043,-0.431066,0.005276,-0.902237,0.000343,0.296631
443393,0.034889,0.450243,-0.060804,-0.011112,-0.431053,0.005158,-0.902243,0.000000,0.268822
443397,0.034886,0.450245,-0.060808,-0.011083,-0.431036,0.005144,-0.902252,0.000343,0.243073
443400,0.034883,0.450237,-0.060804,-0.011061,-0.431070,0.005131,-0.902236,0.000343,0.225220
443404,0.034877,0.450239,-0.060808,-0.010992,-0.431051,0.005061,-0.902246,0.000343,0.214920
443407,0.034877,0.450238,-0.060803,-0.011004,-0.431061,0.005065,-0.902241,0.000000,0.207367
443411,0.034879,0.450238,-0.060801,-0.011068,-0.431044,0.005076,-0.902249,0.000000,0.194321
443415,0.034881,0.450239,-0.060797,-0.010999,-0.431060,0.005056,-0.902242,0.000343,0.176811
443418,0.034881,0.450236,-0.060793,-0.011044,-0.431073,0.005024,-0.902236,0.000343,0.146599
443422,0.034879,0.450236,-0.060791,-0.011042,-0.431076,0.005069,-0.902234,0.000343,0.117760
443425,0.034881,0.450237,-0.060789,-0.011048,-0.431103,0.004990,-0.902221,0.000000,0.096817
443429,0.034873,0.450235,-0.060793,-0.011055,-0.431067,0.004993,-0.902239,0.000000,0.083084
443432,0.034876,0.450239,-0.060796,-0.011144,-0.431065,0.005020,-0.902238,0.000343,0.071754
443436,0.034867,0.450236,-0.060798,-0.011000,-0.431081,0.004931,-0.902233,0.000000,0.065231
443440,0.034868,0.450235,-0.060802,-0.011085,-0.431051,0.005006,-0.902246,0.000343,0.060081
443443,0.034868,0.450236,-0.060800,-0.011065,-0.431082,0.004961,-0.902231,0.000343,0.057335
443447,0.034863,0.450235,-0.060801,-0.011009,-0.431099,0.004903,-0.902224,0.000343,0.054588
443450,0.034868,0.450235,-0.060796,-0.011055,-0.431083,0.004870,-0.902231,0.000343,0.049438
443454,0.034865,0.450237,-0.060797,-0.011055,-0.431032,0.004920,-0.902256,0.000343,0.039825
443457,0.034862,0.450232,-0.060796,-0.011010,-0.431087,0.004866,-0.902230,0.000000,0.028839
443457,0.034862,0.450232,-0.060796,-0.011010,-0.431087,0.004866,-0.902230,0.000000,0.011673
443464,0.034862,0.450234,-0.060799,-0.011053,-0.431053,0.004850,-0.902246,0.000000,0.001373
443468,0.034862,0.450233,-0.060796,-0.010990,-0.431077,0.004844,-0.902235,0.000343,-0.003433
443471,0.034864,0.450233,-0.060793,-0.011001,-0.431076,0.004757,-0.902236,0.000000,-0.005150
443475,0.034871,0.450231,-0.060789,-0.011072,-0.431093,0.004866,-0.902227,0.000343,-0.005150
443478,0.034870,0.450232,-0.060789,-0.010998,-0.431083,0.004785,-0.902233,0.000343,-0.005150
443482,0.034877,0.450236,-0.060789,-0.011134,-0.431042,0.004798,-0.902250,0.000000,-0.005150
443486,0.034874,0.450238,-0.060793,-0.011107,-0.431032,0.004842,-0.902255,0.000343,-0.005150
443489,0.034866,0.450234,-0.060795,-0.011020,-0.431056,0.004767,-0.902245,0.000343,-0.005150
443492,0.034861,0.450233,-0.060797,-0.011008,-0.431073,0.004744,-0.902237,0.000000,-0.005150
443496,0.034853,0.450234,-0.060805,-0.011055,-0.431031,0.004765,-0.902257,0.000000,-0.005150
443500,0.034850,0.450235,-0.060805,-0.011013,-0.431083,0.004776,-0.902232,0.000000,-0.005150
443503,0.034847,0.450242,-0.060808,-0.011081,-0.431027,0.004726,-0.902259,0.000000,-0.005150
443507,0.034848,0.450234,-0.060798,-0.011073,-0.431075,0.004786,-0.902236,0.000000,-0.005150
443511,0.034849,0.450234,-0.060793,-0.011019,-0.431058,0.004731,-0.902244,0.000000,-0.005150
443514,0.034855,0.450235,-0.060786,-0.011076,-0.431071,0.004744,-0.902237,0.000000,-0.005150
443518,0.034859,0.450235,-0.060778,-0.011044,-0.431065,0.004770,-0.902241,0.000000,-0.005150
443521,0.034861,0.450239,-0.060778,-0.011089,-0.431059,0.004756,-0.902243,0.000000,-0.004807
443524,0.034858,0.450232,-0.060775,-0.011043,-0.431073,0.004669,-0.902237,0.000000,-0.004807
443528,0.034859,0.450237,-0.060779,-0.011124,-0.431056,0.004808,-0.902244,0.000000,-0.004463
443532,0.034851,0.450231,-0.060787,-0.011062,-0.431092,0.004699,-0.902228,0.000000,-0.004463
443535,0.034847,0.450234,-0.060796,-0.011055,-0.431076,0.004684,-0.902236,0.000000,-0.004120
443539,0.034843,0.450235,-0.060804,-0.011070,-0.431060,0.004721,-0.902243,0.000343,-0.003777
443542,0.034841,0.450239,-0.060808,-0.011072,-0.431031,0.004696,-0.902257,0.000000,-0.003433
443546,0.034836,0.450236,-0.060811,-0.011111,-0.431021,0.004743,-0.902261,0.000000,-0.003090
443550,0.034841,0.450238,-0.060803,-0.011092,-0.431033,0.004678,-0.902256,0.000000,-0.002403
443553,0.034838,0.450234,-0.060795,-0.011008,-0.431057,0.004645,-0.902246,0.000343,-0.001717
443556,0.034844,0.450233,-0.060789,-0.011004,-0.431091,0.004597,-0.902230,0.000000,-0.001373
443560,0.034855,0.450235,-0.060785,-0.011167,-0.431058,0.004778,-0.902243,0.000000,-0.000687
443564,0.034856,0.450236,-0.060784,-0.011116,-0.431044,0.004679,-0.902250,0.000000,0.000687
443567,0.034855,0.450231,-0.060783,-0.011053,-0.431102,0.004661,-0.902224,0.000000,0.001030
443571,0.034849,0.450233,-0.060784,-0.011062,-0.431048,0.004676,-0.902249,0.000000,0.001717
443574,0.034843,0.450231,-0.060786,-0.011079,-0.431064,0.004637,-0.902242,0.000343,0.002403
443578,0.034841,0.450232,-0.060791,-0.011067,-0.431062,0.004674,-0.902243,0.000000,0.002403
443582,0.034842,0.450236,-0.060796,-0.011058,-0.431083,0.004629,-0.902233,0.000000,0.002747
443585,0.034845,0.450238,-0.060800,-0.011088,-0.431051,0.004651,-0.902248,0.000000,0.002747
443588,0.034848,0.450240,-0.060801,-0.011061,-0.431031,0.004608,-0.902258,0.000000,0.003090
443592,0.034850,0.450233,-0.060796,-0.011101,-0.431041,0.004690,-0.902252,0.000000,0.003090
443596,0.034848,0.450231,-0.060790,-0.011056,-0.431051,0.004609,-0.902248,0.000000,0.003090
443599,0.034852,0.450235,-0.060786,-0.011131,-0.431049,0.004668,-0.902248,0.000000,0.003090
443603,0.034848,0.450231,-0.060782,-0.011053,-0.431078,0.004648,-0.902235,0.000000,0.003090
443606,0.034849,0.450232,-0.060782,-0.011034,-0.431071,0.004605,-0.902239,0.000000,0.003090
443610,0.034854,0.450238,-0.060788,-0.011172,-0.431050,0.004691,-0.902246,0.000000,0.003090
443614,0.034849,0.450231,-0.060789,-0.011009,-0.431087,0.004560,-0.902232,0.000343,0.003090
443617,0.034852,0.450230,-0.060790,-0.011024,-0.431096,0.004597,-0.902227,0.000000,0.003090
443620,0.034848,0.450229,-0.060790,-0.011024,-0.431090,0.004563,-0.902230,0.000000,0.003090
443624,0.034851,0.450232,-0.060790,-0.011086,-0.431055,0.004638,-0.902245,0.000000,0.003090
443628,0.034847,0.450230,-0.060791,-0.011038,-0.431079,0.004562,-0.902235,0.000000,0.002747
443631,0.034846,0.450229,-0.060792,-0.011088,-0.431014,0.004601,-0.902266,0.000000,0.003090
443635,0.034853,0.450236,-0.060795,-0.011094,-0.431052,0.004602,-0.902247,0.000000,0.003090
443638,0.034847,0.450230,-0.060796,-0.010974,-0.431053,0.004570,-0.902248,0.000000,0.003090
443642,0.034857,0.450236,-0.060796,-0.011132,-0.431055,0.004647,-0.902245,0.000000,0.003090
443645,0.034856,0.450232,-0.060795,-0.011057,-0.431068,0.004661,-0.902240,0.000000,0.003090
443649,0.034856,0.450230,-0.060789,-0.010986,-0.431062,0.004530,-0.902244,0.000000,0.003090
443653,0.034868,0.450233,-0.060782,-0.011138,-0.431049,0.004618,-0.902248,0.000000,0.003090
443656,0.034867,0.450228,-0.060775,-0.011065,-0.431043,0.004595,-0.902252,0.000000,0.003090
443660,0.034875,0.450229,-0.060770,-0.011044,-0.431099,0.004576,-0.902225,0.000000,0.003090
443663,0.034874,0.450229,-0.060770,-0.011081,-0.431069,0.004657,-0.902239,0.000000,0.003090
443667,0.034865,0.450228,-0.060778,-0.011035,-0.431106,0.004568,-0.902222,0.000000,0.003090
443670,0.034858,0.450235,-0.060788,-0.011093,-0.431055,0.004600,-0.902246,0.000000,0.003090
443674,0.034837,0.450231,-0.060799,-0.011046,-0.431081,0.004573,-0.902234,0.000000,0.003090
443677,0.034823,0.450229,-0.060805,-0.011080,-0.431070,0.004580,-0.902239,0.000000,0.003090
443681,0.034813,0.450236,-0.060815,-0.011077,-0.431025,0.004493,-0.902261,0.000000,0.003090
443685,0.034820,0.450236,-0.060814,-0.011087,-0.431048,0.004548,-0.902250,0.000000,0.003090
443688,0.034829,0.450232,-0.060806,-0.011015,-0.431078,0.004536,-0.902236,0.000000,0.002747
443691,0.034845,0.450236,-0.060800,-0.011076,-0.431039,0.004603,-0.902254,0.000000,0.002747
443695,0.034865,0.450234,-0.060784,-0.011149,-0.431058,0.004629,-0.902243,0.000000,0.002747
443699,0.034873,0.450234,-0.060770,-0.011103,-0.431042,0.004526,-0.902252,0.000000,0.002747
443702,0.034872,0.450227,-0.060762,-0.011052,-0.431108,0.004566,-0.902221,0.000000,0.002747
443706,0.034866,0.450228,-0.060764,-0.011101,-0.431102,0.004592,-0.902223,0.000000,0.002747
443709,0.034855,0.450233,-0.060771,-0.011154,-0.431043,0.004599,-0.902251,0.000000,0.002747
443713,0.034835,0.450230,-0.060785,-0.011000,-0.431097,0.004474,-0.902227,0.000000,0.002747
443716,0.034825,0.450236,-0.060795,-0.011131,-0.431022,0.004564,-0.902261,0.000000,0.002747
443720,0.034814,0.450236,-0.060804,-0.011074,-0.431035,0.004486,-0.902256,0.000000,0.003090
443723,0.034809,0.450232,-0.060805,-0.011001,-0.431088,0.004511,-0.902232,0.000000,0.002747
443727,0.034818,0.450231,-0.060804,-0.011048,-0.431082,0.004516,-0.902234,-0.000343,0.002747
443731,0.034830,0.450234,-0.060800,-0.011040,-0.431034,0.004456,-0.902257,0.000000,0.002747
443734,0.034841,0.450230,-0.060792,-0.011037,-0.431087,0.004493,-0.902232,0.000000,0.002747
443738,0.034852,0.450227,-0.060784,-0.011030,-0.431070,0.004565,-0.902239,0.000000,0.002403
443738,0.034852,0.450227,-0.060784,-0.011030,-0.431070,0.004565,-0.902239,0.000000,0.002403
443738,0.034852,0.450227,-0.060784,-0.011030,-0.431070,0.004565,-0.902239,0.000000,0.002403
443738,0.034852,0.450227,-0.060784,-0.011030,-0.431070,0.004565,-0.902239,0.000000,0.002403
443738,0.034852,0.450227,-0.060784,-0.011030,-0.431070,0.004565,-0.902239,0.000000,0.002403
443738,0.034852,0.450227,-0.060784,-0.011030,-0.431070,0.004565,-0.902239,0.000000,0.002403
443738,0.034852,0.450227,-0.060784,-0.011030,-0.431070,0.004565,-0.902239,0.000000,0.002403
443738,0.034852,0.450227,-0.060784,-0.011030,-0.431070,0.004565,-0.902239,0.000000,0.002403
443738,0.034852,0.450227,-0.060784,-0.011030,-0.431070,0.004565,-0.902239,0.000000,0.002403
443738,0.034852,0.450227,-0.060784,-0.011030,-0.431070,0.004565,-0.902239,0.000000,0.002403
443738,0.034852,0.450227,-0.060784,-0.011030,-0.431070,0.004565,-0.902239,0.000000,0.002403
443738,0.034852,0.450227,-0.060784,-0.011030,-0.431070,0.004565,-0.902239,0.000000,0.002403
443738,0.034852,0.450227,-0.060784,-0.011030,-0.431070,0.004565,-0.902239,0.000000,0.002403
443738,0.034852,0.450227,-0.060784,-0.011030,-0.431070,0.004565,-0.902239,0.000000,0.002403
443738,0.034852,0.450227,-0.060784,-0.011030,-0.431070,0.004565,-0.902239,0.000000,0.002403
443738,0.034852,0.450227,-0.060784,-0.011030,-0.431070,0.004565,-0.902239,0.000000,0.002403
443738,0.034852,0.450227,-0.060784,-0.011030,-0.431070,0.004565,-0.902239,0.000000,0.002403
443738,0.034852,0.450227,-0.060784,-0.011030,-0.431070,0.004565,-0.902239,0.000000,0.002403
443738,0.034852,0.450227,-0.060784,-0.011030,-0.431070,0.004565,-0.902239,0.000000,0.002403
443738,0.034852,0.450227,-0.060784,-0.011030,-0.431070,0.004565,-0.902239,0.000000,0.002403
