0,0.000000,0.000000,0.000000,0.000000,0.000000,0.000000,0.000000,0.000000,0.000000
0,0.000000,0.000000,0.000000,0.000000,0.000000,0.000000,0.000000,0.000000,0.000000
0,0.000000,0.000000,0.000000,0.000000,0.000000,0.000000,0.000000,0.000000,0.000000
0,0.000000,0.000000,0.000000,0.000000,0.000000,0.000000,0.000000,0.000000,0.000000
0,0.000000,0.000000,0.000000,0.000000,0.000000,0.000000,0.000000,0.000000,0.000000
0,0.000000,0.000000,0.000000,0.000000,0.000000,0.000000,0.000000,0.000000,0.000000
0,0.000000,0.000000,0.000000,0.000000,0.000000,0.000000,0.000000,0.000000,0.000000
0,0.000000,0.000000,0.000000,0.000000,0.000000,0.000000,0.000000,0.000000,0.000000
0,0.000000,0.000000,0.000000,0.000000,0.000000,0.000000,0.000000,0.000000,0.000000
0,0.000000,0.000000,0.000000,0.000000,0.000000,0.000000,0.000000,0.000000,0.000000
0,0.000000,0.000000,0.000000,0.000000,0.000000,0.000000,0.000000,0.000000,0.000000
0,0.000000,0.000000,0.000000,0.000000,0.000000,0.000000,0.000000,0.000000,0.000000
0,0.000000,0.000000,0.000000,0.000000,0.000000,0.000000,0.000000,0.000000,0.000000
0,0.000000,0.000000,0.000000,0.000000,0.000000,0.000000,0.000000,0.000000,0.000000
0,0.000000,0.000000,0.000000,0.000000,0.000000,0.000000,0.000000,0.000000,0.000000
0,0.000000,0.000000,0.000000,0.000000,0.000000,0.000000,0.000000,0.000000,0.000000
0,0.000000,0.000000,0.000000,0.000000,0.000000,0.000000,0.000000,0.000000,0.000000
0,0.000000,0.000000,0.000000,0.000000,0.000000,0.000000,0.000000,0.000000,0.000000
0,0.000000,0.000000,0.000000,0.000000,0.000000,0.000000,0.000000,0.000000,0.000000
0,0.000000,0.000000,0.000000,0.000000,0.000000,0.000000,0.000000,0.000000,0.000000
0,0.000000,0.000000,0.000000,0.000000,0.000000,0.000000,0.000000,0.000000,0.000000
0,0.000000,0.000000,0.000000,0.000000,0.000000,0.000000,0.000000,0.000000,0.000000
394620,0.034783,0.450205,-0.060698,-0.011096,-0.431131,0.001853,-0.902219,0.000000,0.000000
394623,0.034777,0.450213,-0.060700,-0.011146,-0.431119,0.001856,-0.902224,0.000000,0.000343
394627,0.034764,0.450214,-0.060709,-0.011129,-0.431179,0.001819,-0.902196,0.000000,0.000343
394630,0.034753,0.450208,-0.060720,-0.011071,-0.431177,0.001830,-0.902197,0.000000,0.000343
394634,0.034750,0.450210,-0.060736,-0.010999,-0.431184,0.001771,-0.902195,0.000000,0.000687
394637,0.034757,0.450212,-0.060746,-0.010972,-0.431157,0.001795,-0.902209,0.000000,0.000343
394641,0.034767,0.450212,-0.060739,-0.011045,-0.431134,0.001831,-0.902219,0.000000,0.000343
394644,0.034775,0.450209,-0.060725,-0.011053,-0.431168,0.001828,-0.902202,0.000000,0.000343
394648,0.034785,0.450213,-0.060704,-0.011145,-0.431113,0.001832,-0.902228,0.000000,0.000343
394652,0.034783,0.450204,-0.060692,-0.011060,-0.431150,0.001810,-0.902211,0.000000,0.000687
394655,0.034787,0.450205,-0.060695,-0.011056,-0.431139,0.001860,-0.902216,0.000000,0.000343
394658,0.034784,0.450214,-0.060706,-0.011109,-0.431145,0.001796,-0.902213,0.000000,0.000343
394662,0.034772,0.450216,-0.060723,-0.011144,-0.431154,0.001901,-0.902208,0.000000,0.000343
394666,0.034748,0.450211,-0.060732,-0.010990,-0.431183,0.001731,-0.902196,0.000000,0.000343
394669,0.034741,0.450216,-0.060735,-0.011081,-0.431179,0.001777,-0.902197,0.000000,0.000343
394673,0.034742,0.450209,-0.060731,-0.011064,-0.431179,0.001796,-0.902197,0.000000,0.000687
394676,0.034752,0.450210,-0.060725,-0.011012,-0.431184,0.001786,-0.902195,0.000000,0.000687
394680,0.034772,0.450208,-0.060715,-0.011055,-0.431153,0.001808,-0.902210,0.000000,0.000343
394683,0.034792,0.450212,-0.060707,-0.011168,-0.431089,0.001880,-0.902239,0.000000,0.000343
394687,0.034798,0.450205,-0.060696,-0.011030,-0.431129,0.001845,-0.902221,0.000000,0.000343
394690,0.034797,0.450205,-0.060694,-0.011014,-0.431164,0.001774,-0.902205,0.000000,0.000343
394694,0.034788,0.450207,-0.060700,-0.011079,-0.431176,0.001899,-0.902198,0.000000,0.000343
394697,0.034779,0.450215,-0.060712,-0.011133,-0.431146,0.001849,-0.902212,0.000000,0.000343
394701,0.034767,0.450210,-0.060725,-0.011015,-0.431179,0.001784,-0.902198,0.000000,0.000343
394705,0.034759,0.450209,-0.060732,-0.011040,-0.431136,0.001770,-0.902218,0.000000,0.000687
394708,0.034762,0.450209,-0.060730,-0.011014,-0.431161,0.001794,-0.902206,0.000000,0.000343
394712,0.034773,0.450209,-0.060721,-0.011017,-0.431193,0.001775,-0.902191,0.000000,0.000687
394715,0.034785,0.450208,-0.060710,-0.011055,-0.431151,0.001839,-0.902210,0.000000,0.000687
394719,0.034800,0.450208,-0.060698,-0.011022,-0.431154,0.001806,-0.902209,0.000000,0.000343
394722,0.034806,0.450206,-0.060693,-0.011050,-0.431128,0.001796,-0.902221,0.000000,0.000343
394726,0.034808,0.450205,-0.060691,-0.011087,-0.431127,0.001842,-0.902221,0.000000,0.000343
394730,0.034804,0.450213,-0.060700,-0.011068,-0.431114,0.001741,-0.902228,0.000000,0.000343
394733,0.034794,0.450209,-0.060706,-0.011034,-0.431130,0.001782,-0.902221,0.000000,0.000343
394737,0.034789,0.450211,-0.060720,-0.011016,-0.431170,0.001793,-0.902202,0.000000,0.000343
394740,0.034785,0.450210,-0.060727,-0.011015,-0.431132,0.001805,-0.902220,0.000000,0.000687
394744,0.034787,0.450216,-0.060733,-0.011106,-0.431154,0.001789,-0.902208,-0.000343,0.000343
394747,0.034789,0.450211,-0.060727,-0.011081,-0.431137,0.001821,-0.902217,0.000000,0.000343
394751,0.034789,0.450210,-0.060719,-0.010991,-0.431163,0.001724,-0.902205,0.000000,0.000343
394755,0.034794,0.450205,-0.060709,-0.011118,-0.431129,0.001758,-0.902220,0.000000,0.000343
394758,0.034805,0.450207,-0.060705,-0.011121,-0.431146,0.001823,-0.902212,0.000000,0.000343
394762,0.034811,0.450208,-0.060704,-0.011025,-0.431174,0.001726,-0.902200,0.000000,0.000343
394765,0.034818,0.450209,-0.060703,-0.011048,-0.431127,0.001810,-0.902222,-0.000343,0.000343
394765,0.034818,0.450209,-0.060703,-0.011048,-0.431127,0.001810,-0.902222,0.000000,0.000343
394772,0.034817,0.450209,-0.060703,-0.010997,-0.431140,0.001801,-0.902216,0.000000,0.000687
394776,0.034814,0.450206,-0.060704,-0.011083,-0.431158,0.001816,-0.902207,0.000000,0.000343
394779,0.034811,0.450206,-0.060705,-0.011070,-0.431148,0.001849,-0.902212,0.000000,0.000343
394783,0.034808,0.450212,-0.060712,-0.011045,-0.431131,0.001752,-0.902220,0.000000,0.000343
394786,0.034802,0.450208,-0.060715,-0.011059,-0.431148,0.001796,-0.902211,-0.000343,0.000343
394790,0.034799,0.450207,-0.060720,-0.011036,-0.431145,0.001777,-0.902214,0.000000,0.000343
394794,0.034800,0.450209,-0.060720,-0.010973,-0.431177,0.001721,-0.902199,0.000000,0.000687
394797,0.034800,0.450207,-0.060719,-0.011046,-0.431157,0.001752,-0.902208,0.000000,0.000687
394801,0.034804,0.450208,-0.060715,-0.011029,-0.431182,0.001747,-0.902196,0.000000,0.000343
394804,0.034814,0.450210,-0.060714,-0.011045,-0.431153,0.001792,-0.902210,0.000000,0.000343
394808,0.034824,0.450211,-0.060709,-0.011172,-0.431125,0.001776,-0.902221,0.000000,0.000343
394811,0.034828,0.450206,-0.060703,-0.011090,-0.431136,0.001829,-0.902217,0.000000,0.000343
394815,0.034824,0.450205,-0.060700,-0.011055,-0.431127,0.001769,-0.902222,-0.000343,0.000343
394818,0.034820,0.450205,-0.060699,-0.011070,-0.431129,0.001779,-0.902221,-0.000343,0.000687
394822,0.034811,0.450207,-0.060707,-0.011030,-0.431152,0.001795,-0.902210,0.000000,0.000687
394825,0.034801,0.450207,-0.060714,-0.011035,-0.431140,0.001826,-0.902216,-0.000343,0.000687
394829,0.034790,0.450208,-0.060722,-0.011029,-0.431192,0.001811,-0.902191,0.000000,0.000687
394833,0.034781,0.450208,-0.060723,-0.010978,-0.431183,0.001737,-0.902196,-0.000343,0.000687
394836,0.034783,0.450214,-0.060723,-0.011072,-0.431166,0.001771,-0.902203,0.000000,0.000687
394839,0.034787,0.450208,-0.060714,-0.011058,-0.431171,0.001764,-0.902201,0.000000,0.000343
394843,0.034798,0.450205,-0.060703,-0.011090,-0.431159,0.001799,-0.902206,-0.000343,0.000343
394847,0.034815,0.450209,-0.060700,-0.011134,-0.431147,0.001771,-0.902211,0.000000,0.000343
394850,0.034825,0.450210,-0.060700,-0.011119,-0.431128,0.001824,-0.902220,0.000000,0.000687
394854,0.034827,0.450206,-0.060703,-0.011080,-0.431143,0.001784,-0.902214,-0.000343,0.000343
394857,0.034826,0.450210,-0.060710,-0.011015,-0.431141,0.001824,-0.902216,0.000000,0.000687
394861,0.034815,0.450213,-0.060719,-0.011124,-0.431139,0.001792,-0.902215,0.000000,0.000687
394865,0.034800,0.450209,-0.060720,-0.011002,-0.431156,0.001756,-0.902209,0.000000,0.000687
394868,0.034793,0.450209,-0.060721,-0.010939,-0.431158,0.001703,-0.902209,0.000000,0.000687
394872,0.034795,0.450213,-0.060718,-0.011137,-0.431127,0.001811,-0.902220,-0.000343,0.000343
394875,0.034799,0.450214,-0.060715,-0.011118,-0.431098,0.001802,-0.902235,0.000000,0.000687
394879,0.034801,0.450207,-0.060705,-0.011005,-0.431179,0.001749,-0.902198,0.000000,0.000687
394882,0.034811,0.450211,-0.060702,-0.011123,-0.431128,0.001796,-0.902220,-0.000343,0.000687
394886,0.034815,0.450204,-0.060700,-0.011050,-0.431156,0.001779,-0.902208,-0.000343,0.000687
394889,0.034821,0.450211,-0.060703,-0.011105,-0.431122,0.001784,-0.902224,-0.000343,0.000687
394893,0.034821,0.450209,-0.060709,-0.011164,-0.431132,0.001805,-0.902218,0.000000,0.000343
394896,0.034820,0.450212,-0.060714,-0.011152,-0.431093,0.001850,-0.902237,0.000000,0.000687
394900,0.034808,0.450206,-0.060716,-0.010992,-0.431144,0.001722,-0.902215,0.000000,0.000687
394904,0.034807,0.450207,-0.060715,-0.011069,-0.431142,0.001831,-0.902214,0.000000,0.000687
394907,0.034805,0.450211,-0.060715,-0.011082,-0.431128,0.001799,-0.902221,0.000000,0.000687
394910,0.034804,0.450209,-0.060712,-0.011002,-0.431124,0.001756,-0.902224,0.000000,0.000343
394914,0.034808,0.450214,-0.060710,-0.011107,-0.431141,0.001793,-0.902214,0.000000,0.000687
394918,0.034804,0.450206,-0.060708,-0.011026,-0.431144,0.001795,-0.902214,-0.000343,0.000687
394921,0.034807,0.450211,-0.060706,-0.011091,-0.431119,0.001745,-0.902225,0.000000,0.000687
394925,0.034801,0.450206,-0.060710,-0.011081,-0.431143,0.001798,-0.902214,0.000000,0.000687
394928,0.034803,0.450206,-0.060709,-0.011082,-0.431155,0.001794,-0.902208,-0.000343,0.000687
394932,0.034803,0.450209,-0.060715,-0.010982,-0.431164,0.001717,-0.902205,0.000000,0.000687
394936,0.034810,0.450207,-0.060716,-0.011072,-0.431164,0.001866,-0.902204,-0.000343,0.000687
394939,0.034812,0.450206,-0.060714,-0.011026,-0.431160,0.001752,-0.902207,-0.000343,0.000687
394942,0.034814,0.450206,-0.060711,-0.010973,-0.431134,0.001763,-0.902220,-0.000343,0.000687
394946,0.034818,0.450204,-0.060701,-0.011063,-0.431165,0.001760,-0.902204,-0.000343,0.000343
394950,0.034815,0.450204,-0.060699,-0.011028,-0.431137,0.001792,-0.902217,-0.000343,0.000687
394953,0.034813,0.450205,-0.060698,-0.011023,-0.431114,0.001704,-0.902228,0.000000,0.000687
394957,0.034811,0.450206,-0.060704,-0.011067,-0.431133,0.001817,-0.902219,0.000000,0.000343
394961,0.034803,0.450209,-0.060713,-0.010987,-0.431146,0.001810,-0.902214,0.000000,0.000343
394964,0.034795,0.450207,-0.060714,-0.010976,-0.431163,0.001745,-0.902205,-0.000343,0.000687
394967,0.034792,0.450207,-0.060713,-0.011023,-0.431182,0.001742,-0.902196,0.000000,0.000687
394971,0.034792,0.450207,-0.060713,-0.011012,-0.431162,0.001761,-0.902205,0.000000,0.000687
394975,0.034797,0.450205,-0.060714,-0.011058,-0.431138,0.001808,-0.902216,0.000000,0.000343
394978,0.034801,0.450203,-0.060716,-0.011076,-0.431144,0.001749,-0.902213,-0.000343,0.000687
394981,0.034808,0.450205,-0.060717,-0.011105,-0.431123,0.001799,-0.902223,0.000000,0.000687
394985,0.034809,0.450206,-0.060717,-0.011007,-0.431164,0.001725,-0.902205,0.000000,0.000687
394989,0.034812,0.450205,-0.060716,-0.011101,-0.431128,0.001826,-0.902221,0.000000,0.000687
394992,0.034807,0.450204,-0.060714,-0.011034,-0.431124,0.001762,-0.902223,0.000000,0.000687
394996,0.034804,0.450210,-0.060713,-0.011101,-0.431155,0.001806,-0.902208,-0.000343,0.000687
394999,0.034797,0.450205,-0.060707,-0.011044,-0.431185,0.001769,-0.902194,-0.000343,0.000687
395003,0.034790,0.450205,-0.060708,-0.011033,-0.431145,0.001768,-0.902213,-0.000343,0.000687
395006,0.034783,0.450205,-0.060711,-0.011018,-0.431160,0.001719,-0.902207,0.000000,0.000687
395010,0.034780,0.450203,-0.060714,-0.011063,-0.431152,0.001788,-0.902210,0.000000,0.000687
395014,0.034776,0.450208,-0.060717,-0.010973,-0.431175,0.001781,-0.902200,0.000000,0.000687
395017,0.034775,0.450207,-0.060715,-0.010966,-0.431201,0.001693,-0.902188,-0.000343,0.000687
395021,0.034784,0.450207,-0.060712,-0.011050,-0.431164,0.001841,-0.902204,-0.000343,0.000343
395024,0.034788,0.450206,-0.060709,-0.011034,-0.431165,0.001778,-0.902204,0.000000,0.000343
395028,0.034803,0.450204,-0.060705,-0.011073,-0.431174,0.001801,-0.902199,0.000000,0.000343
395031,0.034813,0.450203,-0.060704,-0.011078,-0.431140,0.001799,-0.902215,0.000000,0.000343
395035,0.034819,0.450208,-0.060707,-0.011200,-0.431094,0.001857,-0.902235,0.000000,0.000343
395038,0.034816,0.450209,-0.060709,-0.011063,-0.431095,0.001725,-0.902237,0.000000,0.000687
395042,0.034802,0.450211,-0.060718,-0.011145,-0.431101,0.001870,-0.902233,0.000000,0.000687
395046,0.034781,0.450212,-0.060726,-0.011087,-0.431140,0.001820,-0.902215,0.000000,0.000343
395049,0.034762,0.450207,-0.060729,-0.010997,-0.431164,0.001736,-0.902205,-0.000343,0.000687
395052,0.034754,0.450212,-0.060732,-0.011051,-0.431160,0.001715,-0.902206,0.000000,0.000687
395056,0.034751,0.450208,-0.060730,-0.010980,-0.431168,0.001748,-0.902203,-0.000343,0.000687
395060,0.034764,0.450212,-0.060726,-0.011133,-0.431114,0.001810,-0.902227,-0.000343,0.000687
395063,0.034777,0.450209,-0.060720,-0.011129,-0.431143,0.001820,-0.902213,-0.000343,0.000687
395067,0.034793,0.450210,-0.060707,-0.011095,-0.431121,0.001826,-0.902224,0.000000,0.000687
395070,0.034794,0.450206,-0.060704,-0.011116,-0.431127,0.001774,-0.902221,-0.000343,0.000343
395074,0.034797,0.450203,-0.060701,-0.011092,-0.431133,0.001881,-0.902218,0.000000,0.000343
395078,0.034788,0.450201,-0.060709,-0.011061,-0.431180,0.001815,-0.902196,-0.000343,0.000343
395081,0.034786,0.450209,-0.060720,-0.011139,-0.431130,0.001810,-0.902219,-0.000343,0.000687
395085,0.034778,0.450208,-0.060728,-0.011159,-0.431110,0.001836,-0.902228,0.000000,0.000687
395088,0.034772,0.450210,-0.060732,-0.011090,-0.431119,0.001824,-0.902225,0.000000,0.000687
395092,0.034772,0.450204,-0.060728,-0.011018,-0.431148,0.001792,-0.902212,0.000000,0.000687
395095,0.034775,0.450209,-0.060725,-0.011143,-0.431116,0.001815,-0.902226,-0.000343,0.000343
395099,0.034777,0.450202,-0.060718,-0.011059,-0.431152,0.001818,-0.902210,0.000000,0.000687
395103,0.034780,0.450201,-0.060717,-0.011102,-0.431136,0.001806,-0.902217,-0.000343,0.000687
395106,0.034779,0.450200,-0.060719,-0.011094,-0.431140,0.001860,-0.902215,-0.000343,0.000687
395109,0.034774,0.450202,-0.060724,-0.011059,-0.431159,0.001790,-0.902207,-0.000343,0.000687
395113,0.034765,0.450210,-0.060735,-0.011090,-0.431136,0.001798,-0.902217,-0.000343,0.000687
395117,0.034759,0.450211,-0.060737,-0.011132,-0.431128,0.001819,-0.902220,0.000000,0.000343
395120,0.034757,0.450212,-0.060734,-0.011051,-0.431130,0.001782,-0.902220,-0.000343,0.000343
395123,0.034754,0.450203,-0.060724,-0.010981,-0.431180,0.001709,-0.902197,-0.000343,0.000687
395127,0.034770,0.450204,-0.060709,-0.011068,-0.431134,0.001801,-0.902218,0.000000,0.000687
395131,0.034779,0.450205,-0.060693,-0.010991,-0.431189,0.001820,-0.902193,0.000000,0.000343
395134,0.034785,0.450202,-0.060686,-0.011023,-0.431185,0.001814,-0.902194,-0.000343,0.000343
395138,0.034790,0.450202,-0.060687,-0.011094,-0.431152,0.001882,-0.902209,0.000000,0.000343
395141,0.034784,0.450201,-0.060694,-0.011038,-0.431176,0.001812,-0.902198,0.000000,0.000687
395145,0.034776,0.450209,-0.060715,-0.011164,-0.431132,0.001862,-0.902218,0.000000,0.000687
395148,0.034765,0.450210,-0.060730,-0.011133,-0.431118,0.001763,-0.902225,-0.000343,0.000343
395152,0.034750,0.450207,-0.060741,-0.010980,-0.431163,0.001782,-0.902205,0.000000,0.000687
395156,0.034747,0.450205,-0.060745,-0.011027,-0.431199,0.001794,-0.902188,0.000000,0.000343
395159,0.034755,0.450211,-0.060742,-0.011128,-0.431153,0.001854,-0.902208,0.000000,0.000687
395163,0.034762,0.450204,-0.060728,-0.011046,-0.431177,0.001753,-0.902198,-0.000343,0.000343
395166,0.034770,0.450203,-0.060719,-0.011058,-0.431171,0.001809,-0.902201,-0.000343,0.000343
395170,0.034779,0.450202,-0.060708,-0.011128,-0.431142,0.001844,-0.902214,-0.000343,0.000687
395173,0.034779,0.450203,-0.060707,-0.011083,-0.431127,0.001844,-0.902222,0.000000,0.000687
395177,0.034772,0.450201,-0.060711,-0.011066,-0.431151,0.001799,-0.902210,-0.000343,0.000687
395180,0.034765,0.450203,-0.060720,-0.011072,-0.431179,0.001817,-0.902197,-0.000343,0.000687
395184,0.034757,0.450205,-0.060734,-0.010959,-0.431158,0.001769,-0.902208,-0.000343,0.000687
395188,0.034755,0.450207,-0.060740,-0.011000,-0.431185,0.001796,-0.902195,0.000000,0.000687
395191,0.034762,0.450212,-0.060743,-0.011137,-0.431123,0.001861,-0.902222,-0.000343,0.000687
395195,0.034761,0.450204,-0.060731,-0.011010,-0.431150,0.001723,-0.902211,0.000000,0.000687
395198,0.034771,0.450202,-0.060719,-0.011085,-0.431167,0.001820,-0.902202,0.000000,0.001717
395198,0.034771,0.450202,-0.060719,-0.011085,-0.431167,0.001820,-0.902202,-0.000343,0.004807
395198,0.034771,0.450202,-0.060719,-0.011085,-0.431167,0.001820,-0.902202,0.000000,0.010643
395198,0.034771,0.450202,-0.060719,-0.011085,-0.431167,0.001820,-0.902202,0.000000,0.017853
395198,0.034771,0.450202,-0.060719,-0.011085,-0.431167,0.001820,-0.902202,-0.000343,0.028839
395198,0.034771,0.450202,-0.060719,-0.011085,-0.431167,0.001820,-0.902202,0.000000,0.040512
395198,0.034771,0.450202,-0.060719,-0.011085,-0.431167,0.001820,-0.902202,-0.000343,0.055275
395198,0.034771,0.450202,-0.060719,-0.011085,-0.431167,0.001820,-0.902202,0.000000,0.064888
395198,0.034771,0.450202,-0.060719,-0.011085,-0.431167,0.001820,-0.902202,-0.000343,0.074844
395198,0.034771,0.450202,-0.060719,-0.011085,-0.431167,0.001820,-0.902202,-0.000343,0.082397
395198,0.034771,0.450202,-0.060719,-0.011085,-0.431167,0.001820,-0.902202,-0.000343,0.090637
395198,0.034771,0.450202,-0.060719,-0.011085,-0.431167,0.001820,-0.902202,0.000000,0.098534
395198,0.034771,0.450202,-0.060719,-0.011085,-0.431167,0.001820,-0.902202,-0.000343,0.111580
395198,0.034771,0.450202,-0.060719,-0.011085,-0.431167,0.001820,-0.902202,0.000000,0.125313
395198,0.034771,0.450202,-0.060719,-0.011085,-0.431167,0.001820,-0.902202,0.000000,0.145226
395198,0.034771,0.450202,-0.060719,-0.011085,-0.431167,0.001820,-0.902202,0.000000,0.165825
395198,0.034771,0.450202,-0.060719,-0.011085,-0.431167,0.001820,-0.902202,0.000000,0.187111
395198,0.034771,0.450202,-0.060719,-0.011085,-0.431167,0.001820,-0.902202,0.000000,0.206680
395198,0.034771,0.450202,-0.060719,-0.011085,-0.431167,0.001820,-0.902202,-0.000343,0.232773
395198,0.034771,0.450202,-0.060719,-0.011085,-0.431167,0.001820,-0.902202,0.000000,0.254745
395198,0.034771,0.450202,-0.060719,-0.011085,-0.431167,0.001820,-0.902202,-0.000343,0.282555
395198,0.034771,0.450202,-0.060719,-0.011085,-0.431167,0.001820,-0.902202,0.000000,0.306244
395198,0.034771,0.450202,-0.060719,-0.011085,-0.431167,0.001820,-0.902202,0.000000,0.331306
395198,0.034771,0.450202,-0.060719,-0.011085,-0.431167,0.001820,-0.902202,-0.000343,0.356369
395198,0.034771,0.450202,-0.060719,-0.011085,-0.431167,0.001820,-0.902202,-0.000343,0.391388
395198,0.034771,0.450202,-0.060719,-0.011085,-0.431167,0.001820,-0.902202,-0.000343,0.422287
395198,0.034771,0.450202,-0.060719,-0.011085,-0.431167,0.001820,-0.902202,-0.000343,0.464516
395198,0.034771,0.450202,-0.060719,-0.011085,-0.431167,0.001820,-0.902202,0.000000,0.498505
395198,0.034771,0.450202,-0.060719,-0.011085,-0.431167,0.001820,-0.902202,0.000000,0.542793
395198,0.034771,0.450202,-0.060719,-0.011085,-0.431167,0.001820,-0.902202,0.000000,0.580215
395305,0.034768,0.450199,-0.060706,-0.011108,-0.431173,0.001770,-0.902199,0.000000,0.625877
395308,0.034769,0.450201,-0.060704,-0.011086,-0.431175,0.001846,-0.902198,0.000000,0.671196
395312,0.034763,0.450202,-0.060708,-0.010967,-0.431175,0.001723,-0.902200,0.000000,0.717201
395315,0.034762,0.450205,-0.060717,-0.011042,-0.431154,0.001770,-0.902209,-0.000343,0.762520
395319,0.034761,0.450213,-0.060730,-0.011078,-0.431125,0.001795,-0.902222,0.000000,0.820198
395323,0.034757,0.450211,-0.060733,-0.011065,-0.431143,0.001737,-0.902214,0.000000,0.875130
395326,0.034756,0.450205,-0.060732,-0.011025,-0.431203,0.001769,-0.902186,-0.000343,0.935211
395329,0.034762,0.450210,-0.060731,-0.011127,-0.431174,0.001882,-0.902198,-0.000343,0.996323
395333,0.034761,0.450203,-0.060725,-0.011038,-0.431176,0.001740,-0.902199,0.000000,1.058807
395337,0.034765,0.450202,-0.060724,-0.011083,-0.431178,0.001775,-0.902197,-0.000343,1.114082
395340,0.034770,0.450206,-0.060724,-0.011178,-0.431111,0.001871,-0.902228,-0.000343,1.183434
395344,0.034763,0.450204,-0.060725,-0.010988,-0.431192,0.001702,-0.902192,-0.000343,1.250381
395347,0.034755,0.450204,-0.060728,-0.011053,-0.431183,0.001786,-0.902195,-0.000343,1.322136
395351,0.034755,0.450213,-0.060733,-0.011092,-0.431165,0.001801,-0.902203,-0.000343,1.399040
395354,0.034750,0.450206,-0.060734,-0.011006,-0.431167,0.001800,-0.902203,0.000000,1.478348
395358,0.034755,0.450210,-0.060732,-0.011083,-0.431165,0.001790,-0.902203,0.000000,1.562462
395362,0.034757,0.450204,-0.060725,-0.010995,-0.431180,0.001719,-0.902197,-0.000343,1.639366
395365,0.034759,0.450203,-0.060720,-0.011036,-0.431164,0.001732,-0.902204,-0.000343,1.735153
395369,0.034770,0.450208,-0.060719,-0.011156,-0.431116,0.001828,-0.902226,0.000000,1.824760
395372,0.034769,0.450208,-0.060720,-0.011155,-0.431125,0.001840,-0.902222,-0.000343,1.908531
395376,0.034765,0.450210,-0.060723,-0.011076,-0.431167,0.001764,-0.902202,-0.000343,2.009468
395379,0.034760,0.450209,-0.060726,-0.011132,-0.431142,0.001793,-0.902214,-0.000343,2.105598
395383,0.034750,0.450210,-0.060730,-0.011078,-0.431164,0.001766,-0.902204,-0.000343,2.205162
395386,0.034745,0.450205,-0.060728,-0.010982,-0.431195,0.001734,-0.902190,0.000000,2.307816
395390,0.034748,0.450210,-0.060728,-0.011104,-0.431153,0.001740,-0.902209,-0.000343,2.416306
395394,0.034754,0.450210,-0.060726,-0.011120,-0.431142,0.001762,-0.902214,-0.000343,2.517586
395397,0.034756,0.450203,-0.060722,-0.011007,-0.431169,0.001712,-0.902203,-0.000343,2.645645
395401,0.034763,0.450204,-0.060717,-0.011076,-0.431163,0.001840,-0.902204,-0.000343,2.754478
395404,0.034764,0.450204,-0.060716,-0.011038,-0.431144,0.001795,-0.902214,-0.000343,2.887688
395407,0.034763,0.450203,-0.060714,-0.011051,-0.431159,0.001794,-0.902206,-0.000343,3.013000
395411,0.034756,0.450202,-0.060718,-0.011062,-0.431161,0.001710,-0.902206,-0.000343,3.141747
395415,0.034755,0.450204,-0.060723,-0.011018,-0.431162,0.001743,-0.902205,0.000000,3.259163
395418,0.034751,0.450205,-0.060726,-0.011026,-0.431183,0.001730,-0.902196,-0.000343,3.409882
395422,0.034751,0.450204,-0.060726,-0.011037,-0.431179,0.001754,-0.902197,-0.000343,3.534508
395425,0.034752,0.450204,-0.060724,-0.011098,-0.431135,0.001791,-0.902218,-0.000343,3.691063
395429,0.034751,0.450210,-0.060720,-0.011043,-0.431174,0.001735,-0.902200,-0.000343,3.838348
395433,0.034753,0.450203,-0.060713,-0.011077,-0.431174,0.001817,-0.902199,-0.000343,3.987350
395436,0.034752,0.450209,-0.060714,-0.011107,-0.431142,0.001777,-0.902214,-0.000343,4.142189
395440,0.034752,0.450203,-0.060712,-0.011030,-0.431184,0.001759,-0.902195,0.000000,4.286728
395443,0.034748,0.450204,-0.060714,-0.011068,-0.431166,0.001765,-0.902203,-0.000343,4.450493
395447,0.034744,0.450204,-0.060715,-0.011010,-0.431163,0.001741,-0.902205,-0.000343,4.635887
395450,0.034745,0.450210,-0.060718,-0.011063,-0.431140,0.001723,-0.902216,-0.000343,4.810295
395454,0.034741,0.450202,-0.060720,-0.011044,-0.431136,0.001746,-0.902218,-0.000343,4.968567
395457,0.034742,0.450203,-0.060718,-0.011086,-0.431121,0.001724,-0.902224,-0.000343,5.163918
395461,0.034743,0.450205,-0.060718,-0.010969,-0.431190,0.001695,-0.902193,-0.000343,5.343475
395465,0.034743,0.450204,-0.060716,-0.011091,-0.431144,0.001817,-0.902213,-0.000343,5.525780
395468,0.034742,0.450203,-0.060714,-0.011039,-0.431157,0.001727,-0.902208,-0.000343,5.718727
395472,0.034739,0.450202,-0.060716,-0.011054,-0.431148,0.001735,-0.902212,-0.000343,5.896568
395475,0.034743,0.450207,-0.060716,-0.011156,-0.431143,0.001755,-0.902213,-0.000343,6.101875
395479,0.034737,0.450204,-0.060716,-0.011036,-0.431134,0.001739,-0.902219,-0.000343,6.312332
395482,0.034736,0.450205,-0.060713,-0.010992,-0.431164,0.001662,-0.902205,-0.000343,6.546822
395486,0.034741,0.450202,-0.060712,-0.011069,-0.431147,0.001767,-0.902212,-0.000343,6.760712
395489,0.034740,0.450203,-0.060708,-0.011037,-0.431127,0.001745,-0.902222,-0.000343,6.975288
395493,0.034744,0.450209,-0.060708,-0.011089,-0.431124,0.001773,-0.902223,-0.000343,7.198105
395496,0.034743,0.450202,-0.060705,-0.011054,-0.431129,0.001717,-0.902221,-0.000343,7.401352
395500,0.034742,0.450203,-0.060706,-0.011050,-0.431119,0.001749,-0.902226,-0.000343,7.658844
395504,0.034740,0.450203,-0.060708,-0.011095,-0.431121,0.001824,-0.902224,-0.000343,7.901230
395507,0.034736,0.450205,-0.060710,-0.011085,-0.431142,0.001778,-0.902214,-0.000343,8.148422
395511,0.034732,0.450213,-0.060717,-0.011086,-0.431088,0.001761,-0.902240,-0.000343,8.394241
395514,0.034728,0.450204,-0.060718,-0.011013,-0.431175,0.001700,-0.902200,-0.000343,8.649330
395518,0.034735,0.450211,-0.060719,-0.011184,-0.431115,0.001875,-0.902226,-0.000343,8.909225
395521,0.034737,0.450210,-0.060718,-0.011106,-0.431102,0.001770,-0.902233,-0.000687,9.174271
395525,0.034737,0.450204,-0.060711,-0.011063,-0.431141,0.001736,-0.902215,-0.000343,9.440002
395529,0.034741,0.450204,-0.060705,-0.011060,-0.431110,0.001798,-0.902230,-0.000343,9.681358
395532,0.034741,0.450204,-0.060703,-0.011064,-0.431111,0.001767,-0.902229,-0.000343,9.987259
395536,0.034740,0.450205,-0.060704,-0.011076,-0.431107,0.001842,-0.902231,-0.000343,10.272903
395539,0.034739,0.450210,-0.060708,-0.011151,-0.431085,0.001866,-0.902240,-0.000687,10.563011
395542,0.034736,0.450211,-0.060712,-0.011127,-0.431060,0.001851,-0.902253,-0.000343,10.856209
395546,0.034729,0.450213,-0.060715,-0.011059,-0.431084,0.001811,-0.902242,-0.000343,11.119194
395550,0.034727,0.450206,-0.060715,-0.011118,-0.431099,0.001933,-0.902234,-0.000343,11.424408
395553,0.034725,0.450206,-0.060716,-0.011009,-0.431125,0.001886,-0.902223,-0.000343,11.760864
395557,0.034732,0.450206,-0.060715,-0.011088,-0.431076,0.001891,-0.902245,-0.000687,12.075005
395560,0.034737,0.450207,-0.060714,-0.011053,-0.431121,0.001933,-0.902224,-0.000687,12.386742
395564,0.034741,0.450208,-0.060710,-0.011059,-0.431072,0.001962,-0.902248,-0.000343,12.664146
395567,0.034741,0.450208,-0.060708,-0.011003,-0.431099,0.001957,-0.902236,-0.000687,13.015022
395571,0.034743,0.450208,-0.060709,-0.011078,-0.431048,0.002060,-0.902259,-0.000343,13.308907
395575,0.034742,0.450210,-0.060714,-0.011044,-0.431080,0.002064,-0.902244,-0.000687,13.676262
395578,0.034743,0.450217,-0.060721,-0.011075,-0.431031,0.002070,-0.902267,-0.000687,14.011688
395582,0.034739,0.450212,-0.060722,-0.011062,-0.431062,0.002163,-0.902252,-0.000687,14.353981
395585,0.034744,0.450220,-0.060723,-0.011112,-0.431026,0.002186,-0.902269,-0.000687,14.698677
395589,0.034745,0.450219,-0.060717,-0.011116,-0.431026,0.002232,-0.902268,-0.000343,15.048866
395592,0.034747,0.450218,-0.060712,-0.011163,-0.431059,0.002223,-0.902252,-0.000687,15.396996
395596,0.034752,0.450220,-0.060704,-0.011121,-0.431062,0.002293,-0.902251,-0.000687,15.721436
395599,0.034749,0.450212,-0.060704,-0.011027,-0.431106,0.002200,-0.902231,-0.000687,16.118317
395603,0.034755,0.450213,-0.060711,-0.011132,-0.431101,0.002345,-0.902232,-0.000343,16.449280
395607,0.034750,0.450213,-0.060722,-0.011005,-0.431147,0.002292,-0.902212,-0.000687,16.845131
395610,0.034753,0.450223,-0.060730,-0.011093,-0.431120,0.002347,-0.902223,-0.000687,17.212143
395614,0.034750,0.450217,-0.060732,-0.011044,-0.431152,0.002441,-0.902209,-0.000343,17.581558
395617,0.034752,0.450225,-0.060736,-0.011099,-0.431106,0.002503,-0.902230,-0.000687,17.917328
395621,0.034758,0.450224,-0.060733,-0.011164,-0.431097,0.002571,-0.902233,-0.000687,18.334808
395624,0.034763,0.450218,-0.060731,-0.011121,-0.431147,0.002642,-0.902210,-0.000687,18.681221
395628,0.034770,0.450217,-0.060728,-0.011036,-0.431158,0.002652,-0.902205,-0.000687,19.113121
395632,0.034778,0.450218,-0.060727,-0.011106,-0.431169,0.002722,-0.902199,-0.000343,19.502792
395635,0.034780,0.450219,-0.060728,-0.011132,-0.431186,0.002851,-0.902190,-0.000687,19.901733
395638,0.034780,0.450221,-0.060730,-0.011129,-0.431164,0.002868,-0.902200,-0.000687,20.294838
395642,0.034779,0.450229,-0.060738,-0.011176,-0.431117,0.002906,-0.902222,-0.000687,20.654984
395646,0.034778,0.450223,-0.060739,-0.011110,-0.431155,0.003016,-0.902204,-0.000343,21.096840
395649,0.034785,0.450231,-0.060743,-0.011165,-0.431139,0.003143,-0.902211,-0.000687,21.502991
395653,0.034793,0.450233,-0.060743,-0.011146,-0.431129,0.003205,-0.902216,-0.000687,21.916008
395656,0.034800,0.450224,-0.060740,-0.011168,-0.431109,0.003289,-0.902225,-0.000687,22.323532
395656,0.034800,0.450224,-0.060740,-0.011168,-0.431109,0.003289,-0.902225,-0.000687,22.744789
395656,0.034800,0.450224,-0.060740,-0.011168,-0.431109,0.003289,-0.902225,-0.000687,23.160553
395656,0.034800,0.450224,-0.060740,-0.011168,-0.431109,0.003289,-0.902225,-0.000687,23.543358
395656,0.034800,0.450224,-0.060740,-0.011168,-0.431109,0.003289,-0.902225,-0.000687,24.008560
395656,0.034800,0.450224,-0.060740,-0.011168,-0.431109,0.003289,-0.902225,-0.000343,24.388962
395656,0.034800,0.450224,-0.060740,-0.011168,-0.431109,0.003289,-0.902225,-0.000687,24.862747
395656,0.034800,0.450224,-0.060740,-0.011168,-0.431109,0.003289,-0.902225,-0.000687,25.285721
395656,0.034800,0.450224,-0.060740,-0.011168,-0.431109,0.003289,-0.902225,-0.000687,25.677109
395656,0.034800,0.450224,-0.060740,-0.011168,-0.431109,0.003289,-0.902225,-0.000687,26.162224
395656,0.034800,0.450224,-0.060740,-0.011168,-0.431109,0.003289,-0.902225,-0.000687,26.551895
395656,0.034800,0.450224,-0.060740,-0.011168,-0.431109,0.003289,-0.902225,-0.000687,27.047653
395656,0.034800,0.450224,-0.060740,-0.011168,-0.431109,0.003289,-0.902225,-0.000687,27.500153
395656,0.034800,0.450224,-0.060740,-0.011168,-0.431109,0.003289,-0.902225,-0.000687,27.897377
395656,0.034800,0.450224,-0.060740,-0.011168,-0.431109,0.003289,-0.902225,-0.000343,28.393135
395656,0.034800,0.450224,-0.060740,-0.011168,-0.431109,0.003289,-0.902225,-0.000687,28.792763
395656,0.034800,0.450224,-0.060740,-0.011168,-0.431109,0.003289,-0.902225,-0.000687,29.286804
395656,0.034800,0.450224,-0.060740,-0.011168,-0.431109,0.003289,-0.902225,-0.000687,29.742393
395656,0.034800,0.450224,-0.060740,-0.011168,-0.431109,0.003289,-0.902225,-0.000687,30.193520
395656,0.034800,0.450224,-0.060740,-0.011168,-0.431109,0.003289,-0.902225,-0.000687,30.651855
395656,0.034800,0.450224,-0.060740,-0.011168,-0.431109,0.003289,-0.902225,-0.000687,31.068649
395656,0.034800,0.450224,-0.060740,-0.011168,-0.431109,0.003289,-0.902225,-0.000687,31.579857
395656,0.034800,0.450224,-0.060740,-0.011168,-0.431109,0.003289,-0.902225,-0.000687,32.008667
395656,0.034800,0.450224,-0.060740,-0.011168,-0.431109,0.003289,-0.902225,-0.000687,32.538414
395656,0.034800,0.450224,-0.060740,-0.011168,-0.431109,0.003289,-0.902225,-0.000687,33.008766
395656,0.034800,0.450224,-0.060740,-0.011168,-0.431109,0.003289,-0.902225,-0.000687,33.471565
395656,0.034800,0.450224,-0.060740,-0.011168,-0.431109,0.003289,-0.902225,-0.000343,33.943634
395656,0.034800,0.450224,-0.060740,-0.011168,-0.431109,0.003289,-0.902225,-0.000343,34.360771
395656,0.034800,0.450224,-0.060740,-0.011168,-0.431109,0.003289,-0.902225,-0.000687,34.878845
395656,0.034800,0.450224,-0.060740,-0.011168,-0.431109,0.003289,-0.902225,-0.000687,35.305595
395763,0.034860,0.450244,-0.060765,-0.011186,-0.431006,0.004463,-0.902268,-0.000687,35.825386
395766,0.034859,0.450237,-0.060763,-0.011145,-0.431039,0.004462,-0.902253,-0.000687,36.308784
395770,0.034856,0.450238,-0.060761,-0.011116,-0.431082,0.004453,-0.902233,-0.000687,36.799393
395773,0.034859,0.450237,-0.060761,-0.011112,-0.431088,0.004536,-0.902230,-0.000687,37.232323
395777,0.034854,0.450239,-0.060764,-0.011106,-0.431121,0.004477,-0.902215,-0.000687,37.767220
395780,0.034856,0.450243,-0.060766,-0.011071,-0.431094,0.004504,-0.902228,-0.000343,38.218689
395784,0.034859,0.450241,-0.060767,-0.011145,-0.431113,0.004616,-0.902217,-0.000687,38.705521
395788,0.034856,0.450240,-0.060766,-0.011068,-0.431075,0.004465,-0.902237,-0.000687,39.234581
395791,0.034863,0.450244,-0.060767,-0.011193,-0.431004,0.004543,-0.902269,-0.000687,39.721413
395795,0.034861,0.450240,-0.060765,-0.011109,-0.431046,0.004603,-0.902250,-0.000687,40.209961
395798,0.034864,0.450245,-0.060767,-0.011169,-0.431000,0.004630,-0.902271,-0.000343,40.639114
395802,0.034864,0.450241,-0.060768,-0.011108,-0.431058,0.004612,-0.902244,-0.000343,41.133156
395805,0.034865,0.450246,-0.060771,-0.011193,-0.431045,0.004705,-0.902249,-0.000687,41.681786
395809,0.034862,0.450242,-0.060774,-0.011050,-0.431087,0.004628,-0.902231,-0.000343,42.117119
395812,0.034863,0.450245,-0.060781,-0.011071,-0.431095,0.004712,-0.902227,-0.000687,42.664375
395816,0.034861,0.450244,-0.060779,-0.011138,-0.431069,0.004741,-0.902238,-0.000687,43.173523
395816,0.034861,0.450244,-0.060779,-0.011138,-0.431069,0.004741,-0.902238,-0.000687,43.670654
395816,0.034861,0.450244,-0.060779,-0.011138,-0.431069,0.004741,-0.902238,-0.000687,44.159889
395816,0.034861,0.450244,-0.060779,-0.011138,-0.431069,0.004741,-0.902238,-0.000343,44.613075
395816,0.034861,0.450244,-0.060779,-0.011138,-0.431069,0.004741,-0.902238,-0.000687,45.160675
395816,0.034861,0.450244,-0.060779,-0.011138,-0.431069,0.004741,-0.902238,-0.000687,45.595665
395816,0.034861,0.450244,-0.060779,-0.011138,-0.431069,0.004741,-0.902238,-0.000687,46.140862
395816,0.034861,0.450244,-0.060779,-0.011138,-0.431069,0.004741,-0.902238,-0.000687,46.645203
395816,0.034861,0.450244,-0.060779,-0.011138,-0.431069,0.004741,-0.902238,-0.000687,47.144394
395816,0.034861,0.450244,-0.060779,-0.011138,-0.431069,0.004741,-0.902238,-0.000687,47.641869
395816,0.034861,0.450244,-0.060779,-0.011138,-0.431069,0.004741,-0.902238,-0.000687,48.097115
395816,0.034861,0.450244,-0.060779,-0.011138,-0.431069,0.004741,-0.902238,-0.000687,48.650208
395816,0.034861,0.450244,-0.060779,-0.011138,-0.431069,0.004741,-0.902238,-0.000343,49.139099
395816,0.034861,0.450244,-0.060779,-0.011138,-0.431069,0.004741,-0.902238,-0.000687,49.643440
395816,0.034861,0.450244,-0.060779,-0.011138,-0.431069,0.004741,-0.902238,-0.000687,50.152588
395816,0.034861,0.450244,-0.060779,-0.011138,-0.431069,0.004741,-0.902238,-0.000687,50.645599
395816,0.034861,0.450244,-0.060779,-0.011138,-0.431069,0.004741,-0.902238,-0.000687,51.089516
395816,0.034861,0.450244,-0.060779,-0.011138,-0.431069,0.004741,-0.902238,-0.000687,51.597633
395816,0.034861,0.450244,-0.060779,-0.011138,-0.431069,0.004741,-0.902238,-0.000687,52.150040
395816,0.034861,0.450244,-0.060779,-0.011138,-0.431069,0.004741,-0.902238,-0.000343,52.593269
395816,0.034861,0.450244,-0.060779,-0.011138,-0.431069,0.004741,-0.902238,-0.000687,53.145332
395816,0.034861,0.450244,-0.060779,-0.011138,-0.431069,0.004741,-0.902238,-0.000687,53.647957
395816,0.034861,0.450244,-0.060779,-0.011138,-0.431069,0.004741,-0.902238,-0.000687,54.134445
395816,0.034861,0.450244,-0.060779,-0.011138,-0.431069,0.004741,-0.902238,-0.000687,54.628143
395816,0.034861,0.450244,-0.060779,-0.011138,-0.431069,0.004741,-0.902238,-0.000687,55.093689
395816,0.034861,0.450244,-0.060779,-0.011138,-0.431069,0.004741,-0.902238,-0.000343,55.645065
395816,0.034861,0.450244,-0.060779,-0.011138,-0.431069,0.004741,-0.902238,-0.000687,56.077995
395816,0.034861,0.450244,-0.060779,-0.011138,-0.431069,0.004741,-0.902238,-0.000343,56.627998
395816,0.034861,0.450244,-0.060779,-0.011138,-0.431069,0.004741,-0.902238,-0.000343,57.084618
395816,0.034861,0.450244,-0.060779,-0.011138,-0.431069,0.004741,-0.902238,-0.000687,57.571793
395922,0.034893,0.450263,-0.060813,-0.011005,-0.430873,0.005979,-0.902326,-0.000687,58.111153
395926,0.034885,0.450263,-0.060821,-0.010954,-0.430865,0.005994,-0.902330,-0.000687,58.559875
395930,0.034886,0.450266,-0.060827,-0.010994,-0.430811,0.006147,-0.902354,-0.000687,59.090652
395933,0.034889,0.450266,-0.060827,-0.010989,-0.430825,0.006209,-0.902347,-0.000687,59.571991
395937,0.034898,0.450269,-0.060829,-0.010913,-0.430793,0.006223,-0.902363,-0.000343,60.071182
395940,0.034904,0.450269,-0.060826,-0.010940,-0.430805,0.006302,-0.902357,-0.000343,60.567627
395944,0.034918,0.450270,-0.060824,-0.010996,-0.430786,0.006516,-0.902364,-0.000687,61.052742
395947,0.034921,0.450272,-0.060823,-0.010941,-0.430802,0.006523,-0.902357,-0.000343,61.497345
395951,0.034928,0.450278,-0.060828,-0.011012,-0.430772,0.006649,-0.902369,-0.000343,62.039795
395954,0.034929,0.450273,-0.060832,-0.010972,-0.430782,0.006783,-0.902364,-0.000687,62.523537
395958,0.034928,0.450277,-0.060842,-0.010899,-0.430760,0.006881,-0.902375,-0.000343,63.005562
395962,0.034937,0.450282,-0.060851,-0.010957,-0.430736,0.007174,-0.902383,-0.000343,63.488617
395965,0.034940,0.450282,-0.060857,-0.010975,-0.430689,0.007265,-0.902404,-0.000343,63.956223
395969,0.034944,0.450286,-0.060858,-0.010860,-0.430705,0.007328,-0.902398,-0.000343,64.427948
395972,0.034950,0.450283,-0.060860,-0.010935,-0.430667,0.007443,-0.902414,-0.000343,64.912376
395976,0.034963,0.450287,-0.060863,-0.010942,-0.430680,0.007685,-0.902406,-0.000343,65.333977
395979,0.034970,0.450290,-0.060862,-0.010882,-0.430689,0.007706,-0.902402,-0.000343,65.852737
395983,0.034978,0.450290,-0.060866,-0.010913,-0.430662,0.007927,-0.902412,-0.000343,66.341286
395987,0.034983,0.450289,-0.060869,-0.010913,-0.430640,0.008082,-0.902422,-0.000343,66.771812
395990,0.034989,0.450294,-0.060872,-0.010889,-0.430644,0.008136,-0.902420,-0.000343,67.295380
395994,0.034998,0.450296,-0.060878,-0.010910,-0.430672,0.008348,-0.902404,-0.000343,67.764015
395997,0.035003,0.450296,-0.060879,-0.010933,-0.430646,0.008491,-0.902415,-0.000343,68.225098
396000,0.035006,0.450298,-0.060886,-0.010890,-0.430654,0.008586,-0.902410,-0.000343,68.639488
396004,0.035015,0.450299,-0.060889,-0.010875,-0.430671,0.008702,-0.902402,-0.000343,69.099541
396008,0.035024,0.450303,-0.060893,-0.010888,-0.430634,0.009002,-0.902416,-0.000343,69.594612
396011,0.035027,0.450307,-0.060897,-0.010820,-0.430654,0.009070,-0.902407,-0.000343,70.004196
396015,0.035038,0.450309,-0.060905,-0.010891,-0.430608,0.009314,-0.902426,-0.000343,70.510941
396018,0.035013,0.450326,-0.060912,-0.010261,-0.430626,0.008779,-0.902429,-0.000343,70.961037
396022,0.035020,0.450330,-0.060922,-0.010204,-0.430596,0.008929,-0.902443,-0.000343,71.419716
396025,0.035027,0.450330,-0.060925,-0.010234,-0.430603,0.009055,-0.902438,-0.000343,71.886978
396029,0.035039,0.450332,-0.060933,-0.010306,-0.430585,0.009424,-0.902442,0.000000,72.335014
396033,0.035051,0.450337,-0.060938,-0.010224,-0.430580,0.009575,-0.902444,-0.000343,72.779961
396036,0.035058,0.450336,-0.060943,-0.010262,-0.430559,0.009749,-0.902451,0.000000,73.220444
396040,0.035073,0.450342,-0.060945,-0.010242,-0.430562,0.010044,-0.902447,0.000000,73.610802
396043,0.035082,0.450345,-0.060950,-0.010214,-0.430547,0.010177,-0.902453,0.000000,74.094887
396046,0.035089,0.450347,-0.060954,-0.010171,-0.430562,0.010398,-0.902444,0.000000,74.521637
396050,0.035111,0.450351,-0.060962,-0.010261,-0.430549,0.010801,-0.902444,0.000000,74.957314
396054,0.035124,0.450357,-0.060971,-0.010184,-0.430565,0.011070,-0.902434,0.000000,75.389557
396058,0.035140,0.450358,-0.060975,-0.010256,-0.430580,0.011378,-0.902423,0.000000,75.769272
396061,0.035150,0.450362,-0.060980,-0.010288,-0.430567,0.011616,-0.902425,0.000000,76.244087
396065,0.035160,0.450366,-0.060984,-0.010247,-0.430528,0.011732,-0.902443,0.000000,76.622429
396068,0.035173,0.450367,-0.060987,-0.010231,-0.430562,0.011966,-0.902424,0.000343,77.087631
396072,0.035187,0.450371,-0.060993,-0.010235,-0.430539,0.012278,-0.902430,0.000000,77.512321
396075,0.035195,0.450372,-0.060997,-0.010231,-0.430559,0.012422,-0.902419,0.000000,77.915382
396079,0.035209,0.450377,-0.061005,-0.010272,-0.430566,0.012731,-0.902411,0.000000,78.319473
396082,0.035217,0.450379,-0.061016,-0.010286,-0.430594,0.013000,-0.902394,0.000343,78.731804
396086,0.035226,0.450383,-0.061025,-0.010226,-0.430613,0.013158,-0.902383,0.000343,79.141045
396089,0.035237,0.450386,-0.061032,-0.010205,-0.430608,0.013386,-0.902382,0.000000,79.501534
396093,0.035254,0.450387,-0.061037,-0.010289,-0.430577,0.013781,-0.902390,0.000343,79.942703
396097,0.035273,0.450391,-0.061043,-0.010213,-0.430589,0.014055,-0.902381,0.000343,80.298042
396100,0.035293,0.450395,-0.061047,-0.010266,-0.430557,0.014416,-0.902390,0.000343,80.724449
396103,0.035313,0.450397,-0.061050,-0.010288,-0.430576,0.014667,-0.902376,0.000343,81.117554
396107,0.035336,0.450402,-0.061056,-0.010261,-0.430558,0.015042,-0.902379,0.000343,81.493149
396111,0.035351,0.450401,-0.061064,-0.010322,-0.430574,0.015389,-0.902365,0.000343,81.879044
396114,0.035366,0.450405,-0.061071,-0.010327,-0.430602,0.015761,-0.902345,0.000687,82.210350
396118,0.035375,0.450411,-0.061081,-0.010261,-0.430586,0.015963,-0.902350,0.000687,82.628174
396121,0.035383,0.450412,-0.061090,-0.010258,-0.430617,0.016211,-0.902331,0.000687,82.963600
396125,0.035393,0.450415,-0.061095,-0.010281,-0.430569,0.016533,-0.902348,0.000687,83.372498
396128,0.035398,0.450416,-0.061100,-0.010246,-0.430557,0.016695,-0.902351,0.000687,83.749123
396132,0.035417,0.450420,-0.061110,-0.010257,-0.430566,0.016991,-0.902341,0.000687,84.107552
396135,0.035432,0.450422,-0.061117,-0.010269,-0.430567,0.017271,-0.902335,0.000687,84.469414
396139,0.035453,0.450427,-0.061123,-0.010185,-0.430596,0.017563,-0.902317,0.000687,84.819946
396143,0.035472,0.450428,-0.061127,-0.010261,-0.430579,0.017885,-0.902318,0.000687,85.132027
396146,0.035482,0.450429,-0.061130,-0.010269,-0.430582,0.018144,-0.902311,0.000687,85.464020
396150,0.035492,0.450430,-0.061132,-0.010181,-0.430591,0.018328,-0.902304,0.000687,85.791550
396153,0.035504,0.450433,-0.061137,-0.010237,-0.430578,0.018592,-0.902304,0.000687,86.158218
396157,0.035518,0.450436,-0.061142,-0.010245,-0.430558,0.018925,-0.902306,0.000687,86.490555
396160,0.035529,0.450440,-0.061150,-0.010212,-0.430574,0.019153,-0.902294,0.000687,86.834908
396164,0.035540,0.450443,-0.061162,-0.010196,-0.430578,0.019445,-0.902286,0.000687,87.132568
396167,0.035552,0.450447,-0.061171,-0.010248,-0.430566,0.019754,-0.902285,0.000687,87.500267
396171,0.035560,0.450450,-0.061183,-0.010179,-0.430589,0.019972,-0.902270,0.001030,87.806511
396175,0.035575,0.450452,-0.061189,-0.010250,-0.430598,0.020319,-0.902257,0.000687,88.120995
396178,0.035586,0.450456,-0.061194,-0.010240,-0.430571,0.020573,-0.902264,0.000687,88.412819
396182,0.035600,0.450458,-0.061200,-0.010196,-0.430553,0.020763,-0.902269,0.000687,88.727989
396185,0.035617,0.450459,-0.061202,-0.010193,-0.430554,0.020974,-0.902264,0.000687,88.991661
396189,0.035637,0.450463,-0.061205,-0.010208,-0.430579,0.021248,-0.902245,0.000687,89.323997
396193,0.035655,0.450465,-0.061209,-0.010218,-0.430562,0.021481,-0.902247,0.000687,89.605522
396196,0.035668,0.450469,-0.061212,-0.010261,-0.430563,0.021685,-0.902242,0.000687,89.891167
396199,0.035675,0.450469,-0.061216,-0.010267,-0.430566,0.021914,-0.902235,0.000687,90.176125
396203,0.035684,0.450472,-0.061223,-0.010205,-0.430584,0.022143,-0.902221,0.000687,90.419884
396206,0.035693,0.450476,-0.061230,-0.010230,-0.430590,0.022363,-0.902213,0.000687,90.716171
396210,0.035709,0.450480,-0.061237,-0.010289,-0.430557,0.022755,-0.902218,0.000687,90.981216
396214,0.035723,0.450482,-0.061244,-0.010226,-0.430556,0.022984,-0.902214,0.001030,91.244202
396217,0.035734,0.450484,-0.061248,-0.010233,-0.430561,0.023240,-0.902204,0.000687,91.500664
396221,0.035752,0.450487,-0.061256,-0.010265,-0.430581,0.023617,-0.902184,0.000687,91.755753
396224,0.035762,0.450489,-0.061260,-0.010194,-0.430545,0.023770,-0.902199,0.000687,92.001228
396228,0.035778,0.450490,-0.061263,-0.010305,-0.430547,0.024017,-0.902189,0.000687,92.225761
396232,0.035787,0.450494,-0.061269,-0.010247,-0.430553,0.024295,-0.902180,0.000687,92.486343
396235,0.035795,0.450495,-0.061274,-0.010237,-0.430547,0.024396,-0.902180,0.000687,92.707787
396238,0.035808,0.450497,-0.061280,-0.010256,-0.430551,0.024626,-0.902172,0.000687,92.922707
396242,0.035823,0.450501,-0.061289,-0.010318,-0.430557,0.024951,-0.902159,0.000687,93.140373
396245,0.035836,0.450502,-0.061293,-0.010307,-0.430546,0.025111,-0.902161,0.000687,93.356667
396249,0.035852,0.450504,-0.061297,-0.010291,-0.430540,0.025312,-0.902158,0.000687,93.561630
396253,0.035869,0.450505,-0.061300,-0.010281,-0.430550,0.025643,-0.902144,0.000687,93.799210
396256,0.035885,0.450508,-0.061304,-0.010300,-0.430532,0.025885,-0.902145,0.000687,93.984947
396260,0.035906,0.450509,-0.061311,-0.010402,-0.430516,0.026308,-0.902139,0.000687,94.205704
396264,0.035926,0.450516,-0.061320,-0.010368,-0.430466,0.026699,-0.902152,0.000687,94.388695
396267,0.035935,0.450515,-0.061328,-0.010297,-0.430455,0.026900,-0.902153,0.000687,94.574432
396270,0.035946,0.450522,-0.061337,-0.010355,-0.430398,0.027197,-0.902170,0.000687,94.756050
396274,0.035958,0.450524,-0.061349,-0.010312,-0.430481,0.027567,-0.902119,0.000687,94.925308
396277,0.035966,0.450528,-0.061357,-0.010337,-0.430433,0.027786,-0.902136,0.000687,95.124435
396281,0.035976,0.450529,-0.061366,-0.010316,-0.430452,0.027974,-0.902121,0.000687,95.299187
396285,0.035988,0.450532,-0.061370,-0.010307,-0.430445,0.028260,-0.902115,0.000687,95.449905
396288,0.035996,0.450532,-0.061371,-0.010284,-0.430478,0.028366,-0.902097,0.000687,95.630150
396292,0.036013,0.450536,-0.061375,-0.010411,-0.430452,0.028714,-0.902097,0.000687,95.788078
396295,0.036026,0.450534,-0.061375,-0.010361,-0.430441,0.028854,-0.902098,0.000687,95.945663
396299,0.036040,0.450537,-0.061378,-0.010283,-0.430449,0.029049,-0.902089,0.000687,96.086426
396302,0.036056,0.450539,-0.061382,-0.010323,-0.430420,0.029267,-0.902095,0.000687,96.253967
396306,0.036075,0.450543,-0.061389,-0.010374,-0.430433,0.029666,-0.902075,0.000687,96.380997
396309,0.036083,0.450546,-0.061392,-0.010351,-0.430452,0.029892,-0.902059,0.000687,96.532745
396313,0.036096,0.450545,-0.061399,-0.010374,-0.430430,0.030108,-0.902062,0.000687,96.676254
396313,0.036096,0.450545,-0.061399,-0.010374,-0.430430,0.030108,-0.902062,0.000687,96.806374
396313,0.036096,0.450545,-0.061399,-0.010374,-0.430430,0.030108,-0.902062,0.000687,96.931686
396313,0.036096,0.450545,-0.061399,-0.010374,-0.430430,0.030108,-0.902062,0.000687,97.062149
396313,0.036096,0.450545,-0.061399,-0.010374,-0.430430,0.030108,-0.902062,0.000687,97.174759
396313,0.036096,0.450545,-0.061399,-0.010374,-0.430430,0.030108,-0.902062,0.000687,97.316551
396313,0.036096,0.450545,-0.061399,-0.010374,-0.430430,0.030108,-0.902062,0.000687,97.431221
396313,0.036096,0.450545,-0.061399,-0.010374,-0.430430,0.030108,-0.902062,0.000687,97.537651
396313,0.036096,0.450545,-0.061399,-0.010374,-0.430430,0.030108,-0.902062,0.000687,97.630005
396313,0.036096,0.450545,-0.061399,-0.010374,-0.430430,0.030108,-0.902062,0.000687,97.746391
396313,0.036096,0.450545,-0.061399,-0.010374,-0.430430,0.030108,-0.902062,0.000343,97.845612
396313,0.036096,0.450545,-0.061399,-0.010374,-0.430430,0.030108,-0.902062,0.000687,97.946205
396313,0.036096,0.450545,-0.061399,-0.010374,-0.430430,0.030108,-0.902062,0.000687,98.045082
396313,0.036096,0.450545,-0.061399,-0.010374,-0.430430,0.030108,-0.902062,0.000687,98.130913
396313,0.036096,0.450545,-0.061399,-0.010374,-0.430430,0.030108,-0.902062,0.000343,98.233566
396313,0.036096,0.450545,-0.061399,-0.010374,-0.430430,0.030108,-0.902062,0.000687,98.318710
396313,0.036096,0.450545,-0.061399,-0.010374,-0.430430,0.030108,-0.902062,0.000687,98.411407
396313,0.036096,0.450545,-0.061399,-0.010374,-0.430430,0.030108,-0.902062,0.000687,98.492775
396313,0.036096,0.450545,-0.061399,-0.010374,-0.430430,0.030108,-0.902062,0.000687,98.566589
396313,0.036096,0.450545,-0.061399,-0.010374,-0.430430,0.030108,-0.902062,0.000687,98.645554
396313,0.036096,0.450545,-0.061399,-0.010374,-0.430430,0.030108,-0.902062,0.000687,98.717308
396313,0.036096,0.450545,-0.061399,-0.010374,-0.430430,0.030108,-0.902062,0.000343,98.781853
396313,0.036096,0.450545,-0.061399,-0.010374,-0.430430,0.030108,-0.902062,0.000687,98.851204
396313,0.036096,0.450545,-0.061399,-0.010374,-0.430430,0.030108,-0.902062,0.000687,98.907852
396313,0.036096,0.450545,-0.061399,-0.010374,-0.430430,0.030108,-0.902062,0.000687,98.979263
396313,0.036096,0.450545,-0.061399,-0.010374,-0.430430,0.030108,-0.902062,0.000687,99.042091
396313,0.036096,0.450545,-0.061399,-0.010374,-0.430430,0.030108,-0.902062,0.000687,99.104919
396313,0.036096,0.450545,-0.061399,-0.010374,-0.430430,0.030108,-0.902062,0.000343,99.161568
396313,0.036096,0.450545,-0.061399,-0.010374,-0.430430,0.030108,-0.902062,0.000343,99.207916
396313,0.036096,0.450545,-0.061399,-0.010374,-0.430430,0.030108,-0.902062,0.000343,99.259415
396420,0.036262,0.450574,-0.061479,-0.010358,-0.430424,0.033267,-0.901954,0.000343,99.297523
396423,0.036260,0.450572,-0.061479,-0.010320,-0.430419,0.033238,-0.901958,0.000343,99.345932
396426,0.036259,0.450574,-0.061476,-0.010324,-0.430429,0.033228,-0.901954,0.000343,99.393311
396430,0.036261,0.450574,-0.061478,-0.010372,-0.430422,0.033315,-0.901953,0.000343,99.436569
396434,0.036261,0.450574,-0.061478,-0.010359,-0.430400,0.033344,-0.901963,0.000343,99.481888
396437,0.036263,0.450574,-0.061480,-0.010315,-0.430386,0.033354,-0.901970,0.000343,99.527893
396441,0.036266,0.450575,-0.061483,-0.010327,-0.430406,0.033472,-0.901955,0.000343,99.566689
396444,0.036267,0.450577,-0.061485,-0.010325,-0.430425,0.033479,-0.901946,0.000343,99.597931
396448,0.036269,0.450578,-0.061487,-0.010288,-0.430403,0.033485,-0.901957,0.000343,99.624367
396451,0.036269,0.450576,-0.061488,-0.010301,-0.430412,0.033487,-0.901952,0.000343,99.651489
396455,0.036276,0.450576,-0.061491,-0.010346,-0.430419,0.033609,-0.901944,0.000343,99.679642
396459,0.036276,0.450576,-0.061491,-0.010315,-0.430398,0.033592,-0.901955,0.000343,99.705048
396462,0.036281,0.450577,-0.061490,-0.010352,-0.430414,0.033620,-0.901946,0.000343,99.734573
396466,0.036280,0.450576,-0.061489,-0.010292,-0.430394,0.033660,-0.901955,0.000000,99.760323
396469,0.036278,0.450578,-0.061488,-0.010328,-0.430404,0.033686,-0.901949,0.000343,99.790535
396473,0.036280,0.450579,-0.061488,-0.010366,-0.430430,0.033807,-0.901931,0.000343,99.811134
396476,0.036277,0.450578,-0.061489,-0.010336,-0.430421,0.033770,-0.901937,0.000000,99.830704
396480,0.036277,0.450579,-0.061491,-0.010314,-0.430414,0.033773,-0.901941,0.000343,99.849243
396483,0.036278,0.450579,-0.061492,-0.010319,-0.430422,0.033765,-0.901937,0.000000,99.864349
396487,0.036281,0.450579,-0.061494,-0.010333,-0.430400,0.033853,-0.901944,0.000343,99.878769
396490,0.036285,0.450578,-0.061495,-0.010316,-0.430403,0.033801,-0.901945,0.000000,99.891129
396494,0.036293,0.450580,-0.061497,-0.010408,-0.430383,0.033934,-0.901948,0.000343,99.903488
396498,0.036299,0.450581,-0.061495,-0.010339,-0.430383,0.033926,-0.901949,0.000000,99.911728
396501,0.036300,0.450581,-0.061493,-0.010324,-0.430400,0.033961,-0.901940,0.000000,99.922028
396505,0.036303,0.450578,-0.061489,-0.010366,-0.430420,0.034014,-0.901928,0.000000,99.935760
396508,0.036304,0.450578,-0.061488,-0.010392,-0.430412,0.034011,-0.901932,0.000000,99.947090
396512,0.036301,0.450582,-0.061494,-0.010345,-0.430421,0.034003,-0.901928,0.000000,99.956017
396515,0.036300,0.450579,-0.061494,-0.010359,-0.430432,0.033988,-0.901924,0.000000,99.965630
396519,0.036298,0.450582,-0.061497,-0.010389,-0.430391,0.034072,-0.901939,0.000000,99.971809
396522,0.036295,0.450583,-0.061499,-0.010341,-0.430405,0.033998,-0.901936,0.000000,99.977646
396526,0.036299,0.450581,-0.061500,-0.010364,-0.430413,0.034122,-0.901927,0.000000,99.980736
396530,0.036299,0.450582,-0.061501,-0.010328,-0.430412,0.034058,-0.901931,0.000000,99.983826
396533,0.036304,0.450581,-0.061497,-0.010341,-0.430412,0.034108,-0.901929,-0.000343,99.986229
396537,0.036310,0.450580,-0.061498,-0.010419,-0.430388,0.034156,-0.901937,0.000000,99.988289
396540,0.036312,0.450581,-0.061497,-0.010373,-0.430396,0.034133,-0.901935,0.000000,99.991035
396544,0.036311,0.450582,-0.061498,-0.010359,-0.430407,0.034155,-0.901929,0.000000,99.994125
396547,0.036309,0.450580,-0.061498,-0.010428,-0.430417,0.034188,-0.901922,0.000000,99.997559
396551,0.036304,0.450580,-0.061498,-0.010351,-0.430394,0.034202,-0.901933,0.000000,100.001335
396554,0.036300,0.450582,-0.061499,-0.010350,-0.430425,0.034171,-0.901920,-0.000343,100.004425
396558,0.036299,0.450583,-0.061500,-0.010406,-0.430407,0.034216,-0.901926,0.000000,100.006142
396561,0.036298,0.450580,-0.061501,-0.010362,-0.430414,0.034250,-0.901922,0.000000,100.007172
396565,0.036301,0.450585,-0.061498,-0.010343,-0.430422,0.034248,-0.901919,0.000000,100.007515
396569,0.036303,0.450582,-0.061497,-0.010388,-0.430432,0.034256,-0.901913,-0.000343,100.007515
396572,0.036306,0.450583,-0.061497,-0.010434,-0.430394,0.034321,-0.901928,-0.000343,100.007515
396576,0.036305,0.450583,-0.061499,-0.010361,-0.430394,0.034244,-0.901932,-0.000343,100.007858
396579,0.036311,0.450583,-0.061500,-0.010430,-0.430376,0.034317,-0.901937,-0.000343,100.007515
396583,0.036310,0.450586,-0.061505,-0.010329,-0.430406,0.034273,-0.901926,-0.000343,100.007515
396586,0.036306,0.450583,-0.061505,-0.010366,-0.430401,0.034308,-0.901926,0.000000,100.007858
396590,0.036308,0.450583,-0.061506,-0.010411,-0.430426,0.034363,-0.901911,-0.000343,100.007515
396593,0.036311,0.450584,-0.061505,-0.010427,-0.430402,0.034403,-0.901921,-0.000343,100.007515
396597,0.036311,0.450583,-0.061502,-0.010357,-0.430408,0.034286,-0.901923,-0.000343,100.007515
396601,0.036314,0.450583,-0.061499,-0.010391,-0.430404,0.034364,-0.901922,-0.000343,100.007515
396604,0.036315,0.450582,-0.061497,-0.010445,-0.430382,0.034390,-0.901931,-0.000343,100.007172
396608,0.036314,0.450582,-0.061495,-0.010355,-0.430428,0.034338,-0.901912,-0.000343,100.007172
396611,0.036314,0.450583,-0.061496,-0.010409,-0.430389,0.034406,-0.901927,-0.000343,100.006828
396615,0.036313,0.450583,-0.061498,-0.010342,-0.430434,0.034348,-0.901909,-0.000343,100.006828
396619,0.036311,0.450583,-0.061502,-0.010404,-0.430446,0.034418,-0.901900,-0.000343,100.006485
396622,0.036312,0.450584,-0.061504,-0.010401,-0.430401,0.034409,-0.901922,-0.000343,100.005798
396626,0.036313,0.450585,-0.061509,-0.010355,-0.430402,0.034373,-0.901923,-0.000343,100.005112
396629,0.036315,0.450585,-0.061505,-0.010363,-0.430379,0.034343,-0.901935,-0.000343,100.004082
396632,0.036322,0.450586,-0.061504,-0.010405,-0.430401,0.034431,-0.901921,-0.000343,100.003052
396636,0.036324,0.450584,-0.061498,-0.010405,-0.430396,0.034444,-0.901923,-0.000343,100.001335
396640,0.036325,0.450583,-0.061496,-0.010385,-0.430418,0.034411,-0.901914,-0.000343,99.999962
396643,0.036326,0.450582,-0.061496,-0.010426,-0.430420,0.034504,-0.901909,-0.000343,99.998932
396647,0.036318,0.450584,-0.061500,-0.010394,-0.430400,0.034433,-0.901922,-0.000343,99.997559
396650,0.036315,0.450585,-0.061504,-0.010395,-0.430413,0.034476,-0.901913,-0.000343,99.996872
396654,0.036312,0.450586,-0.061508,-0.010418,-0.430446,0.034522,-0.901896,-0.000687,99.996529
396657,0.036305,0.450583,-0.061510,-0.010384,-0.430404,0.034519,-0.901916,-0.000343,99.996529
396661,0.036305,0.450585,-0.061511,-0.010341,-0.430404,0.034455,-0.901919,-0.000343,99.996185
396665,0.036309,0.450585,-0.061511,-0.010409,-0.430409,0.034532,-0.901913,-0.000343,99.996185
396668,0.036315,0.450585,-0.061505,-0.010411,-0.430402,0.034547,-0.901916,-0.000343,99.996185
396672,0.036323,0.450585,-0.061501,-0.010366,-0.430431,0.034517,-0.901904,-0.000343,99.996185
396675,0.036327,0.450583,-0.061498,-0.010416,-0.430420,0.034571,-0.901906,-0.000343,99.996185
396679,0.036331,0.450582,-0.061497,-0.010371,-0.430428,0.034516,-0.901905,-0.000343,99.996185
396682,0.036332,0.450585,-0.061500,-0.010431,-0.430410,0.034521,-0.901913,-0.000343,99.996185
396686,0.036328,0.450582,-0.061503,-0.010444,-0.430404,0.034528,-0.901915,-0.000343,99.996185
396689,0.036324,0.450584,-0.061503,-0.010423,-0.430410,0.034568,-0.901911,-0.000687,99.996185
396693,0.036318,0.450586,-0.061501,-0.010371,-0.430391,0.034479,-0.901924,-0.000687,99.996185
396696,0.036317,0.450586,-0.061502,-0.010429,-0.430398,0.034593,-0.901916,-0.000687,99.996185
396700,0.036316,0.450586,-0.061502,-0.010373,-0.430416,0.034565,-0.901909,-0.000687,99.996529
396703,0.036319,0.450586,-0.061501,-0.010366,-0.430391,0.034593,-0.901920,-0.000343,99.996185
396707,0.036322,0.450584,-0.061504,-0.010421,-0.430416,0.034610,-0.901907,-0.000343,99.996185
396711,0.036316,0.450583,-0.061505,-0.010388,-0.430389,0.034557,-0.901922,-0.000343,99.996185
396714,0.036318,0.450584,-0.061507,-0.010379,-0.430389,0.034528,-0.901923,-0.000687,99.996529
396718,0.036316,0.450584,-0.061510,-0.010415,-0.430384,0.034590,-0.901923,-0.000343,99.996529
396721,0.036319,0.450583,-0.061510,-0.010416,-0.430398,0.034643,-0.901914,-0.000343,99.996529
396725,0.036321,0.450587,-0.061510,-0.010378,-0.430422,0.034563,-0.901906,-0.000687,99.996529
396728,0.036325,0.450585,-0.061510,-0.010414,-0.430393,0.034613,-0.901918,-0.000343,99.996529
396732,0.036331,0.450584,-0.061508,-0.010405,-0.430420,0.034615,-0.901905,-0.000343,99.996529
396736,0.036333,0.450583,-0.061501,-0.010437,-0.430418,0.034635,-0.901904,-0.000687,99.996529
396739,0.036331,0.450582,-0.061499,-0.010415,-0.430424,0.034617,-0.901903,-0.000343,99.996529
396743,0.036327,0.450584,-0.061497,-0.010373,-0.430417,0.034595,-0.901908,-0.000687,99.996529
396746,0.036321,0.450582,-0.061498,-0.010383,-0.430371,0.034588,-0.901929,-0.000343,99.996872
396750,0.036319,0.450584,-0.061502,-0.010415,-0.430425,0.034695,-0.901899,-0.000343,99.996872
396753,0.036314,0.450585,-0.061507,-0.010384,-0.430400,0.034684,-0.901912,-0.000343,99.996872
396757,0.036314,0.450585,-0.061511,-0.010366,-0.430407,0.034632,-0.901911,-0.000343,99.996872
396760,0.036317,0.450587,-0.061513,-0.010435,-0.430411,0.034677,-0.901906,-0.000343,99.996872
396764,0.036319,0.450586,-0.061513,-0.010387,-0.430414,0.034662,-0.901906,-0.000687,99.996872
396768,0.036327,0.450585,-0.061508,-0.010448,-0.430388,0.034669,-0.901918,-0.000343,99.997215
396771,0.036330,0.450584,-0.061506,-0.010475,-0.430403,0.034705,-0.901909,-0.000343,99.997215
396775,0.036333,0.450586,-0.061501,-0.010398,-0.430400,0.034674,-0.901912,-0.000687,99.997215
396778,0.036334,0.450585,-0.061500,-0.010388,-0.430406,0.034645,-0.901910,-0.000687,99.997215
396782,0.036336,0.450585,-0.061500,-0.010429,-0.430419,0.034728,-0.901901,-0.000687,99.997215
396785,0.036333,0.450584,-0.061502,-0.010397,-0.430398,0.034690,-0.901913,-0.000343,99.997215
396789,0.036330,0.450586,-0.061507,-0.010447,-0.430396,0.034726,-0.901911,-0.000343,99.997215
396792,0.036324,0.450585,-0.061509,-0.010410,-0.430397,0.034668,-0.901914,-0.000687,99.997559
396796,0.036321,0.450587,-0.061511,-0.010396,-0.430361,0.034686,-0.901930,-0.000343,99.997559
396799,0.036318,0.450585,-0.061512,-0.010371,-0.430401,0.034685,-0.901912,-0.000687,99.997559
396803,0.036324,0.450588,-0.061512,-0.010415,-0.430402,0.034759,-0.901908,-0.000687,99.997902
396807,0.036327,0.450587,-0.061510,-0.010376,-0.430392,0.034728,-0.901914,-0.000687,99.997902
396810,0.036330,0.450586,-0.061507,-0.010401,-0.430388,0.034694,-0.901917,-0.000343,99.997902
396814,0.036338,0.450585,-0.061504,-0.010457,-0.430382,0.034798,-0.901915,-0.000687,99.997902
396817,0.036338,0.450586,-0.061502,-0.010393,-0.430425,0.034746,-0.901897,-0.000343,99.997902
396821,0.036337,0.450583,-0.061502,-0.010423,-0.430414,0.034761,-0.901902,-0.000687,99.997902
396824,0.036336,0.450584,-0.061503,-0.010415,-0.430403,0.034760,-0.901907,-0.000343,99.998245
396828,0.036330,0.450587,-0.061505,-0.010368,-0.430412,0.034767,-0.901903,-0.000687,99.998245
396831,0.036329,0.450586,-0.061507,-0.010357,-0.430387,0.034744,-0.901916,-0.000687,99.998245
396835,0.036328,0.450586,-0.061510,-0.010459,-0.430388,0.034805,-0.901912,-0.000343,99.998589
396839,0.036330,0.450588,-0.061510,-0.010370,-0.430402,0.034808,-0.901906,-0.000687,99.998589
396842,0.036329,0.450586,-0.061509,-0.010404,-0.430379,0.034778,-0.901918,-0.000687,99.998589
396845,0.036330,0.450584,-0.061506,-0.010397,-0.430432,0.034791,-0.901892,-0.000687,99.998932
396849,0.036333,0.450585,-0.061505,-0.010430,-0.430387,0.034787,-0.901913,-0.000687,99.998932
396853,0.036332,0.450584,-0.061508,-0.010455,-0.430389,0.034827,-0.901911,-0.000687,99.998932
396856,0.036334,0.450584,-0.061510,-0.010442,-0.430411,0.034818,-0.901901,-0.000343,99.998932
396859,0.036333,0.450584,-0.061511,-0.010453,-0.430396,0.034871,-0.901906,-0.000343,99.999275
396859,0.036333,0.450584,-0.061511,-0.010453,-0.430396,0.034871,-0.901906,-0.000343,99.999275
396859,0.036333,0.450584,-0.061511,-0.010453,-0.430396,0.034871,-0.901906,-0.000343,99.999962
396859,0.036333,0.450584,-0.061511,-0.010453,-0.430396,0.034871,-0.901906,-0.000343,99.999619
396859,0.036333,0.450584,-0.061511,-0.010453,-0.430396,0.034871,-0.901906,-0.000343,99.999619
396859,0.036333,0.450584,-0.061511,-0.010453,-0.430396,0.034871,-0.901906,-0.000687,99.999962
396859,0.036333,0.450584,-0.061511,-0.010453,-0.430396,0.034871,-0.901906,-0.000687,99.999962
396859,0.036333,0.450584,-0.061511,-0.010453,-0.430396,0.034871,-0.901906,-0.000343,100.000305
396859,0.036333,0.450584,-0.061511,-0.010453,-0.430396,0.034871,-0.901906,-0.000343,100.000305
396859,0.036333,0.450584,-0.061511,-0.010453,-0.430396,0.034871,-0.901906,-0.000687,100.000305
396859,0.036333,0.450584,-0.061511,-0.010453,-0.430396,0.034871,-0.901906,-0.000343,100.000648
396859,0.036333,0.450584,-0.061511,-0.010453,-0.430396,0.034871,-0.901906,-0.000343,100.000305
396859,0.036333,0.450584,-0.061511,-0.010453,-0.430396,0.034871,-0.901906,-0.000687,100.000648
396859,0.036333,0.450584,-0.061511,-0.010453,-0.430396,0.034871,-0.901906,-0.000343,100.000648
396859,0.036333,0.450584,-0.061511,-0.010453,-0.430396,0.034871,-0.901906,-0.000687,100.000648
396859,0.036333,0.450584,-0.061511,-0.010453,-0.430396,0.034871,-0.901906,-0.000343,100.000648
396859,0.036333,0.450584,-0.061511,-0.010453,-0.430396,0.034871,-0.901906,-0.000343,100.000648
396859,0.036333,0.450584,-0.061511,-0.010453,-0.430396,0.034871,-0.901906,-0.000343,100.000992
396859,0.036333,0.450584,-0.061511,-0.010453,-0.430396,0.034871,-0.901906,-0.000343,100.000992
396859,0.036333,0.450584,-0.061511,-0.010453,-0.430396,0.034871,-0.901906,-0.000687,100.000992
396859,0.036333,0.450584,-0.061511,-0.010453,-0.430396,0.034871,-0.901906,-0.000687,100.000992
396859,0.036333,0.450584,-0.061511,-0.010453,-0.430396,0.034871,-0.901906,-0.000687,100.000992
396859,0.036333,0.450584,-0.061511,-0.010453,-0.430396,0.034871,-0.901906,-0.000343,100.000992
396859,0.036333,0.450584,-0.061511,-0.010453,-0.430396,0.034871,-0.901906,-0.000343,100.000992
396859,0.036333,0.450584,-0.061511,-0.010453,-0.430396,0.034871,-0.901906,-0.000343,100.000992
396859,0.036333,0.450584,-0.061511,-0.010453,-0.430396,0.034871,-0.901906,-0.000687,100.000992
396859,0.036333,0.450584,-0.061511,-0.010453,-0.430396,0.034871,-0.901906,-0.000687,100.000992
396859,0.036333,0.450584,-0.061511,-0.010453,-0.430396,0.034871,-0.901906,-0.000343,100.001335
396859,0.036333,0.450584,-0.061511,-0.010453,-0.430396,0.034871,-0.901906,-0.000343,100.000992
396859,0.036333,0.450584,-0.061511,-0.010453,-0.430396,0.034871,-0.901906,-0.000343,100.000992
396966,0.036340,0.450588,-0.061515,-0.010385,-0.430385,0.034970,-0.901908,-0.000687,100.000992
396970,0.036343,0.450586,-0.061511,-0.010460,-0.430343,0.035027,-0.901925,-0.000343,100.000992
396973,0.036345,0.450586,-0.061505,-0.010470,-0.430367,0.035017,-0.901914,-0.000343,100.000992
396977,0.036349,0.450588,-0.061498,-0.010429,-0.430376,0.035011,-0.901910,-0.000343,100.000992
396980,0.036348,0.450585,-0.061496,-0.010372,-0.430407,0.034930,-0.901899,-0.000343,100.000992
396984,0.036351,0.450585,-0.061499,-0.010473,-0.430380,0.035055,-0.901906,-0.000343,100.001335
396988,0.036344,0.450587,-0.061507,-0.010458,-0.430355,0.034972,-0.901921,-0.000343,100.000992
396991,0.036341,0.450586,-0.061514,-0.010431,-0.430396,0.034999,-0.901901,-0.000343,100.000992
396995,0.036337,0.450590,-0.061520,-0.010439,-0.430385,0.035058,-0.901904,-0.000343,100.000992
396998,0.036332,0.450589,-0.061523,-0.010410,-0.430368,0.034978,-0.901915,-0.000343,100.000992
397002,0.036334,0.450588,-0.061521,-0.010440,-0.430379,0.035045,-0.901908,-0.000343,100.000992
397005,0.036335,0.450587,-0.061517,-0.010422,-0.430367,0.035056,-0.901913,-0.000343,100.001335
397009,0.036343,0.450588,-0.061510,-0.010390,-0.430399,0.035040,-0.901898,-0.000343,100.000992
397012,0.036348,0.450587,-0.061508,-0.010407,-0.430376,0.035022,-0.901910,-0.000343,100.001335
397016,0.036350,0.450585,-0.061505,-0.010475,-0.430364,0.035077,-0.901913,-0.000343,100.000992
397020,0.036348,0.450587,-0.061505,-0.010400,-0.430373,0.035019,-0.901912,-0.000343,100.000992
397023,0.036344,0.450588,-0.061510,-0.010445,-0.430375,0.035039,-0.901910,-0.000343,100.000992
397027,0.036338,0.450589,-0.061512,-0.010445,-0.430359,0.035069,-0.901916,-0.000343,100.000992
397030,0.036333,0.450588,-0.061516,-0.010411,-0.430379,0.035032,-0.901908,-0.000343,100.000992
397034,0.036335,0.450587,-0.061515,-0.010435,-0.430378,0.035056,-0.901908,-0.000343,100.000992
397037,0.036340,0.450588,-0.061515,-0.010466,-0.430381,0.035118,-0.901903,-0.000343,100.000992
397041,0.036344,0.450590,-0.061512,-0.010396,-0.430392,0.035041,-0.901902,-0.000343,100.000992
397044,0.036347,0.450585,-0.061509,-0.010436,-0.430388,0.035072,-0.901902,-0.000343,100.000992
397048,0.036349,0.450586,-0.061507,-0.010499,-0.430355,0.035138,-0.901915,-0.000343,100.000992
397051,0.036348,0.450585,-0.061505,-0.010489,-0.430326,0.035080,-0.901931,0.000000,100.000992
397055,0.036347,0.450588,-0.061510,-0.010430,-0.430362,0.035079,-0.901914,-0.000343,100.000992
397058,0.036343,0.450587,-0.061514,-0.010474,-0.430376,0.035101,-0.901906,-0.000343,100.000992
397062,0.036343,0.450591,-0.061517,-0.010431,-0.430344,0.035101,-0.901922,-0.000343,100.000992
397066,0.036343,0.450589,-0.061517,-0.010456,-0.430371,0.035123,-0.901908,0.000000,100.000992
397069,0.036346,0.450587,-0.061514,-0.010482,-0.430371,0.035147,-0.901907,0.000000,100.000992
397073,0.036348,0.450588,-0.061508,-0.010394,-0.430403,0.035042,-0.901896,-0.000343,100.000992
397076,0.036352,0.450586,-0.061508,-0.010436,-0.430378,0.035070,-0.901907,0.000000,100.000992
397080,0.036355,0.450588,-0.061506,-0.010457,-0.430364,0.035137,-0.901911,0.000000,100.000992
397083,0.036351,0.450585,-0.061507,-0.010462,-0.430361,0.035118,-0.901913,0.000000,100.000992
397087,0.036349,0.450586,-0.061511,-0.010444,-0.430378,0.035143,-0.901904,-0.000343,100.000992
397090,0.036347,0.450587,-0.061513,-0.010468,-0.430354,0.035158,-0.901915,0.000343,100.000992
397094,0.036343,0.450589,-0.061518,-0.010390,-0.430390,0.035147,-0.901899,0.000000,100.000992
397098,0.036344,0.450588,-0.061516,-0.010451,-0.430388,0.035151,-0.901899,0.000000,100.000992
397101,0.036344,0.450587,-0.061516,-0.010456,-0.430366,0.035149,-0.901909,0.000000,100.000992
397105,0.036346,0.450590,-0.061515,-0.010404,-0.430368,0.035086,-0.901911,0.000000,100.000992
397108,0.036351,0.450588,-0.061511,-0.010467,-0.430346,0.035138,-0.901919,0.000000,100.000992
397112,0.036351,0.450588,-0.061508,-0.010437,-0.430361,0.035138,-0.901912,0.000000,100.000992
397116,0.036351,0.450587,-0.061506,-0.010405,-0.430399,0.035127,-0.901895,0.000000,100.000992
397119,0.036350,0.450587,-0.061506,-0.010448,-0.430393,0.035133,-0.901897,0.000000,100.000992
397122,0.036350,0.450588,-0.061509,-0.010495,-0.430369,0.035212,-0.901905,0.000000,100.000648
397126,0.036349,0.450589,-0.061513,-0.010426,-0.430374,0.035107,-0.901907,0.000000,100.000648
397129,0.036349,0.450589,-0.061516,-0.010393,-0.430395,0.035156,-0.901896,0.000343,100.000992
397133,0.036349,0.450586,-0.061518,-0.010469,-0.430379,0.035204,-0.901901,0.000343,100.000992
397137,0.036350,0.450591,-0.061518,-0.010402,-0.430389,0.035137,-0.901899,0.000343,100.000992
397140,0.036348,0.450588,-0.061516,-0.010459,-0.430349,0.035191,-0.901916,0.000343,100.000648
397144,0.036352,0.450591,-0.061515,-0.010444,-0.430353,0.035188,-0.901914,0.000000,100.000648
397147,0.036353,0.450589,-0.061512,-0.010403,-0.430357,0.035151,-0.901914,0.000343,100.000992
397151,0.036354,0.450587,-0.061509,-0.010460,-0.430388,0.035167,-0.901898,0.000343,100.000648
397155,0.036353,0.450588,-0.061509,-0.010398,-0.430382,0.035128,-0.901903,0.000343,100.000648
397158,0.036351,0.450588,-0.061511,-0.010443,-0.430376,0.035151,-0.901905,0.000343,100.000992
397162,0.036349,0.450587,-0.061513,-0.010460,-0.430355,0.035149,-0.901915,0.000687,100.000648
397164,0.036351,0.450587,-0.061514,-0.010446,-0.430358,0.035157,-0.901913,0.000343,100.000305
397169,0.036350,0.450589,-0.061512,-0.010424,-0.430395,0.035140,-0.901896,0.000343,100.000648
397172,0.036351,0.450586,-0.061513,-0.010457,-0.430351,0.035185,-0.901915,0.000687,100.000648
397176,0.036352,0.450589,-0.061512,-0.010406,-0.430400,0.035168,-0.901893,0.000343,100.000648
397179,0.036352,0.450587,-0.061512,-0.010386,-0.430392,0.035208,-0.901895,0.000343,100.000648
397183,0.036355,0.450589,-0.061511,-0.010458,-0.430382,0.035215,-0.901899,0.000343,100.000648
397186,0.036354,0.450587,-0.061512,-0.010458,-0.430384,0.035240,-0.901897,0.000687,100.000648
397190,0.036351,0.450588,-0.061514,-0.010422,-0.430356,0.035164,-0.901914,0.000343,100.000305
397194,0.036351,0.450590,-0.061519,-0.010465,-0.430368,0.035268,-0.901903,0.000687,100.000305
397197,0.036351,0.450590,-0.061517,-0.010443,-0.430370,0.035241,-0.901904,0.000687,100.000305
397200,0.036349,0.450588,-0.061516,-0.010432,-0.430367,0.035209,-0.901907,0.000343,100.000305
397204,0.036352,0.450589,-0.061512,-0.010492,-0.430379,0.035245,-0.901899,0.000687,100.000305
397208,0.036355,0.450589,-0.061510,-0.010446,-0.430373,0.035197,-0.901904,0.000687,100.000305
397211,0.036355,0.450590,-0.061509,-0.010408,-0.430409,0.035226,-0.901886,0.000687,100.000305
397215,0.036359,0.450589,-0.061508,-0.010542,-0.430375,0.035270,-0.901899,0.000687,100.000305
397218,0.036357,0.450589,-0.061510,-0.010482,-0.430352,0.035269,-0.901911,0.000687,99.999962
397222,0.036351,0.450587,-0.061512,-0.010428,-0.430356,0.035133,-0.901915,0.000687,99.999962
397225,0.036354,0.450591,-0.061516,-0.010437,-0.430350,0.035242,-0.901913,0.000687,99.999962
397229,0.036352,0.450591,-0.061519,-0.010424,-0.430364,0.035244,-0.901907,0.000687,99.999962
397232,0.036353,0.450589,-0.061519,-0.010398,-0.430365,0.035256,-0.901906,0.000687,100.000305
397236,0.036357,0.450591,-0.061516,-0.010433,-0.430382,0.035243,-0.901899,0.000687,99.999962
397240,0.036356,0.450587,-0.061513,-0.010419,-0.430368,0.035231,-0.901906,0.000343,99.999962
397243,0.036360,0.450590,-0.061511,-0.010456,-0.430372,0.035227,-0.901903,0.000343,99.999962
397247,0.036360,0.450588,-0.061510,-0.010515,-0.430373,0.035288,-0.901900,0.000687,99.999962
397251,0.036360,0.450590,-0.061513,-0.010433,-0.430335,0.035254,-0.901920,0.000343,99.999619
397254,0.036358,0.450589,-0.061513,-0.010415,-0.430384,0.035206,-0.901899,0.000687,99.999619
397257,0.036356,0.450587,-0.061514,-0.010426,-0.430379,0.035253,-0.901899,0.000343,99.999619
397261,0.036357,0.450588,-0.061513,-0.010407,-0.430414,0.035267,-0.901882,0.000687,99.999619
397264,0.036356,0.450591,-0.061513,-0.010401,-0.430380,0.035276,-0.901898,0.001030,99.999619
397268,0.036360,0.450589,-0.061510,-0.010534,-0.430345,0.035269,-0.901914,0.000343,99.999619
397272,0.036360,0.450588,-0.061510,-0.010418,-0.430363,0.035261,-0.901907,0.000687,99.999619
397275,0.036360,0.450589,-0.061508,-0.010402,-0.430361,0.035232,-0.901909,0.000687,99.999619
397279,0.036366,0.450590,-0.061511,-0.010458,-0.430372,0.035333,-0.901899,0.000687,99.999619
397282,0.036362,0.450591,-0.061513,-0.010444,-0.430362,0.035305,-0.901905,0.000343,99.999275
397286,0.036358,0.450589,-0.061514,-0.010396,-0.430374,0.035241,-0.901902,0.000687,99.999275
397286,0.036358,0.450589,-0.061514,-0.010396,-0.430374,0.035241,-0.901902,0.000687,99.999275
397286,0.036358,0.450589,-0.061514,-0.010396,-0.430374,0.035241,-0.901902,0.000687,99.999275
397286,0.036358,0.450589,-0.061514,-0.010396,-0.430374,0.035241,-0.901902,0.000687,99.999275
397286,0.036358,0.450589,-0.061514,-0.010396,-0.430374,0.035241,-0.901902,0.000687,99.999275
397286,0.036358,0.450589,-0.061514,-0.010396,-0.430374,0.035241,-0.901902,0.000343,99.999275
397286,0.036358,0.450589,-0.061514,-0.010396,-0.430374,0.035241,-0.901902,0.000687,99.999275
397286,0.036358,0.450589,-0.061514,-0.010396,-0.430374,0.035241,-0.901902,0.000687,99.998932
397286,0.036358,0.450589,-0.061514,-0.010396,-0.430374,0.035241,-0.901902,0.000343,99.998932
397286,0.036358,0.450589,-0.061514,-0.010396,-0.430374,0.035241,-0.901902,0.000343,99.999275
397286,0.036358,0.450589,-0.061514,-0.010396,-0.430374,0.035241,-0.901902,0.000687,99.998932
397286,0.036358,0.450589,-0.061514,-0.010396,-0.430374,0.035241,-0.901902,0.000687,99.998932
397286,0.036358,0.450589,-0.061514,-0.010396,-0.430374,0.035241,-0.901902,0.000343,99.998932
397286,0.036358,0.450589,-0.061514,-0.010396,-0.430374,0.035241,-0.901902,0.000687,99.999275
397286,0.036358,0.450589,-0.061514,-0.010396,-0.430374,0.035241,-0.901902,0.000687,99.999275
397286,0.036358,0.450589,-0.061514,-0.010396,-0.430374,0.035241,-0.901902,0.000687,99.998932
397286,0.036358,0.450589,-0.061514,-0.010396,-0.430374,0.035241,-0.901902,0.000687,99.998932
397286,0.036358,0.450589,-0.061514,-0.010396,-0.430374,0.035241,-0.901902,0.000343,99.998932
397286,0.036358,0.450589,-0.061514,-0.010396,-0.430374,0.035241,-0.901902,0.000687,99.998932
397286,0.036358,0.450589,-0.061514,-0.010396,-0.430374,0.035241,-0.901902,0.000343,99.999275
397286,0.036358,0.450589,-0.061514,-0.010396,-0.430374,0.035241,-0.901902,0.000687,99.998932
397286,0.036358,0.450589,-0.061514,-0.010396,-0.430374,0.035241,-0.901902,0.000687,99.998932
397286,0.036358,0.450589,-0.061514,-0.010396,-0.430374,0.035241,-0.901902,0.000687,99.998932
397286,0.036358,0.450589,-0.061514,-0.010396,-0.430374,0.035241,-0.901902,0.000687,99.998932
397286,0.036358,0.450589,-0.061514,-0.010396,-0.430374,0.035241,-0.901902,0.000687,99.998932
397286,0.036358,0.450589,-0.061514,-0.010396,-0.430374,0.035241,-0.901902,0.000687,99.998932
397286,0.036358,0.450589,-0.061514,-0.010396,-0.430374,0.035241,-0.901902,0.000343,99.998932
397286,0.036358,0.450589,-0.061514,-0.010396,-0.430374,0.035241,-0.901902,0.000687,99.999275
397286,0.036358,0.450589,-0.061514,-0.010396,-0.430374,0.035241,-0.901902,0.000687,99.999275
397286,0.036358,0.450589,-0.061514,-0.010396,-0.430374,0.035241,-0.901902,0.000687,99.998932
397286,0.036358,0.450589,-0.061514,-0.010396,-0.430374,0.035241,-0.901902,0.000687,99.998932
397396,0.036365,0.450589,-0.061509,-0.010461,-0.430379,0.035395,-0.901893,0.000687,99.999275
397400,0.036364,0.450592,-0.061511,-0.010476,-0.430356,0.035377,-0.901905,0.000687,99.999275
397403,0.036367,0.450590,-0.061509,-0.010433,-0.430367,0.035360,-0.901901,0.000343,99.999275
397406,0.036365,0.450591,-0.061512,-0.010469,-0.430376,0.035425,-0.901893,0.000343,99.998932
397410,0.036363,0.450592,-0.061516,-0.010479,-0.430345,0.035405,-0.901909,0.000343,99.998932
397413,0.036357,0.450589,-0.061518,-0.010448,-0.430344,0.035355,-0.901912,0.000343,99.998932
397417,0.036356,0.450592,-0.061522,-0.010498,-0.430368,0.035468,-0.901895,0.000343,99.998932
397421,0.036353,0.450594,-0.061522,-0.010412,-0.430372,0.035433,-0.901896,0.000343,99.999275
397424,0.036351,0.450593,-0.061522,-0.010419,-0.430369,0.035328,-0.901901,0.000687,99.999275
397428,0.036356,0.450590,-0.061519,-0.010516,-0.430356,0.035471,-0.901901,0.000343,99.999275
397431,0.036361,0.450593,-0.061518,-0.010480,-0.430373,0.035443,-0.901894,0.000343,99.998932
397435,0.036365,0.450590,-0.061513,-0.010480,-0.430372,0.035426,-0.901896,0.000343,99.998932
397438,0.036367,0.450589,-0.061511,-0.010487,-0.430388,0.035434,-0.901887,0.000687,99.999275
397442,0.036367,0.450592,-0.061507,-0.010455,-0.430342,0.035425,-0.901910,0.000687,99.999275
397446,0.036368,0.450590,-0.061506,-0.010464,-0.430384,0.035473,-0.901888,0.000343,99.999275
397449,0.036367,0.450592,-0.061507,-0.010473,-0.430378,0.035501,-0.901890,0.000343,99.999275
397453,0.036366,0.450592,-0.061509,-0.010418,-0.430348,0.035385,-0.901909,0.000343,99.998932
397456,0.036367,0.450592,-0.061509,-0.010422,-0.430364,0.035417,-0.901900,0.000343,99.999275
397460,0.036370,0.450593,-0.061511,-0.010547,-0.430363,0.035534,-0.901895,0.000343,99.999275
397463,0.036370,0.450592,-0.061511,-0.010482,-0.430338,0.035457,-0.901910,0.000343,99.999275
397467,0.036372,0.450591,-0.061513,-0.010485,-0.430340,0.035473,-0.901909,0.000343,99.999275
397470,0.036370,0.450592,-0.061514,-0.010499,-0.430361,0.035471,-0.901898,0.000343,99.999619
397474,0.036365,0.450590,-0.061514,-0.010456,-0.430346,0.035447,-0.901907,0.000343,99.999275
397478,0.036365,0.450593,-0.061517,-0.010491,-0.430365,0.035477,-0.901897,0.000343,99.998932
397481,0.036365,0.450592,-0.061522,-0.010519,-0.430348,0.035506,-0.901904,0.000343,99.999275
397485,0.036361,0.450592,-0.061528,-0.010448,-0.430384,0.035439,-0.901890,0.000343,99.999275
397488,0.036361,0.450593,-0.061529,-0.010428,-0.430365,0.035473,-0.901897,0.000343,99.999275
397492,0.036363,0.450593,-0.061526,-0.010515,-0.430340,0.035508,-0.901907,0.000343,99.999275
397495,0.036363,0.450595,-0.061523,-0.010432,-0.430343,0.035499,-0.901907,0.000000,99.999275
397499,0.036366,0.450593,-0.061516,-0.010507,-0.430326,0.035522,-0.901913,0.000343,99.999275
397502,0.036369,0.450593,-0.061512,-0.010503,-0.430356,0.035512,-0.901900,0.000343,99.999275
397506,0.036373,0.450591,-0.061511,-0.010447,-0.430341,0.035489,-0.901908,0.000343,99.999275
397510,0.036377,0.450590,-0.061511,-0.010515,-0.430368,0.035504,-0.901894,0.000000,99.999275
397513,0.036381,0.450592,-0.061511,-0.010487,-0.430348,0.035560,-0.901902,0.000343,99.999275
397517,0.036372,0.450590,-0.061513,-0.010466,-0.430358,0.035468,-0.901901,0.000000,99.999275
397520,0.036372,0.450591,-0.061517,-0.010527,-0.430329,0.035490,-0.901913,0.000343,99.999275
397524,0.036368,0.450591,-0.061521,-0.010500,-0.430341,0.035538,-0.901906,0.000000,99.999275
397527,0.036365,0.450589,-0.061525,-0.010420,-0.430375,0.035487,-0.901892,0.000343,99.999275
397531,0.036370,0.450593,-0.061529,-0.010491,-0.430360,0.035553,-0.901896,0.000343,99.999275
397534,0.036372,0.450593,-0.061530,-0.010503,-0.430356,0.035600,-0.901896,0.000343,99.999619
397538,0.036375,0.450593,-0.061528,-0.010440,-0.430355,0.035466,-0.901902,0.000343,99.999275
397542,0.036379,0.450591,-0.061519,-0.010510,-0.430353,0.035522,-0.901900,0.000000,99.999619
397545,0.036381,0.450590,-0.061516,-0.010537,-0.430337,0.035576,-0.901905,0.000000,99.999275
397549,0.036382,0.450590,-0.061513,-0.010453,-0.430331,0.035478,-0.901913,0.000000,99.999275
397552,0.036383,0.450592,-0.061512,-0.010482,-0.430324,0.035506,-0.901915,0.000000,99.999619
397555,0.036382,0.450591,-0.061513,-0.010522,-0.430356,0.035546,-0.901898,0.000000,99.999275
397559,0.036378,0.450592,-0.061518,-0.010454,-0.430337,0.035542,-0.901908,0.000000,99.999619
397563,0.036376,0.450593,-0.061518,-0.010487,-0.430385,0.035544,-0.901884,0.000000,99.999619
397566,0.036377,0.450593,-0.061522,-0.010500,-0.430385,0.035597,-0.901882,0.000000,99.999619
397570,0.036371,0.450594,-0.061519,-0.010466,-0.430345,0.035502,-0.901905,0.000000,99.999619
397573,0.036377,0.450593,-0.061517,-0.010495,-0.430354,0.035521,-0.901900,0.000000,99.999619
397577,0.036377,0.450592,-0.061514,-0.010496,-0.430338,0.035544,-0.901907,0.000000,99.999619
397580,0.036376,0.450592,-0.061512,-0.010499,-0.430342,0.035530,-0.901905,0.000000,99.999619
397584,0.036383,0.450594,-0.061512,-0.010497,-0.430343,0.035570,-0.901903,0.000000,99.999619
397588,0.036382,0.450594,-0.061512,-0.010457,-0.430353,0.035511,-0.901901,0.000000,99.999619
397591,0.036384,0.450596,-0.061512,-0.010463,-0.430331,0.035564,-0.901910,0.000000,99.999619
397595,0.036381,0.450593,-0.061513,-0.010521,-0.430372,0.035594,-0.901888,0.000000,99.999619
397598,0.036379,0.450594,-0.061513,-0.010520,-0.430358,0.035623,-0.901894,0.000000,99.999619
397602,0.036378,0.450597,-0.061521,-0.010463,-0.430344,0.035547,-0.901904,0.000000,99.999619
397605,0.036377,0.450596,-0.061521,-0.010499,-0.430349,0.035572,-0.901900,0.000000,99.999619
397609,0.036372,0.450595,-0.061515,-0.010452,-0.430351,0.035572,-0.901900,0.000000,99.999619
397612,0.036372,0.450598,-0.061514,-0.010475,-0.430352,0.035571,-0.901899,0.000000,99.999619
397616,0.036386,0.450599,-0.061512,-0.010503,-0.430388,0.035573,-0.901882,0.000000,99.999619
397620,0.036399,0.450593,-0.061509,-0.010499,-0.430365,0.035544,-0.901894,0.000000,99.999619
397623,0.036409,0.450591,-0.061500,-0.010471,-0.430348,0.035556,-0.901902,0.000000,99.999619
397627,0.036412,0.450587,-0.061493,-0.010574,-0.430323,0.035639,-0.901909,0.000000,99.999962
397630,0.036401,0.450594,-0.061493,-0.010544,-0.430327,0.035641,-0.901908,0.000000,99.999619
397634,0.036384,0.450597,-0.061508,-0.010490,-0.430348,0.035519,-0.901903,0.000000,99.999962
397637,0.036372,0.450593,-0.061529,-0.010497,-0.430328,0.035613,-0.901909,0.000000,99.999962
397641,0.036358,0.450595,-0.061564,-0.010420,-0.430342,0.035601,-0.901904,0.000000,99.999962
397644,0.036350,0.450598,-0.061579,-0.010413,-0.430342,0.035607,-0.901903,-0.000343,99.999619
397648,0.036338,0.450605,-0.061574,-0.010406,-0.430366,0.035596,-0.901893,-0.000343,99.999962
397652,0.036338,0.450603,-0.061542,-0.010408,-0.430389,0.035542,-0.901884,-0.000343,99.999619
397655,0.036357,0.450599,-0.061510,-0.010439,-0.430410,0.035555,-0.901873,-0.000343,99.999619
397659,0.036391,0.450590,-0.061476,-0.010590,-0.430358,0.035617,-0.901893,-0.000343,99.999962
397662,0.036421,0.450588,-0.061464,-0.010586,-0.430348,0.035671,-0.901896,-0.000343,99.999962
397666,0.036447,0.450594,-0.061464,-0.010492,-0.430345,0.035612,-0.901901,-0.000343,99.999962
397669,0.036448,0.450596,-0.061466,-0.010523,-0.430343,0.035709,-0.901898,-0.000343,99.999962
397673,0.036426,0.450594,-0.061480,-0.010523,-0.430363,0.035667,-0.901890,-0.000343,99.999962
397676,0.036392,0.450592,-0.061495,-0.010463,-0.430336,0.035609,-0.901905,-0.000343,99.999962
397680,0.036360,0.450594,-0.061527,-0.010467,-0.430380,0.035603,-0.901885,-0.000343,99.999962
397684,0.036337,0.450602,-0.061564,-0.010364,-0.430368,0.035555,-0.901894,0.000000,99.999962
397687,0.036334,0.450604,-0.061580,-0.010381,-0.430346,0.035559,-0.901903,-0.000343,99.999962
397690,0.036346,0.450605,-0.061582,-0.010456,-0.430353,0.035638,-0.901896,-0.000343,99.999962
397694,0.036359,0.450599,-0.061558,-0.010448,-0.430334,0.035643,-0.901905,-0.000343,99.999962
397697,0.036376,0.450595,-0.061529,-0.010480,-0.430339,0.035624,-0.901904,-0.000343,99.999962
397701,0.036402,0.450594,-0.061495,-0.010540,-0.430388,0.035680,-0.901877,-0.000343,99.999962
397701,0.036402,0.450594,-0.061495,-0.010540,-0.430388,0.035680,-0.901877,-0.000343,99.999962
397701,0.036402,0.450594,-0.061495,-0.010540,-0.430388,0.035680,-0.901877,-0.000343,99.999962
397701,0.036402,0.450594,-0.061495,-0.010540,-0.430388,0.035680,-0.901877,-0.000343,99.999962
397701,0.036402,0.450594,-0.061495,-0.010540,-0.430388,0.035680,-0.901877,-0.000343,99.999962
397701,0.036402,0.450594,-0.061495,-0.010540,-0.430388,0.035680,-0.901877,-0.000343,99.999962
397701,0.036402,0.450594,-0.061495,-0.010540,-0.430388,0.035680,-0.901877,-0.000343,100.000305
397701,0.036402,0.450594,-0.061495,-0.010540,-0.430388,0.035680,-0.901877,-0.000343,99.999962
397701,0.036402,0.450594,-0.061495,-0.010540,-0.430388,0.035680,-0.901877,-0.000343,99.999962
397701,0.036402,0.450594,-0.061495,-0.010540,-0.430388,0.035680,-0.901877,-0.000343,99.999962
397701,0.036402,0.450594,-0.061495,-0.010540,-0.430388,0.035680,-0.901877,-0.000343,100.000305
397701,0.036402,0.450594,-0.061495,-0.010540,-0.430388,0.035680,-0.901877,-0.000343,100.000305
397701,0.036402,0.450594,-0.061495,-0.010540,-0.430388,0.035680,-0.901877,-0.000343,99.999962
397701,0.036402,0.450594,-0.061495,-0.010540,-0.430388,0.035680,-0.901877,-0.000343,100.000305
397701,0.036402,0.450594,-0.061495,-0.010540,-0.430388,0.035680,-0.901877,-0.000343,100.000305
397701,0.036402,0.450594,-0.061495,-0.010540,-0.430388,0.035680,-0.901877,0.000000,100.000305
397701,0.036402,0.450594,-0.061495,-0.010540,-0.430388,0.035680,-0.901877,-0.000343,99.999962
397701,0.036402,0.450594,-0.061495,-0.010540,-0.430388,0.035680,-0.901877,-0.000343,100.000305
397701,0.036402,0.450594,-0.061495,-0.010540,-0.430388,0.035680,-0.901877,-0.000343,99.999962
397701,0.036402,0.450594,-0.061495,-0.010540,-0.430388,0.035680,-0.901877,-0.000343,100.000305
397701,0.036402,0.450594,-0.061495,-0.010540,-0.430388,0.035680,-0.901877,0.000000,100.000305
397701,0.036402,0.450594,-0.061495,-0.010540,-0.430388,0.035680,-0.901877,-0.000343,100.000305
397701,0.036402,0.450594,-0.061495,-0.010540,-0.430388,0.035680,-0.901877,-0.000343,100.000305
397701,0.036402,0.450594,-0.061495,-0.010540,-0.430388,0.035680,-0.901877,-0.000343,99.999962
397701,0.036402,0.450594,-0.061495,-0.010540,-0.430388,0.035680,-0.901877,-0.000343,99.999962
397701,0.036402,0.450594,-0.061495,-0.010540,-0.430388,0.035680,-0.901877,-0.000343,100.000305
397701,0.036402,0.450594,-0.061495,-0.010540,-0.430388,0.035680,-0.901877,-0.000343,100.000305
397701,0.036402,0.450594,-0.061495,-0.010540,-0.430388,0.035680,-0.901877,-0.000343,100.000305
397701,0.036402,0.450594,-0.061495,-0.010540,-0.430388,0.035680,-0.901877,-0.000343,100.000305
397701,0.036402,0.450594,-0.061495,-0.010540,-0.430388,0.035680,-0.901877,-0.000343,100.000305
397701,0.036402,0.450594,-0.061495,-0.010540,-0.430388,0.035680,-0.901877,-0.000343,100.000305
397811,0.036385,0.450592,-0.061531,-0.010492,-0.430318,0.035697,-0.901910,-0.000343,100.000305
397815,0.036357,0.450596,-0.061561,-0.010417,-0.430383,0.035654,-0.901882,-0.000343,100.000305
397819,0.036346,0.450597,-0.061582,-0.010470,-0.430350,0.035728,-0.901894,-0.000343,100.000305
397822,0.036351,0.450604,-0.061591,-0.010515,-0.430307,0.035736,-0.901914,-0.000343,100.000305
397825,0.036358,0.450594,-0.061585,-0.010423,-0.430374,0.035698,-0.901884,0.000000,100.000305
397829,0.036374,0.450595,-0.061562,-0.010466,-0.430347,0.035724,-0.901896,-0.000343,100.000305
397832,0.036385,0.450591,-0.061537,-0.010557,-0.430312,0.035723,-0.901911,-0.000343,100.000305
397836,0.036397,0.450594,-0.061499,-0.010466,-0.430336,0.035665,-0.901903,-0.000343,100.000305
397840,0.036410,0.450593,-0.061470,-0.010561,-0.430356,0.035784,-0.901888,-0.000343,100.000305
397843,0.036415,0.450590,-0.061461,-0.010530,-0.430368,0.035733,-0.901885,-0.000343,100.000305
397847,0.036429,0.450601,-0.061467,-0.010629,-0.430314,0.035807,-0.901906,-0.000343,100.000305
397850,0.036431,0.450594,-0.061474,-0.010541,-0.430365,0.035778,-0.901884,-0.000343,100.000305
397854,0.036428,0.450595,-0.061491,-0.010507,-0.430330,0.035787,-0.901901,-0.000343,100.000305
397857,0.036420,0.450595,-0.061501,-0.010465,-0.430328,0.035693,-0.901906,-0.000343,100.000305
397861,0.036406,0.450593,-0.061515,-0.010525,-0.430330,0.035799,-0.901900,-0.000343,100.000305
397865,0.036387,0.450597,-0.061526,-0.010439,-0.430340,0.035745,-0.901899,-0.000343,100.000305
397868,0.036376,0.450597,-0.061536,-0.010453,-0.430339,0.035707,-0.901900,-0.000343,100.000305
397872,0.036367,0.450598,-0.061548,-0.010481,-0.430349,0.035809,-0.901891,-0.000343,100.000305
397875,0.036362,0.450596,-0.061549,-0.010465,-0.430339,0.035717,-0.901900,-0.000343,100.000305
397879,0.036366,0.450597,-0.061539,-0.010482,-0.430347,0.035761,-0.901894,-0.000343,100.000305
397882,0.036371,0.450594,-0.061522,-0.010503,-0.430339,0.035715,-0.901900,-0.000343,100.000305
397886,0.036379,0.450592,-0.061490,-0.010492,-0.430333,0.035745,-0.901901,-0.000343,100.000305
397889,0.036387,0.450590,-0.061468,-0.010494,-0.430385,0.035771,-0.901875,-0.000343,100.000305
397893,0.036395,0.450588,-0.061454,-0.010607,-0.430330,0.035796,-0.901899,-0.000343,100.000305
397896,0.036396,0.450588,-0.061454,-0.010553,-0.430349,0.035815,-0.901890,-0.000343,100.000305
397900,0.036387,0.450591,-0.061476,-0.010456,-0.430349,0.035726,-0.901895,-0.000343,100.000305
397904,0.036368,0.450595,-0.061504,-0.010512,-0.430322,0.035841,-0.901902,-0.000343,99.999962
397907,0.036350,0.450596,-0.061523,-0.010453,-0.430341,0.035762,-0.901897,-0.000343,100.000305
397911,0.036331,0.450598,-0.061542,-0.010452,-0.430339,0.035772,-0.901898,-0.000343,100.000305
397914,0.036326,0.450597,-0.061546,-0.010529,-0.430354,0.035722,-0.901892,-0.000343,100.000305
397918,0.036335,0.450598,-0.061546,-0.010441,-0.430334,0.035753,-0.901901,-0.000343,100.000305
397921,0.036355,0.450597,-0.061539,-0.010419,-0.430374,0.035700,-0.901884,-0.000343,100.000305
397925,0.036392,0.450593,-0.061527,-0.010547,-0.430326,0.035835,-0.901900,-0.000343,100.000305
397928,0.036413,0.450591,-0.061515,-0.010542,-0.430319,0.035805,-0.901905,0.000000,100.000305
397932,0.036428,0.450588,-0.061500,-0.010542,-0.430331,0.035807,-0.901899,-0.000343,100.000305
397935,0.036425,0.450589,-0.061493,-0.010538,-0.430334,0.035810,-0.901898,-0.000343,100.000305
397939,0.036405,0.450590,-0.061494,-0.010542,-0.430313,0.035809,-0.901908,0.000000,100.000305
397942,0.036385,0.450590,-0.061505,-0.010438,-0.430363,0.035714,-0.901889,-0.000343,100.000305
397946,0.036365,0.450595,-0.061521,-0.010496,-0.430339,0.035813,-0.901896,-0.000343,100.000305
397950,0.036355,0.450596,-0.061536,-0.010405,-0.430351,0.035799,-0.901892,0.000000,100.000305
397953,0.036354,0.450596,-0.061540,-0.010437,-0.430344,0.035740,-0.901897,-0.000343,100.000305
397957,0.036368,0.450594,-0.061532,-0.010493,-0.430362,0.035856,-0.901883,-0.000343,100.000305
397961,0.036383,0.450594,-0.061515,-0.010475,-0.430334,0.035729,-0.901901,-0.000343,100.000305
397964,0.036396,0.450590,-0.061500,-0.010513,-0.430338,0.035810,-0.901896,-0.000343,100.000305
397967,0.036410,0.450590,-0.061491,-0.010547,-0.430319,0.035803,-0.901905,-0.000343,100.000305
397971,0.036416,0.450587,-0.061487,-0.010535,-0.430323,0.035832,-0.901902,-0.000343,100.000305
397975,0.036417,0.450588,-0.061493,-0.010531,-0.430334,0.035829,-0.901897,-0.000343,100.000305
397978,0.036414,0.450592,-0.061507,-0.010520,-0.430304,0.035876,-0.901910,-0.000343,100.000305
397982,0.036401,0.450595,-0.061519,-0.010430,-0.430327,0.035818,-0.901902,-0.000343,100.000305
397985,0.036387,0.450591,-0.061523,-0.010488,-0.430330,0.035790,-0.901901,-0.000343,100.000305
397989,0.036377,0.450593,-0.061525,-0.010515,-0.430322,0.035865,-0.901901,-0.000343,100.000305
397992,0.036369,0.450592,-0.061524,-0.010472,-0.430330,0.035815,-0.901900,-0.000343,100.000305
397996,0.036366,0.450593,-0.061525,-0.010496,-0.430326,0.035781,-0.901903,-0.000343,100.000305
397999,0.036365,0.450592,-0.061527,-0.010512,-0.430350,0.035815,-0.901890,-0.000343,100.000305
398003,0.036367,0.450592,-0.061530,-0.010503,-0.430324,0.035847,-0.901901,-0.000343,100.000305
398006,0.036371,0.450594,-0.061532,-0.010426,-0.430349,0.035789,-0.901893,-0.000343,100.000305
398010,0.036377,0.450592,-0.061526,-0.010530,-0.430340,0.035892,-0.901892,-0.000343,100.000305
398014,0.036387,0.450593,-0.061514,-0.010480,-0.430340,0.035798,-0.901896,-0.000343,100.000648
398017,0.036395,0.450593,-0.061504,-0.010499,-0.430307,0.035820,-0.901910,-0.000343,100.000305
398021,0.036415,0.450589,-0.061491,-0.010546,-0.430328,0.035894,-0.901897,0.000000,100.000305
398024,0.036427,0.450589,-0.061485,-0.010588,-0.430293,0.035958,-0.901911,-0.000343,100.000305
398028,0.036431,0.450588,-0.061484,-0.010542,-0.430304,0.035888,-0.901909,-0.000343,100.000305
398031,0.036429,0.450589,-0.061492,-0.010538,-0.430305,0.035893,-0.901908,-0.000343,100.000305
398035,0.036407,0.450591,-0.061505,-0.010514,-0.430289,0.035876,-0.901917,-0.000343,100.000305
398038,0.036385,0.450591,-0.061518,-0.010470,-0.430313,0.035808,-0.901908,-0.000343,100.000305
398042,0.036360,0.450593,-0.061537,-0.010522,-0.430342,0.035894,-0.901891,-0.000343,100.000305
398046,0.036337,0.450596,-0.061549,-0.010466,-0.430346,0.035786,-0.901894,0.000000,100.000305
398049,0.036338,0.450599,-0.061555,-0.010480,-0.430339,0.035782,-0.901897,-0.000343,100.000305
398052,0.036346,0.450597,-0.061553,-0.010476,-0.430342,0.035820,-0.901894,-0.000343,100.000305
398056,0.036368,0.450595,-0.061538,-0.010490,-0.430302,0.035859,-0.901911,-0.000343,100.000305
398060,0.036395,0.450592,-0.061516,-0.010518,-0.430316,0.035873,-0.901904,-0.000343,100.000305
398063,0.036410,0.450591,-0.061498,-0.010526,-0.430296,0.035916,-0.901912,-0.000343,100.000305
398067,0.036418,0.450588,-0.061477,-0.010507,-0.430340,0.035895,-0.901891,-0.000343,100.000305
398070,0.036414,0.450590,-0.061471,-0.010520,-0.430312,0.035894,-0.901905,-0.000343,100.000305
398074,0.036401,0.450588,-0.061476,-0.010561,-0.430332,0.035926,-0.901893,-0.000343,100.000305
398074,0.036401,0.450588,-0.061476,-0.010561,-0.430332,0.035926,-0.901893,-0.000343,100.000305
398074,0.036401,0.450588,-0.061476,-0.010561,-0.430332,0.035926,-0.901893,-0.000343,100.000305
398074,0.036401,0.450588,-0.061476,-0.010561,-0.430332,0.035926,-0.901893,-0.000343,100.000305
398074,0.036401,0.450588,-0.061476,-0.010561,-0.430332,0.035926,-0.901893,-0.000343,100.000305
398074,0.036401,0.450588,-0.061476,-0.010561,-0.430332,0.035926,-0.901893,-0.000343,100.000305
398074,0.036401,0.450588,-0.061476,-0.010561,-0.430332,0.035926,-0.901893,-0.000343,100.000305
398074,0.036401,0.450588,-0.061476,-0.010561,-0.430332,0.035926,-0.901893,-0.000343,100.000305
398074,0.036401,0.450588,-0.061476,-0.010561,-0.430332,0.035926,-0.901893,-0.000343,100.000305
398074,0.036401,0.450588,-0.061476,-0.010561,-0.430332,0.035926,-0.901893,-0.000343,100.000305
398074,0.036401,0.450588,-0.061476,-0.010561,-0.430332,0.035926,-0.901893,-0.000343,100.000305
398074,0.036401,0.450588,-0.061476,-0.010561,-0.430332,0.035926,-0.901893,-0.000343,100.000305
398074,0.036401,0.450588,-0.061476,-0.010561,-0.430332,0.035926,-0.901893,-0.000343,100.000305
398074,0.036401,0.450588,-0.061476,-0.010561,-0.430332,0.035926,-0.901893,-0.000343,100.000305
398074,0.036401,0.450588,-0.061476,-0.010561,-0.430332,0.035926,-0.901893,-0.000343,100.000305
398074,0.036401,0.450588,-0.061476,-0.010561,-0.430332,0.035926,-0.901893,-0.000343,100.000305
398074,0.036401,0.450588,-0.061476,-0.010561,-0.430332,0.035926,-0.901893,-0.000343,100.000305
398074,0.036401,0.450588,-0.061476,-0.010561,-0.430332,0.035926,-0.901893,-0.000343,100.000305
398074,0.036401,0.450588,-0.061476,-0.010561,-0.430332,0.035926,-0.901893,-0.000343,100.000305
398074,0.036401,0.450588,-0.061476,-0.010561,-0.430332,0.035926,-0.901893,-0.000343,100.000305
398074,0.036401,0.450588,-0.061476,-0.010561,-0.430332,0.035926,-0.901893,-0.000343,100.000305
398074,0.036401,0.450588,-0.061476,-0.010561,-0.430332,0.035926,-0.901893,-0.000343,100.000305
398074,0.036401,0.450588,-0.061476,-0.010561,-0.430332,0.035926,-0.901893,-0.000343,100.000305
