0,0.000000,0.000000,0.000000,0.000000,0.000000,0.000000,0.000000,0.000000,0.000000
0,0.000000,0.000000,0.000000,0.000000,0.000000,0.000000,0.000000,0.000000,0.000000
0,0.000000,0.000000,0.000000,0.000000,0.000000,0.000000,0.000000,0.000000,0.000000
0,0.000000,0.000000,0.000000,0.000000,0.000000,0.000000,0.000000,0.000000,0.000000
0,0.000000,0.000000,0.000000,0.000000,0.000000,0.000000,0.000000,0.000000,0.000000
0,0.000000,0.000000,0.000000,0.000000,0.000000,0.000000,0.000000,0.000000,0.000000
0,0.000000,0.000000,0.000000,0.000000,0.000000,0.000000,0.000000,0.000000,0.000000
0,0.000000,0.000000,0.000000,0.000000,0.000000,0.000000,0.000000,0.000000,0.000000
0,0.000000,0.000000,0.000000,0.000000,0.000000,0.000000,0.000000,0.000000,0.000000
0,0.000000,0.000000,0.000000,0.000000,0.000000,0.000000,0.000000,0.000000,0.000000
0,0.000000,0.000000,0.000000,0.000000,0.000000,0.000000,0.000000,0.000000,0.000000
0,0.000000,0.000000,0.000000,0.000000,0.000000,0.000000,0.000000,0.000000,0.000000
0,0.000000,0.000000,0.000000,0.000000,0.000000,0.000000,0.000000,0.000000,0.000000
0,0.000000,0.000000,0.000000,0.000000,0.000000,0.000000,0.000000,0.000000,0.000000
0,0.000000,0.000000,0.000000,0.000000,0.000000,0.000000,0.000000,0.000000,0.000000
0,0.000000,0.000000,0.000000,0.000000,0.000000,0.000000,0.000000,0.000000,0.000000
0,0.000000,0.000000,0.000000,0.000000,0.000000,0.000000,0.000000,0.000000,0.000000
0,0.000000,0.000000,0.000000,0.000000,0.000000,0.000000,0.000000,0.000000,0.000000
0,0.000000,0.000000,0.000000,0.000000,0.000000,0.000000,0.000000,0.000000,0.000000
0,0.000000,0.000000,0.000000,0.000000,0.000000,0.000000,0.000000,0.000000,0.000000
425400,0.034851,0.450211,-0.060717,-0.011071,-0.431109,0.002735,-0.902228,0.000000,0.000000
425403,0.034844,0.450216,-0.060714,-0.011059,-0.431078,0.002663,-0.902243,0.000343,-0.000343
425407,0.034832,0.450209,-0.060712,-0.010984,-0.431139,0.002621,-0.902215,0.000000,-0.000343
425410,0.034826,0.450210,-0.060720,-0.011009,-0.431123,0.002640,-0.902222,0.000343,-0.000343
425414,0.034819,0.450217,-0.060731,-0.011021,-0.431065,0.002616,-0.902250,0.000000,-0.000343
425418,0.034811,0.450217,-0.060733,-0.011068,-0.431072,0.002705,-0.902245,0.000000,-0.000343
425421,0.034804,0.450211,-0.060728,-0.010984,-0.431120,0.002630,-0.902224,0.000000,-0.000343
425425,0.034805,0.450214,-0.060723,-0.011021,-0.431079,0.002609,-0.902243,0.000000,-0.000343
425428,0.034811,0.450208,-0.060719,-0.010925,-0.431167,0.002583,-0.902202,0.000343,-0.000343
425432,0.034828,0.450212,-0.060725,-0.011100,-0.431083,0.002720,-0.902240,0.000000,-0.000343
425435,0.034834,0.450213,-0.060727,-0.011046,-0.431087,0.002638,-0.902239,0.000343,-0.000343
425439,0.034833,0.450208,-0.060723,-0.011016,-0.431103,0.002638,-0.902231,0.000000,-0.000343
425443,0.034827,0.450212,-0.060715,-0.011073,-0.431074,0.002673,-0.902245,0.000343,-0.000687
425445,0.034824,0.450210,-0.060710,-0.011127,-0.431116,0.002719,-0.902224,0.000000,-0.000687
425449,0.034810,0.450204,-0.060710,-0.010955,-0.431114,0.002567,-0.902227,0.000000,-0.000343
425453,0.034812,0.450209,-0.060721,-0.011031,-0.431107,0.002664,-0.902229,0.000000,-0.000343
425457,0.034810,0.450214,-0.060734,-0.011050,-0.431099,0.002677,-0.902233,0.000000,-0.000343
425460,0.034803,0.450210,-0.060734,-0.010961,-0.431115,0.002622,-0.902227,0.000000,-0.000687
425464,0.034803,0.450215,-0.060733,-0.011072,-0.431109,0.002731,-0.902228,0.000343,-0.000343
425467,0.034798,0.450215,-0.060730,-0.011063,-0.431108,0.002605,-0.902229,0.000343,-0.000687
425471,0.034801,0.450214,-0.060729,-0.011094,-0.431093,0.002665,-0.902236,0.000000,-0.000343
425475,0.034802,0.450208,-0.060733,-0.010965,-0.431091,0.002636,-0.902238,0.000343,-0.000343
425478,0.034803,0.450210,-0.060736,-0.010952,-0.431123,0.002670,-0.902223,0.000000,-0.000343
425481,0.034805,0.450209,-0.060735,-0.010919,-0.431142,0.002599,-0.902214,0.000000,-0.000687
425485,0.034801,0.450208,-0.060730,-0.011006,-0.431120,0.002679,-0.902224,0.000000,-0.000343
425489,0.034795,0.450211,-0.060725,-0.010977,-0.431150,0.002657,-0.902210,0.000000,-0.000687
425492,0.034793,0.450208,-0.060719,-0.011009,-0.431159,0.002633,-0.902205,0.000000,-0.000343
425496,0.034798,0.450215,-0.060713,-0.011080,-0.431075,0.002691,-0.902244,0.000000,-0.000343
425499,0.034798,0.450209,-0.060706,-0.010993,-0.431113,0.002607,-0.902227,0.000343,-0.000343
425503,0.034805,0.450208,-0.060703,-0.011050,-0.431122,0.002741,-0.902222,0.000000,-0.000343
425506,0.034810,0.450212,-0.060705,-0.011130,-0.431071,0.002679,-0.902245,0.000000,-0.000687
425510,0.034814,0.450214,-0.060711,-0.011050,-0.431107,0.002674,-0.902229,0.000000,-0.000343
425513,0.034812,0.450213,-0.060722,-0.011061,-0.431090,0.002612,-0.902237,0.000000,-0.000343
425517,0.034808,0.450212,-0.060737,-0.011137,-0.431075,0.002733,-0.902243,0.000000,-0.000687
425521,0.034797,0.450214,-0.060752,-0.011039,-0.431093,0.002653,-0.902236,0.000000,-0.000687
425524,0.034792,0.450214,-0.060757,-0.011103,-0.431111,0.002686,-0.902227,0.000000,-0.000687
425528,0.034787,0.450209,-0.060758,-0.011017,-0.431108,0.002630,-0.902229,0.000000,-0.000687
425531,0.034791,0.450212,-0.060757,-0.010952,-0.431118,0.002585,-0.902226,0.000000,-0.000343
425535,0.034806,0.450214,-0.060747,-0.011107,-0.431105,0.002723,-0.902229,0.000000,-0.000343
425538,0.034810,0.450214,-0.060739,-0.011090,-0.431083,0.002694,-0.902240,0.000000,-0.000343
425542,0.034811,0.450208,-0.060722,-0.010977,-0.431126,0.002650,-0.902221,0.000000,-0.000343
425546,0.034812,0.450210,-0.060712,-0.011163,-0.431094,0.002707,-0.902234,0.000000,-0.000343
425549,0.034806,0.450207,-0.060707,-0.011041,-0.431112,0.002707,-0.902227,0.000000,-0.000343
425552,0.034801,0.450206,-0.060710,-0.010974,-0.431131,0.002633,-0.902219,0.000343,-0.000687
425556,0.034803,0.450215,-0.060722,-0.011107,-0.431076,0.002712,-0.902243,0.000000,-0.000343
425560,0.034801,0.450218,-0.060735,-0.011023,-0.431060,0.002677,-0.902252,0.000000,-0.000687
425563,0.034795,0.450211,-0.060735,-0.010948,-0.431122,0.002655,-0.902223,0.000000,-0.000343
425567,0.034797,0.450214,-0.060734,-0.011087,-0.431108,0.002727,-0.902228,0.000000,-0.000343
425570,0.034796,0.450209,-0.060728,-0.011010,-0.431143,0.002711,-0.902212,0.000000,-0.000687
425574,0.034799,0.450209,-0.060726,-0.010976,-0.431145,0.002616,-0.902212,0.000000,-0.000687
425577,0.034804,0.450213,-0.060729,-0.011076,-0.431120,0.002669,-0.902223,0.000000,-0.000687
425581,0.034806,0.450213,-0.060730,-0.011096,-0.431085,0.002699,-0.902239,0.000000,-0.000343
425584,0.034800,0.450208,-0.060731,-0.010965,-0.431107,0.002624,-0.902231,0.000000,-0.000343
425588,0.034798,0.450215,-0.060732,-0.011094,-0.431081,0.002716,-0.902241,0.000000,-0.000343
425592,0.034796,0.450214,-0.060734,-0.011025,-0.431105,0.002650,-0.902231,0.000000,-0.000687
425595,0.034796,0.450215,-0.060736,-0.011002,-0.431109,0.002684,-0.902229,0.000000,-0.000343
425599,0.034794,0.450208,-0.060731,-0.011026,-0.431125,0.002687,-0.902221,0.000000,-0.000687
425602,0.034795,0.450210,-0.060730,-0.011049,-0.431098,0.002715,-0.902233,0.000343,-0.000343
425606,0.034788,0.450208,-0.060727,-0.010987,-0.431105,0.002641,-0.902231,0.000000,-0.000687
425609,0.034788,0.450209,-0.060726,-0.011021,-0.431148,0.002681,-0.902210,0.000000,-0.000343
425613,0.034787,0.450214,-0.060729,-0.011090,-0.431084,0.002706,-0.902240,0.000000,-0.000343
425616,0.034779,0.450208,-0.060730,-0.010990,-0.431144,0.002650,-0.902212,0.000000,-0.000343
425620,0.034785,0.450213,-0.060731,-0.011069,-0.431113,0.002732,-0.902226,0.000000,0.000000
425623,0.034783,0.450213,-0.060732,-0.011080,-0.431081,0.002691,-0.902241,0.000000,0.000000
425627,0.034789,0.450214,-0.060730,-0.011022,-0.431116,0.002634,-0.902225,0.000000,0.001373
425630,0.034797,0.450215,-0.060724,-0.011057,-0.431116,0.002637,-0.902225,0.000000,0.006523
425634,0.034807,0.450212,-0.060724,-0.011119,-0.431044,0.002708,-0.902258,0.000000,0.018539
425638,0.034813,0.450206,-0.060726,-0.010994,-0.431124,0.002640,-0.902222,0.000000,0.035362
425641,0.034816,0.450210,-0.060735,-0.011135,-0.431060,0.002759,-0.902250,0.000000,0.059395
425645,0.034806,0.450209,-0.060740,-0.010985,-0.431116,0.002663,-0.902226,0.000000,0.080338
425648,0.034801,0.450215,-0.060747,-0.011040,-0.431079,0.002623,-0.902243,0.000000,0.098190
425652,0.034790,0.450215,-0.060751,-0.011113,-0.431066,0.002677,-0.902248,0.000000,0.110207
425656,0.034778,0.450208,-0.060753,-0.010915,-0.431136,0.002535,-0.902218,0.000000,0.117760
425659,0.034779,0.450210,-0.060753,-0.010974,-0.431127,0.002607,-0.902221,0.000000,0.121880
425663,0.034787,0.450215,-0.060747,-0.011081,-0.431082,0.002648,-0.902241,0.000000,0.128403
425666,0.034788,0.450208,-0.060736,-0.011016,-0.431119,0.002683,-0.902224,0.000000,0.140762
425670,0.034794,0.450212,-0.060723,-0.011095,-0.431095,0.002634,-0.902234,0.000000,0.156212
425673,0.034799,0.450211,-0.060717,-0.011145,-0.431086,0.002736,-0.902238,0.000000,0.180931
425677,0.034797,0.450206,-0.060717,-0.010992,-0.431136,0.002598,-0.902216,0.000000,0.207024
425680,0.034794,0.450210,-0.060722,-0.010983,-0.431100,0.002666,-0.902234,0.000000,0.240669
425684,0.034790,0.450208,-0.060732,-0.011041,-0.431107,0.002654,-0.902230,0.000000,0.270538
425687,0.034788,0.450214,-0.060741,-0.011095,-0.431065,0.002706,-0.902249,0.000000,0.294571
425691,0.034781,0.450215,-0.060746,-0.011047,-0.431082,0.002638,-0.902241,0.000000,0.319977
425694,0.034782,0.450217,-0.060746,-0.011093,-0.431087,0.002679,-0.902238,0.000000,0.338173
425698,0.034780,0.450210,-0.060743,-0.010954,-0.431113,0.002630,-0.902228,0.000000,0.362549
425702,0.034791,0.450214,-0.060739,-0.011070,-0.431100,0.002635,-0.902232,0.000000,0.394478
425705,0.034790,0.450209,-0.060737,-0.011037,-0.431093,0.002675,-0.902236,0.000000,0.428810
425709,0.034789,0.450207,-0.060734,-0.010966,-0.431142,0.002589,-0.902214,0.000000,0.463142
425712,0.034792,0.450210,-0.060736,-0.010989,-0.431137,0.002644,-0.902216,0.000000,0.508461
425716,0.034787,0.450213,-0.060741,-0.011124,-0.431081,0.002639,-0.902241,-0.000343,0.552063
425719,0.034782,0.450214,-0.060745,-0.011093,-0.431077,0.002684,-0.902243,0.000000,0.596352
425723,0.034780,0.450216,-0.060748,-0.011025,-0.431087,0.002632,-0.902239,0.000000,0.635147
425726,0.034785,0.450217,-0.060747,-0.011105,-0.431068,0.002694,-0.902247,0.000000,0.678749
425730,0.034790,0.450217,-0.060744,-0.011028,-0.431078,0.002647,-0.902243,0.000000,0.727844
425734,0.034798,0.450214,-0.060735,-0.011091,-0.431100,0.002658,-0.902232,0.000000,0.775566
425737,0.034803,0.450209,-0.060728,-0.011047,-0.431114,0.002679,-0.902226,-0.000343,0.821228
425741,0.034803,0.450213,-0.060725,-0.011060,-0.431106,0.002617,-0.902230,0.000000,0.877533
425744,0.034804,0.450214,-0.060722,-0.011096,-0.431070,0.002644,-0.902246,-0.000343,0.939674
425748,0.034793,0.450210,-0.060727,-0.011033,-0.431102,0.002636,-0.902232,-0.000343,1.009369
425751,0.034789,0.450217,-0.060733,-0.011054,-0.431105,0.002684,-0.902230,-0.000343,1.073914
425755,0.034780,0.450215,-0.060741,-0.011048,-0.431079,0.002630,-0.902243,0.000000,1.128159
425759,0.034776,0.450215,-0.060746,-0.011029,-0.431104,0.002622,-0.902231,0.000000,1.192017
425762,0.034777,0.450216,-0.060747,-0.011029,-0.431111,0.002601,-0.902228,0.000000,1.266861
425766,0.034781,0.450217,-0.060743,-0.011078,-0.431117,0.002650,-0.902224,0.000000,1.337242
425769,0.034784,0.450217,-0.060735,-0.011074,-0.431114,0.002694,-0.902225,0.000000,1.405563
425772,0.034791,0.450215,-0.060728,-0.011110,-0.431089,0.002739,-0.902237,0.000000,1.492767
425776,0.034790,0.450215,-0.060721,-0.011060,-0.431104,0.002644,-0.902231,0.000000,1.568985
425780,0.034791,0.450215,-0.060723,-0.011053,-0.431100,0.002655,-0.902233,0.000000,1.664085
425783,0.034788,0.450211,-0.060728,-0.010967,-0.431117,0.002657,-0.902225,-0.000343,1.743393
425787,0.034781,0.450211,-0.060736,-0.010971,-0.431159,0.002647,-0.902205,-0.000343,1.834373
425790,0.034783,0.450217,-0.060743,-0.011102,-0.431103,0.002699,-0.902231,0.000000,1.937027
425794,0.034778,0.450217,-0.060744,-0.011009,-0.431120,0.002582,-0.902224,-0.000343,2.028694
425797,0.034782,0.450215,-0.060744,-0.011061,-0.431127,0.002637,-0.902219,0.000000,2.114525
425801,0.034785,0.450209,-0.060734,-0.011059,-0.431132,0.002657,-0.902217,0.000000,2.225761
425805,0.034794,0.450216,-0.060731,-0.011043,-0.431116,0.002607,-0.902225,-0.000343,2.318115
425808,0.034796,0.450210,-0.060729,-0.011006,-0.431140,0.002615,-0.902214,0.000000,2.428665
425812,0.034795,0.450209,-0.060732,-0.011036,-0.431130,0.002626,-0.902218,-0.000343,2.551918
425815,0.034789,0.450210,-0.060735,-0.010978,-0.431145,0.002633,-0.902212,-0.000343,2.657661
425819,0.034780,0.450215,-0.060742,-0.011094,-0.431099,0.002641,-0.902233,0.000000,2.791214
425822,0.034770,0.450218,-0.060743,-0.011076,-0.431120,0.002724,-0.902223,-0.000343,2.901421
425826,0.034759,0.450219,-0.060743,-0.011020,-0.431102,0.002552,-0.902232,-0.000343,3.037376
425829,0.034758,0.450218,-0.060744,-0.011027,-0.431084,0.002620,-0.902241,0.000000,3.154793
425833,0.034767,0.450215,-0.060740,-0.011056,-0.431095,0.002637,-0.902235,0.000000,3.302422
425833,0.034767,0.450215,-0.060740,-0.011056,-0.431095,0.002637,-0.902235,0.000000,3.423958
425833,0.034767,0.450215,-0.060740,-0.011056,-0.431095,0.002637,-0.902235,-0.000343,3.575363
425833,0.034767,0.450215,-0.060740,-0.011056,-0.431095,0.002637,-0.902235,-0.000343,3.719215
425833,0.034767,0.450215,-0.060740,-0.011056,-0.431095,0.002637,-0.902235,-0.000343,3.868217
425833,0.034767,0.450215,-0.060740,-0.011056,-0.431095,0.002637,-0.902235,0.000000,4.018936
425833,0.034767,0.450215,-0.060740,-0.011056,-0.431095,0.002637,-0.902235,0.000000,4.159012
425833,0.034767,0.450215,-0.060740,-0.011056,-0.431095,0.002637,-0.902235,0.000000,4.335136
425833,0.034767,0.450215,-0.060740,-0.011056,-0.431095,0.002637,-0.902235,0.000000,4.482422
425833,0.034767,0.450215,-0.060740,-0.011056,-0.431095,0.002637,-0.902235,0.000000,4.667130
425833,0.034767,0.450215,-0.060740,-0.011056,-0.431095,0.002637,-0.902235,-0.000343,4.824715
425833,0.034767,0.450215,-0.060740,-0.011056,-0.431095,0.002637,-0.902235,-0.000343,5.019722
425833,0.034767,0.450215,-0.060740,-0.011056,-0.431095,0.002637,-0.902235,0.000000,5.181427
425833,0.034767,0.450215,-0.060740,-0.011056,-0.431095,0.002637,-0.902235,0.000000,5.380211
425833,0.034767,0.450215,-0.060740,-0.011056,-0.431095,0.002637,-0.902235,0.000000,5.566978
425833,0.034767,0.450215,-0.060740,-0.011056,-0.431095,0.002637,-0.902235,0.000000,5.761299
425833,0.034767,0.450215,-0.060740,-0.011056,-0.431095,0.002637,-0.902235,-0.000343,5.959740
425833,0.034767,0.450215,-0.060740,-0.011056,-0.431095,0.002637,-0.902235,0.000000,6.144447
425833,0.034767,0.450215,-0.060740,-0.011056,-0.431095,0.002637,-0.902235,-0.000343,6.375504
425833,0.034767,0.450215,-0.060740,-0.011056,-0.431095,0.002637,-0.902235,-0.000343,6.562958
425833,0.034767,0.450215,-0.060740,-0.011056,-0.431095,0.002637,-0.902235,-0.000343,6.794701
425833,0.034767,0.450215,-0.060740,-0.011056,-0.431095,0.002637,-0.902235,0.000000,6.991768
425833,0.034767,0.450215,-0.060740,-0.011056,-0.431095,0.002637,-0.902235,0.000000,7.240677
425833,0.034767,0.450215,-0.060740,-0.011056,-0.431095,0.002637,-0.902235,0.000000,7.450104
425833,0.034767,0.450215,-0.060740,-0.011056,-0.431095,0.002637,-0.902235,-0.000343,7.711716
425833,0.034767,0.450215,-0.060740,-0.011056,-0.431095,0.002637,-0.902235,0.000000,7.955132
425833,0.034767,0.450215,-0.060740,-0.011056,-0.431095,0.002637,-0.902235,0.000000,8.175201
425833,0.034767,0.450215,-0.060740,-0.011056,-0.431095,0.002637,-0.902235,-0.000343,8.447800
425833,0.034767,0.450215,-0.060740,-0.011056,-0.431095,0.002637,-0.902235,0.000000,8.673363
425833,0.034767,0.450215,-0.060740,-0.011056,-0.431095,0.002637,-0.902235,-0.000343,8.958321
425940,0.034762,0.450220,-0.060730,-0.011075,-0.431029,0.002717,-0.902266,-0.000343,9.225082
425943,0.034760,0.450213,-0.060729,-0.010992,-0.431103,0.002665,-0.902232,-0.000343,9.466095
425947,0.034767,0.450217,-0.060728,-0.011123,-0.431062,0.002798,-0.902249,-0.000343,9.762383
425950,0.034764,0.450217,-0.060725,-0.011123,-0.431050,0.002703,-0.902255,-0.000343,10.043907
425954,0.034761,0.450211,-0.060720,-0.011057,-0.431087,0.002699,-0.902238,-0.000343,10.328522
425957,0.034764,0.450213,-0.060717,-0.011039,-0.431085,0.002681,-0.902240,-0.000343,10.592880
425961,0.034770,0.450218,-0.060718,-0.011108,-0.431033,0.002796,-0.902264,-0.000343,10.914917
425964,0.034776,0.450218,-0.060718,-0.011057,-0.431036,0.002742,-0.902263,-0.000343,11.177902
425968,0.034780,0.450219,-0.060720,-0.011139,-0.431020,0.002887,-0.902269,-0.000343,11.510925
425971,0.034779,0.450219,-0.060719,-0.011112,-0.431023,0.002872,-0.902268,-0.000343,11.822662
425975,0.034774,0.450221,-0.060721,-0.011073,-0.431015,0.002876,-0.902272,-0.000343,12.140236
425978,0.034768,0.450219,-0.060722,-0.011092,-0.431031,0.002848,-0.902264,-0.000343,12.453003
425982,0.034763,0.450221,-0.060723,-0.011097,-0.431011,0.002922,-0.902274,-0.000343,12.732468
425986,0.034757,0.450222,-0.060727,-0.011132,-0.431019,0.002997,-0.902269,-0.000343,13.082657
425989,0.034756,0.450222,-0.060729,-0.011144,-0.431012,0.002972,-0.902273,0.000000,13.375511
425993,0.034753,0.450217,-0.060728,-0.010996,-0.431024,0.002993,-0.902269,0.000000,13.704758
425996,0.034756,0.450217,-0.060729,-0.010996,-0.431063,0.002929,-0.902250,-0.000343,14.075203
426000,0.034770,0.450223,-0.060729,-0.011141,-0.431044,0.003158,-0.902257,-0.000343,14.421616
426004,0.034769,0.450218,-0.060728,-0.011025,-0.431054,0.003055,-0.902254,-0.000343,14.769058
426007,0.034776,0.450218,-0.060726,-0.011042,-0.431080,0.003120,-0.902241,-0.000343,15.086288
426011,0.034780,0.450219,-0.060725,-0.011059,-0.431049,0.003184,-0.902255,-0.000343,15.434074
426014,0.034780,0.450219,-0.060724,-0.011053,-0.431044,0.003166,-0.902258,0.000000,15.827866
426018,0.034787,0.450224,-0.060727,-0.011159,-0.431013,0.003285,-0.902271,-0.000343,16.153336
426021,0.034789,0.450225,-0.060729,-0.011111,-0.431062,0.003312,-0.902248,0.000000,16.552620
426025,0.034790,0.450229,-0.060733,-0.011093,-0.431013,0.003294,-0.902272,-0.000343,16.880150
426028,0.034790,0.450223,-0.060732,-0.010973,-0.431099,0.003308,-0.902232,0.000000,17.283554
426032,0.034794,0.450221,-0.060729,-0.011051,-0.431121,0.003474,-0.902220,-0.000343,17.618637
426035,0.034797,0.450222,-0.060730,-0.011028,-0.431104,0.003457,-0.902228,-0.000343,18.029938
426039,0.034800,0.450222,-0.060731,-0.011043,-0.431124,0.003521,-0.902218,0.000000,18.412399
426042,0.034804,0.450222,-0.060734,-0.011061,-0.431143,0.003575,-0.902209,0.000000,18.756409
426046,0.034812,0.450231,-0.060740,-0.011093,-0.431063,0.003647,-0.902246,-0.000343,19.153976
426049,0.034814,0.450226,-0.060739,-0.010990,-0.431094,0.003642,-0.902233,0.000000,19.578323
426053,0.034820,0.450224,-0.060744,-0.011106,-0.431068,0.003880,-0.902243,-0.000343,19.978294
426057,0.034825,0.450227,-0.060744,-0.010999,-0.431116,0.003896,-0.902221,-0.000343,20.330544
426060,0.034825,0.450228,-0.060746,-0.011006,-0.431113,0.003995,-0.902222,-0.000343,20.772057
426064,0.034829,0.450229,-0.060749,-0.011057,-0.431112,0.004203,-0.902221,0.000000,21.137695
426067,0.034833,0.450236,-0.060752,-0.011133,-0.431051,0.004278,-0.902249,0.000000,21.584015
426071,0.034834,0.450236,-0.060757,-0.011121,-0.431041,0.004436,-0.902253,0.000000,21.959267
426074,0.034834,0.450230,-0.060758,-0.011086,-0.431080,0.004469,-0.902235,0.000000,22.408676
426078,0.034837,0.450233,-0.060760,-0.011032,-0.431045,0.004564,-0.902251,-0.000343,22.786674
426082,0.034843,0.450234,-0.060762,-0.011122,-0.431050,0.004716,-0.902247,-0.000343,23.202782
426085,0.034852,0.450239,-0.060764,-0.011200,-0.431023,0.004893,-0.902258,-0.000343,23.666611
426089,0.034854,0.450237,-0.060764,-0.011023,-0.431076,0.004879,-0.902235,0.000000,24.092331
426092,0.034861,0.450240,-0.060763,-0.011096,-0.431062,0.004982,-0.902240,0.000000,24.471016
426096,0.034869,0.450239,-0.060765,-0.011144,-0.430997,0.005129,-0.902270,-0.000343,24.943428
426099,0.034874,0.450240,-0.060765,-0.011076,-0.431042,0.005221,-0.902249,-0.000343,25.372925
426103,0.034883,0.450238,-0.060767,-0.011144,-0.430979,0.005348,-0.902277,0.000000,25.761909
426106,0.034890,0.450241,-0.060770,-0.011139,-0.430992,0.005463,-0.902271,-0.000343,26.250458
426110,0.034896,0.450243,-0.060772,-0.011095,-0.430985,0.005488,-0.902274,0.000000,26.689224
426113,0.034899,0.450243,-0.060771,-0.011071,-0.430993,0.005525,-0.902270,-0.000343,27.135201
426117,0.034904,0.450245,-0.060768,-0.011143,-0.431002,0.005707,-0.902264,-0.000343,27.545128
426117,0.034904,0.450245,-0.060768,-0.011143,-0.431002,0.005707,-0.902264,0.000000,28.032646
426117,0.034904,0.450245,-0.060768,-0.011143,-0.431002,0.005707,-0.902264,0.000000,28.438454
426117,0.034904,0.450245,-0.060768,-0.011143,-0.431002,0.005707,-0.902264,-0.000343,28.887863
426117,0.034904,0.450245,-0.060768,-0.011143,-0.431002,0.005707,-0.902264,-0.000343,29.377098
426117,0.034904,0.450245,-0.060768,-0.011143,-0.431002,0.005707,-0.902264,-0.000343,29.832344
426117,0.034904,0.450245,-0.060768,-0.011143,-0.431002,0.005707,-0.902264,-0.000343,30.287590
426117,0.034904,0.450245,-0.060768,-0.011143,-0.431002,0.005707,-0.902264,-0.000343,30.695457
426117,0.034904,0.450245,-0.060768,-0.011143,-0.431002,0.005707,-0.902264,-0.000343,31.207008
426117,0.034904,0.450245,-0.060768,-0.011143,-0.431002,0.005707,-0.902264,-0.000343,31.678391
426117,0.034904,0.450245,-0.060768,-0.011143,-0.431002,0.005707,-0.902264,-0.000343,32.146339
426117,0.034904,0.450245,-0.060768,-0.011143,-0.431002,0.005707,-0.902264,0.000000,32.584076
426117,0.034904,0.450245,-0.060768,-0.011143,-0.431002,0.005707,-0.902264,0.000000,33.107300
426117,0.034904,0.450245,-0.060768,-0.011143,-0.431002,0.005707,-0.902264,-0.000343,33.564606
426117,0.034904,0.450245,-0.060768,-0.011143,-0.431002,0.005707,-0.902264,0.000000,34.036674
426117,0.034904,0.450245,-0.060768,-0.011143,-0.431002,0.005707,-0.902264,0.000000,34.457245
426117,0.034904,0.450245,-0.060768,-0.011143,-0.431002,0.005707,-0.902264,0.000000,34.971199
426117,0.034904,0.450245,-0.060768,-0.011143,-0.431002,0.005707,-0.902264,0.000000,35.399323
426117,0.034904,0.450245,-0.060768,-0.011143,-0.431002,0.005707,-0.902264,-0.000343,35.873451
426117,0.034904,0.450245,-0.060768,-0.011143,-0.431002,0.005707,-0.902264,0.000000,36.352730
426117,0.034904,0.450245,-0.060768,-0.011143,-0.431002,0.005707,-0.902264,0.000000,36.847801
426117,0.034904,0.450245,-0.060768,-0.011143,-0.431002,0.005707,-0.902264,-0.000343,37.388878
426117,0.034904,0.450245,-0.060768,-0.011143,-0.431002,0.005707,-0.902264,-0.000343,37.815971
426117,0.034904,0.450245,-0.060768,-0.011143,-0.431002,0.005707,-0.902264,-0.000343,38.358421
426117,0.034904,0.450245,-0.060768,-0.011143,-0.431002,0.005707,-0.902264,-0.000343,38.854866
426117,0.034904,0.450245,-0.060768,-0.011143,-0.431002,0.005707,-0.902264,-0.000343,39.284706
426117,0.034904,0.450245,-0.060768,-0.011143,-0.431002,0.005707,-0.902264,-0.000343,39.814796
426117,0.034904,0.450245,-0.060768,-0.011143,-0.431002,0.005707,-0.902264,-0.000343,40.306778
426117,0.034904,0.450245,-0.060768,-0.011143,-0.431002,0.005707,-0.902264,0.000000,40.787086
426117,0.034904,0.450245,-0.060768,-0.011143,-0.431002,0.005707,-0.902264,-0.000343,41.274605
426224,0.034925,0.450252,-0.060784,-0.011049,-0.430974,0.006373,-0.902274,0.000000,41.730194
426227,0.034927,0.450251,-0.060783,-0.011104,-0.430985,0.006405,-0.902268,0.000000,42.273674
426231,0.034929,0.450251,-0.060782,-0.011168,-0.430941,0.006479,-0.902288,0.000000,42.715187
426234,0.034926,0.450253,-0.060787,-0.011122,-0.430958,0.006513,-0.902280,-0.000343,43.267937
426238,0.034922,0.450257,-0.060791,-0.011153,-0.430944,0.006446,-0.902287,0.000000,43.771935
426241,0.034918,0.450253,-0.060792,-0.011098,-0.430958,0.006529,-0.902280,0.000000,44.262199
426245,0.034913,0.450254,-0.060795,-0.011023,-0.431020,0.006464,-0.902252,0.000000,44.755211
426248,0.034919,0.450260,-0.060793,-0.011110,-0.430964,0.006549,-0.902277,-0.000343,45.258179
426252,0.034931,0.450261,-0.060792,-0.011133,-0.430978,0.006619,-0.902269,0.000000,45.749474
426255,0.034939,0.450261,-0.060787,-0.011175,-0.430947,0.006671,-0.902283,0.000000,46.239395
426259,0.034940,0.450254,-0.060783,-0.011063,-0.430952,0.006574,-0.902283,0.000000,46.740990
426262,0.034950,0.450254,-0.060784,-0.011111,-0.430948,0.006685,-0.902284,0.000000,47.194862
426266,0.034955,0.450259,-0.060787,-0.011133,-0.430910,0.006729,-0.902301,0.000000,47.738686
426270,0.034956,0.450260,-0.060793,-0.011133,-0.430938,0.006722,-0.902288,0.000000,48.239937
426273,0.034955,0.450256,-0.060792,-0.011114,-0.430939,0.006746,-0.902287,0.000000,48.753204
426277,0.034948,0.450257,-0.060798,-0.011035,-0.430979,0.006746,-0.902269,0.000000,49.195061
426280,0.034951,0.450262,-0.060801,-0.011121,-0.430948,0.006747,-0.902283,0.000000,49.744034
426284,0.034950,0.450258,-0.060802,-0.011145,-0.430927,0.006880,-0.902292,-0.000343,50.245628
426287,0.034950,0.450260,-0.060805,-0.011098,-0.430936,0.006897,-0.902288,-0.000343,50.749283
426291,0.034946,0.450257,-0.060804,-0.011080,-0.430946,0.006865,-0.902284,0.000000,51.193199
426294,0.034945,0.450260,-0.060808,-0.011073,-0.430934,0.006982,-0.902288,0.000000,51.742859
426298,0.034944,0.450266,-0.060811,-0.011093,-0.430933,0.006974,-0.902289,0.000000,52.249947
426302,0.034939,0.450263,-0.060816,-0.011069,-0.430963,0.007051,-0.902274,0.000000,52.693520
426305,0.034941,0.450268,-0.060820,-0.011148,-0.430924,0.007141,-0.902291,-0.000343,53.240776
426309,0.034941,0.450269,-0.060821,-0.011040,-0.430902,0.007070,-0.902304,-0.000343,53.696709
426312,0.034946,0.450272,-0.060822,-0.011026,-0.430878,0.007151,-0.902314,0.000000,54.243965
426316,0.034956,0.450265,-0.060814,-0.011071,-0.430855,0.007266,-0.902324,0.000000,54.683418
426319,0.034963,0.450269,-0.060812,-0.011045,-0.430861,0.007327,-0.902321,0.000000,55.243034
426323,0.034970,0.450266,-0.060805,-0.011069,-0.430873,0.007330,-0.902315,0.000000,55.756302
426326,0.034976,0.450266,-0.060803,-0.011063,-0.430910,0.007441,-0.902297,-0.000343,56.192665
426330,0.034977,0.450270,-0.060810,-0.010995,-0.430906,0.007430,-0.902299,0.000000,56.743698
426333,0.034978,0.450270,-0.060818,-0.010974,-0.430903,0.007484,-0.902300,0.000000,57.254562
426337,0.034976,0.450272,-0.060832,-0.011023,-0.430880,0.007650,-0.902309,0.000000,57.754440
426341,0.034974,0.450274,-0.060838,-0.010967,-0.430848,0.007626,-0.902326,0.000000,58.193550
426344,0.034977,0.450275,-0.060844,-0.010948,-0.430845,0.007667,-0.902327,0.000000,58.694801
426348,0.034986,0.450276,-0.060847,-0.011032,-0.430835,0.007872,-0.902329,0.000000,59.238281
426351,0.034993,0.450277,-0.060842,-0.010996,-0.430810,0.007923,-0.902341,0.000000,59.723396
426355,0.035005,0.450276,-0.060842,-0.010961,-0.430861,0.008017,-0.902316,0.000000,60.226364
426355,0.035005,0.450276,-0.060842,-0.010961,-0.430861,0.008017,-0.902316,0.000000,60.697746
426355,0.035005,0.450276,-0.060842,-0.010961,-0.430861,0.008017,-0.902316,0.000000,61.253586
426355,0.035005,0.450276,-0.060842,-0.010961,-0.430861,0.008017,-0.902316,0.000000,61.746597
426355,0.035005,0.450276,-0.060842,-0.010961,-0.430861,0.008017,-0.902316,0.000000,62.202873
426355,0.035005,0.450276,-0.060842,-0.010961,-0.430861,0.008017,-0.902316,0.000000,62.764206
426355,0.035005,0.450276,-0.060842,-0.010961,-0.430861,0.008017,-0.902316,0.000000,63.201599
426355,0.035005,0.450276,-0.060842,-0.010961,-0.430861,0.008017,-0.902316,0.000000,63.696327
426355,0.035005,0.450276,-0.060842,-0.010961,-0.430861,0.008017,-0.902316,-0.000343,64.243927
426355,0.035005,0.450276,-0.060842,-0.010961,-0.430861,0.008017,-0.902316,0.000000,64.682007
426355,0.035005,0.450276,-0.060842,-0.010961,-0.430861,0.008017,-0.902316,0.000000,65.226517
426355,0.035005,0.450276,-0.060842,-0.010961,-0.430861,0.008017,-0.902316,0.000000,65.688629
426355,0.035005,0.450276,-0.060842,-0.010961,-0.430861,0.008017,-0.902316,0.000000,66.243439
426355,0.035005,0.450276,-0.060842,-0.010961,-0.430861,0.008017,-0.902316,0.000000,66.742287
426355,0.035005,0.450276,-0.060842,-0.010961,-0.430861,0.008017,-0.902316,0.000000,67.200966
426355,0.035005,0.450276,-0.060842,-0.010961,-0.430861,0.008017,-0.902316,0.000000,67.760925
426355,0.035005,0.450276,-0.060842,-0.010961,-0.430861,0.008017,-0.902316,0.000000,68.207932
426355,0.035005,0.450276,-0.060842,-0.010961,-0.430861,0.008017,-0.902316,0.000000,68.751068
426355,0.035005,0.450276,-0.060842,-0.010961,-0.430861,0.008017,-0.902316,0.000000,69.247856
426355,0.035005,0.450276,-0.060842,-0.010961,-0.430861,0.008017,-0.902316,0.000000,69.743614
426355,0.035005,0.450276,-0.060842,-0.010961,-0.430861,0.008017,-0.902316,0.000000,70.228386
426355,0.035005,0.450276,-0.060842,-0.010961,-0.430861,0.008017,-0.902316,-0.000343,70.728951
426355,0.035005,0.450276,-0.060842,-0.010961,-0.430861,0.008017,-0.902316,0.000000,71.240845
426355,0.035005,0.450276,-0.060842,-0.010961,-0.430861,0.008017,-0.902316,0.000000,71.737289
426355,0.035005,0.450276,-0.060842,-0.010961,-0.430861,0.008017,-0.902316,0.000000,72.191162
426355,0.035005,0.450276,-0.060842,-0.010961,-0.430861,0.008017,-0.902316,0.000000,72.709236
426355,0.035005,0.450276,-0.060842,-0.010961,-0.430861,0.008017,-0.902316,0.000000,73.263359
426355,0.035005,0.450276,-0.060842,-0.010961,-0.430861,0.008017,-0.902316,0.000000,73.756714
426355,0.035005,0.450276,-0.060842,-0.010961,-0.430861,0.008017,-0.902316,0.000000,74.204750
426355,0.035005,0.450276,-0.060842,-0.010961,-0.430861,0.008017,-0.902316,0.000000,74.751320
426355,0.035005,0.450276,-0.060842,-0.010961,-0.430861,0.008017,-0.902316,0.000000,75.189400
426465,0.035232,0.450377,-0.061010,-0.010308,-0.430502,0.013536,-0.902429,0.000000,75.683098
426469,0.035251,0.450378,-0.061018,-0.010343,-0.430483,0.013914,-0.902432,0.000000,76.233788
426472,0.035266,0.450382,-0.061021,-0.010357,-0.430488,0.014193,-0.902425,0.000000,76.680107
426475,0.035287,0.450385,-0.061024,-0.010350,-0.430492,0.014502,-0.902418,0.000000,77.228737
426479,0.035309,0.450388,-0.061025,-0.010327,-0.430515,0.014764,-0.902403,0.000000,77.700462
426483,0.035332,0.450390,-0.061030,-0.010388,-0.430515,0.015185,-0.902396,0.000000,78.265228
426486,0.035351,0.450393,-0.061036,-0.010379,-0.430525,0.015479,-0.902386,0.000000,78.757210
426490,0.035372,0.450398,-0.061048,-0.010408,-0.430492,0.015904,-0.902394,0.000343,79.195633
426493,0.035390,0.450401,-0.061060,-0.010340,-0.430526,0.016245,-0.902373,0.000000,79.749069
426497,0.035409,0.450405,-0.061067,-0.010352,-0.430486,0.016636,-0.902385,0.000000,80.196762
426500,0.035419,0.450407,-0.061077,-0.010291,-0.430494,0.016886,-0.902377,0.000000,80.734062
426504,0.035444,0.450412,-0.061086,-0.010340,-0.430498,0.017415,-0.902364,0.000000,81.235313
426508,0.035467,0.450417,-0.061097,-0.010296,-0.430524,0.017841,-0.902344,0.000343,81.739998
426511,0.035485,0.450421,-0.061108,-0.010233,-0.430536,0.018211,-0.902332,0.000000,82.237129
426515,0.035513,0.450424,-0.061121,-0.010299,-0.430512,0.018817,-0.902330,0.000000,82.691345
426518,0.035528,0.450429,-0.061135,-0.010250,-0.430505,0.019146,-0.902327,0.000000,83.254738
426522,0.035547,0.450433,-0.061146,-0.010262,-0.430485,0.019618,-0.902326,0.000000,83.762512
426525,0.035566,0.450437,-0.061157,-0.010302,-0.430465,0.020010,-0.902327,0.000000,84.197159
426529,0.035587,0.450445,-0.061166,-0.010252,-0.430487,0.020529,-0.902305,0.000000,84.747505
426532,0.035602,0.450447,-0.061168,-0.010254,-0.430505,0.020849,-0.902289,0.000343,85.203781
426536,0.035625,0.450454,-0.061177,-0.010316,-0.430494,0.021385,-0.902281,0.000343,85.740051
426540,0.035645,0.450460,-0.061185,-0.010300,-0.430476,0.021745,-0.902281,0.000343,86.182938
426543,0.035661,0.450462,-0.061198,-0.010319,-0.430482,0.022110,-0.902269,0.000000,86.686249
426546,0.035680,0.450466,-0.061207,-0.010337,-0.430498,0.022480,-0.902252,0.000000,87.232819
426550,0.035704,0.450472,-0.061222,-0.010304,-0.430472,0.023064,-0.902250,0.000000,87.688065
426554,0.035731,0.450477,-0.061240,-0.010325,-0.430455,0.023609,-0.902244,0.000000,88.248367
426557,0.035756,0.450482,-0.061251,-0.010353,-0.430455,0.024096,-0.902231,0.000343,88.704987
426561,0.035789,0.450489,-0.061265,-0.010285,-0.430482,0.024656,-0.902204,0.000343,89.249840
426564,0.035820,0.450493,-0.061273,-0.010321,-0.430449,0.025131,-0.902206,0.000343,89.698563
426568,0.035860,0.450497,-0.061285,-0.010393,-0.430426,0.025857,-0.902196,0.000343,90.258179
426571,0.035893,0.450503,-0.061293,-0.010385,-0.430427,0.026379,-0.902180,0.000343,90.754623
426575,0.035929,0.450507,-0.061305,-0.010386,-0.430346,0.027010,-0.902200,0.000000,91.190643
426579,0.035968,0.450518,-0.061317,-0.010392,-0.430373,0.027754,-0.902165,0.000000,91.685371
426582,0.035997,0.450522,-0.061326,-0.010383,-0.430382,0.028294,-0.902144,0.000343,92.239151
426586,0.036038,0.450526,-0.061346,-0.010428,-0.430342,0.029055,-0.902138,0.000000,92.731819
426589,0.036073,0.450533,-0.061361,-0.010452,-0.430360,0.029689,-0.902108,0.000343,93.194275
426593,0.036106,0.450542,-0.061386,-0.010398,-0.430337,0.030368,-0.902098,0.000343,93.762131
426596,0.036135,0.450546,-0.061403,-0.010431,-0.430344,0.030885,-0.902076,0.000343,94.255486
426600,0.036169,0.450549,-0.061421,-0.010394,-0.430335,0.031576,-0.902057,0.000343,94.692879
426603,0.036189,0.450556,-0.061434,-0.010357,-0.430338,0.031980,-0.902042,0.000343,95.200996
426607,0.036205,0.450555,-0.061445,-0.010367,-0.430309,0.032342,-0.902043,0.000000,95.748596
426611,0.036223,0.450562,-0.061454,-0.010315,-0.430369,0.032757,-0.902000,0.000000,96.189423
426614,0.036234,0.450564,-0.061460,-0.010295,-0.430344,0.033019,-0.902002,0.000343,96.737366
426618,0.036255,0.450567,-0.061467,-0.010401,-0.430341,0.033458,-0.901986,0.000343,97.196732
426621,0.036268,0.450570,-0.061474,-0.010344,-0.430351,0.033751,-0.901971,0.000000,97.744331
426625,0.036291,0.450577,-0.061483,-0.010379,-0.430327,0.034132,-0.901968,0.000000,98.192024
426628,0.036306,0.450577,-0.061489,-0.010383,-0.430306,0.034466,-0.901965,0.000343,98.697739
426632,0.036326,0.450583,-0.061498,-0.010362,-0.430336,0.034930,-0.901933,0.000000,99.244995
426635,0.036341,0.450584,-0.061506,-0.010334,-0.430364,0.035249,-0.901908,0.000343,99.731827
426639,0.036364,0.450589,-0.061519,-0.010359,-0.430320,0.035627,-0.901914,0.000000,100.233765
426642,0.036383,0.450594,-0.061529,-0.010420,-0.430316,0.036041,-0.901898,0.000343,100.699654
426646,0.036405,0.450598,-0.061543,-0.010415,-0.430326,0.036436,-0.901878,0.000000,101.245193
426649,0.036423,0.450601,-0.061553,-0.010376,-0.430306,0.036707,-0.901877,0.000343,101.739922
426653,0.036450,0.450604,-0.061561,-0.010406,-0.430304,0.037289,-0.901853,0.000343,102.246666
426657,0.036483,0.450610,-0.061573,-0.010396,-0.430249,0.037779,-0.901859,0.000343,102.702942
426660,0.036520,0.450615,-0.061588,-0.010414,-0.430244,0.038607,-0.901827,0.000343,103.245392
426664,0.036583,0.450628,-0.061616,-0.010422,-0.430252,0.039745,-0.901773,0.000000,103.702698
426667,0.036616,0.450633,-0.061632,-0.010383,-0.430256,0.040348,-0.901745,0.000343,104.247551
426671,0.036656,0.450639,-0.061652,-0.010488,-0.430222,0.041099,-0.901726,0.000000,104.726143
426674,0.036681,0.450640,-0.061665,-0.010488,-0.430173,0.041612,-0.901726,0.000343,105.187569
426678,0.036702,0.450646,-0.061680,-0.010457,-0.430178,0.042141,-0.901700,0.000343,105.753365
426681,0.036722,0.450647,-0.061694,-0.010455,-0.430173,0.042611,-0.901680,0.000000,106.202431
426685,0.036743,0.450651,-0.061704,-0.010413,-0.430218,0.043137,-0.901634,0.000343,106.691666
426688,0.036764,0.450656,-0.061714,-0.010363,-0.430204,0.043558,-0.901621,0.000343,107.254028
426692,0.036797,0.450661,-0.061729,-0.010421,-0.430162,0.044130,-0.901613,0.000343,107.763863
426696,0.036825,0.450666,-0.061738,-0.010410,-0.430199,0.044735,-0.901565,0.000000,108.201256
426699,0.036850,0.450669,-0.061746,-0.010416,-0.430168,0.045096,-0.901562,0.000343,108.743019
426703,0.036880,0.450670,-0.061753,-0.010528,-0.430124,0.045753,-0.901548,0.000343,109.185905
426706,0.036901,0.450674,-0.061764,-0.010447,-0.430125,0.046301,-0.901521,0.000000,109.709129
426710,0.036935,0.450679,-0.061781,-0.010482,-0.430097,0.046987,-0.901498,0.000343,110.211411
426713,0.036959,0.450685,-0.061796,-0.010464,-0.430073,0.047504,-0.901483,0.000343,110.697899
426717,0.036995,0.450691,-0.061821,-0.010472,-0.430088,0.048303,-0.901433,0.000343,111.269531
426721,0.037034,0.450698,-0.061844,-0.010520,-0.430043,0.049098,-0.901411,0.000343,111.760483
426724,0.037065,0.450704,-0.061864,-0.010521,-0.430030,0.049770,-0.901380,0.000343,112.210579
426728,0.037104,0.450709,-0.061880,-0.010446,-0.430037,0.050418,-0.901342,0.000000,112.735863
426731,0.037128,0.450713,-0.061889,-0.010482,-0.430013,0.050861,-0.901328,0.000000,113.272476
426735,0.037163,0.450716,-0.061897,-0.010524,-0.430014,0.051478,-0.901292,0.000343,113.700943
426738,0.037187,0.450719,-0.061901,-0.010526,-0.430008,0.051900,-0.901271,0.000343,114.231377
426738,0.037187,0.450719,-0.061901,-0.010526,-0.430008,0.051900,-0.901271,0.000343,114.665337
426746,0.037298,0.450730,-0.061940,-0.010530,-0.429926,0.053918,-0.901191,0.000343,115.211563
426749,0.037371,0.450740,-0.061978,-0.010572,-0.429851,0.055222,-0.901148,0.000343,115.688095
426753,0.037439,0.450750,-0.062012,-0.010631,-0.429790,0.056453,-0.901100,0.000343,116.209946
426756,0.037468,0.450757,-0.062029,-0.010594,-0.429771,0.057022,-0.901073,0.000343,116.762352
426759,0.037458,0.450759,-0.062064,-0.012281,-0.429368,0.058328,-0.901160,0.000343,117.202492
426763,0.037520,0.450769,-0.062052,-0.010533,-0.429748,0.058180,-0.901011,0.000343,117.712326
426767,0.037552,0.450772,-0.062061,-0.010607,-0.429745,0.058837,-0.900969,0.000000,118.260612
426770,0.037578,0.450776,-0.062072,-0.010571,-0.429719,0.059327,-0.900950,0.000343,118.706245
426774,0.037606,0.450780,-0.062087,-0.010585,-0.429715,0.059900,-0.900913,0.000343,119.193077
426777,0.037627,0.450784,-0.062097,-0.010540,-0.429703,0.060281,-0.900894,0.000000,119.731407
426781,0.037655,0.450788,-0.062113,-0.010527,-0.429683,0.060856,-0.900865,0.000343,120.222359
426784,0.037685,0.450794,-0.062128,-0.010532,-0.429715,0.061486,-0.900807,0.000000,120.724297
426788,0.037733,0.450798,-0.062152,-0.010536,-0.429680,0.062581,-0.900748,0.000343,121.249580
426792,0.037781,0.450805,-0.062176,-0.010494,-0.429660,0.063624,-0.900686,0.000000,121.698990
426795,0.037816,0.450807,-0.062193,-0.010505,-0.429651,0.064355,-0.900638,0.000343,122.243843
426798,0.037856,0.450810,-0.062212,-0.010533,-0.429599,0.065138,-0.900606,0.000343,122.753677
426802,0.037914,0.450814,-0.062236,-0.010540,-0.429628,0.066168,-0.900517,0.000343,123.226089
426806,0.037963,0.450815,-0.062252,-0.010586,-0.429611,0.067029,-0.900461,0.000343,123.709831
426809,0.038006,0.450817,-0.062267,-0.010620,-0.429570,0.067831,-0.900420,0.000343,124.250565
426813,0.038073,0.450825,-0.062289,-0.010526,-0.429543,0.069031,-0.900343,0.000343,124.745979
426816,0.038123,0.450829,-0.062312,-0.010548,-0.429494,0.070014,-0.900290,0.000343,125.190239
426820,0.038183,0.450830,-0.062337,-0.010556,-0.429464,0.071096,-0.900219,0.000343,125.732346
426824,0.038237,0.450838,-0.062365,-0.010527,-0.429444,0.072089,-0.900150,0.000343,126.194115
426827,0.038274,0.450842,-0.062383,-0.010574,-0.429418,0.072787,-0.900106,0.000343,126.745491
426830,0.038304,0.450846,-0.062398,-0.010626,-0.429360,0.073429,-0.900081,0.000000,127.164001
426834,0.038368,0.450856,-0.062424,-0.010689,-0.429318,0.074674,-0.899997,0.000343,127.720528
426838,0.038431,0.450861,-0.062454,-0.010780,-0.429251,0.075856,-0.899930,0.000000,128.256111
426841,0.038460,0.450862,-0.062463,-0.010824,-0.429239,0.076454,-0.899884,0.000343,128.780708
426845,0.038495,0.450866,-0.062478,-0.010794,-0.429232,0.077208,-0.899824,0.000343,129.214325
426848,0.038527,0.450872,-0.062492,-0.010825,-0.429186,0.077734,-0.899800,0.000343,129.762268
426852,0.038568,0.450877,-0.062516,-0.010889,-0.429206,0.078669,-0.899708,0.000343,130.216484
426855,0.038597,0.450877,-0.062536,-0.010806,-0.429162,0.079189,-0.899684,0.000000,130.736961
426859,0.038628,0.450877,-0.062562,-0.010785,-0.429116,0.079938,-0.899641,0.000000,131.180534
426862,0.038657,0.450881,-0.062578,-0.010779,-0.429060,0.080487,-0.899618,0.000343,131.727791
426866,0.038690,0.450883,-0.062591,-0.010742,-0.429040,0.081205,-0.899564,0.000343,132.160378
426870,0.038738,0.450885,-0.062603,-0.010737,-0.429020,0.082166,-0.899486,0.000343,132.719650
426873,0.038785,0.450883,-0.062615,-0.010771,-0.428998,0.083053,-0.899415,0.000343,133.206482
426877,0.038845,0.450888,-0.062635,-0.010807,-0.428927,0.084142,-0.899347,0.000000,133.778801
426880,0.038893,0.450892,-0.062653,-0.010852,-0.428879,0.084933,-0.899295,0.000000,134.211731
426884,0.038953,0.450899,-0.062680,-0.010904,-0.428876,0.086125,-0.899183,0.000343,134.757614
426888,0.038988,0.450904,-0.062701,-0.010925,-0.428799,0.086749,-0.899159,0.000343,135.265388
426891,0.039006,0.450904,-0.062712,-0.010968,-0.428772,0.087166,-0.899131,0.000343,135.707245
426894,0.039029,0.450908,-0.062724,-0.010915,-0.428839,0.087711,-0.899047,0.000000,136.234589
426898,0.039058,0.450911,-0.062738,-0.010889,-0.428819,0.088236,-0.899005,0.000000,136.669922
426902,0.039105,0.450915,-0.062764,-0.010974,-0.428789,0.088974,-0.898945,0.000000,137.221985
426905,0.039142,0.450914,-0.062784,-0.010916,-0.428781,0.089451,-0.898903,0.000343,137.671394
426909,0.039188,0.450917,-0.062811,-0.010869,-0.428747,0.090128,-0.898852,0.000000,138.240623
426912,0.039211,0.450916,-0.062821,-0.010842,-0.428702,0.090620,-0.898824,0.000000,138.771400
426916,0.039230,0.450915,-0.062822,-0.010885,-0.428689,0.091298,-0.898762,0.000343,139.204330
426919,0.039249,0.450920,-0.062828,-0.010851,-0.428690,0.091918,-0.898698,0.000343,139.696312
426919,0.039249,0.450920,-0.062828,-0.010851,-0.428690,0.091918,-0.898698,0.000000,140.245285
426919,0.039249,0.450920,-0.062828,-0.010851,-0.428690,0.091918,-0.898698,0.000343,140.750999
426919,0.039249,0.450920,-0.062828,-0.010851,-0.428690,0.091918,-0.898698,0.000343,141.244354
426919,0.039249,0.450920,-0.062828,-0.010851,-0.428690,0.091918,-0.898698,0.000343,141.739769
426919,0.039249,0.450920,-0.062828,-0.010851,-0.428690,0.091918,-0.898698,0.000000,142.241020
426919,0.039249,0.450920,-0.062828,-0.010851,-0.428690,0.091918,-0.898698,0.000343,142.689743
426919,0.039249,0.450920,-0.062828,-0.010851,-0.428690,0.091918,-0.898698,0.000000,143.240776
426919,0.039249,0.450920,-0.062828,-0.010851,-0.428690,0.091918,-0.898698,0.000343,143.758163
426919,0.039249,0.450920,-0.062828,-0.010851,-0.428690,0.091918,-0.898698,0.000000,144.194870
426919,0.039249,0.450920,-0.062828,-0.010851,-0.428690,0.091918,-0.898698,0.000000,144.733887
426919,0.039249,0.450920,-0.062828,-0.010851,-0.428690,0.091918,-0.898698,0.000343,145.192566
426919,0.039249,0.450920,-0.062828,-0.010851,-0.428690,0.091918,-0.898698,0.000000,145.751495
426919,0.039249,0.450920,-0.062828,-0.010851,-0.428690,0.091918,-0.898698,0.000000,146.240730
426919,0.039249,0.450920,-0.062828,-0.010851,-0.428690,0.091918,-0.898698,0.000000,146.682930
426919,0.039249,0.450920,-0.062828,-0.010851,-0.428690,0.091918,-0.898698,0.000000,147.249413
426919,0.039249,0.450920,-0.062828,-0.010851,-0.428690,0.091918,-0.898698,0.000000,147.702599
426919,0.039249,0.450920,-0.062828,-0.010851,-0.428690,0.091918,-0.898698,0.000343,148.248138
426919,0.039249,0.450920,-0.062828,-0.010851,-0.428690,0.091918,-0.898698,0.000000,148.756256
426919,0.039249,0.450920,-0.062828,-0.010851,-0.428690,0.091918,-0.898698,0.000343,149.254761
426919,0.039249,0.450920,-0.062828,-0.010851,-0.428690,0.091918,-0.898698,0.000000,149.677048
426919,0.039249,0.450920,-0.062828,-0.010851,-0.428690,0.091918,-0.898698,0.000343,150.217438
426919,0.039249,0.450920,-0.062828,-0.010851,-0.428690,0.091918,-0.898698,0.000000,150.687447
426919,0.039249,0.450920,-0.062828,-0.010851,-0.428690,0.091918,-0.898698,0.000343,151.248436
426919,0.039249,0.450920,-0.062828,-0.010851,-0.428690,0.091918,-0.898698,0.000000,151.695099
426919,0.039249,0.450920,-0.062828,-0.010851,-0.428690,0.091918,-0.898698,0.000000,152.261581
426919,0.039249,0.450920,-0.062828,-0.010851,-0.428690,0.091918,-0.898698,0.000000,152.776909
426919,0.039249,0.450920,-0.062828,-0.010851,-0.428690,0.091918,-0.898698,0.000000,153.207779
426919,0.039249,0.450920,-0.062828,-0.010851,-0.428690,0.091918,-0.898698,0.000000,153.746452
426919,0.039249,0.450920,-0.062828,-0.010851,-0.428690,0.091918,-0.898698,0.000000,154.239120
426919,0.039249,0.450920,-0.062828,-0.010851,-0.428690,0.091918,-0.898698,0.000000,154.662437
427029,0.040544,0.450964,-0.063393,-0.010973,-0.427816,0.116490,-0.896261,0.000000,155.202827
427033,0.040597,0.450965,-0.063416,-0.010979,-0.427800,0.117416,-0.896147,0.000000,155.712318
427037,0.040639,0.450966,-0.063438,-0.011036,-0.427704,0.118122,-0.896100,0.000343,156.222496
427040,0.040665,0.450967,-0.063453,-0.011057,-0.427704,0.118759,-0.896015,0.000000,156.722374
427043,0.040686,0.450968,-0.063467,-0.011024,-0.427696,0.119260,-0.895953,0.000000,157.186203
427047,0.040719,0.450971,-0.063493,-0.010963,-0.427705,0.119939,-0.895859,0.000000,157.712517
427051,0.040759,0.450969,-0.063525,-0.011007,-0.427643,0.120889,-0.895760,0.000000,158.200035
427054,0.040798,0.450972,-0.063555,-0.010969,-0.427646,0.121615,-0.895661,0.000000,158.726349
427058,0.040842,0.450975,-0.063585,-0.010916,-0.427552,0.122377,-0.895603,0.000000,159.142799
427061,0.040881,0.450973,-0.063604,-0.010926,-0.427498,0.123124,-0.895526,0.000000,159.664307
427065,0.040940,0.450973,-0.063618,-0.010874,-0.427481,0.124081,-0.895403,0.000000,160.096550
427068,0.040975,0.450971,-0.063618,-0.010893,-0.427452,0.124650,-0.895337,0.000000,160.641060
427072,0.041037,0.450968,-0.063618,-0.011007,-0.427397,0.125552,-0.895236,0.000000,161.145401
427076,0.041100,0.450968,-0.063621,-0.010960,-0.427345,0.126320,-0.895154,0.000000,161.630516
427079,0.041139,0.450967,-0.063627,-0.010978,-0.427313,0.126873,-0.895090,0.000000,162.134514
427083,0.041180,0.450964,-0.063644,-0.011041,-0.427264,0.127669,-0.895000,0.000000,162.608299
427086,0.041200,0.450965,-0.063663,-0.011022,-0.427269,0.128164,-0.894927,0.000343,163.127747
427090,0.041212,0.450967,-0.063696,-0.010998,-0.427234,0.128784,-0.894855,0.000343,163.536301
427093,0.041221,0.450970,-0.063722,-0.011004,-0.427193,0.129296,-0.894800,0.000343,164.011459
427097,0.041231,0.450971,-0.063757,-0.010949,-0.427208,0.129797,-0.894721,0.000000,164.517860
427101,0.041250,0.450971,-0.063775,-0.010977,-0.427128,0.130261,-0.894692,0.000000,164.949074
427104,0.041275,0.450971,-0.063781,-0.010947,-0.427129,0.130674,-0.894631,0.000343,165.471954
427107,0.041306,0.450971,-0.063776,-0.010957,-0.427104,0.131026,-0.894592,0.000343,165.935440
427111,0.041348,0.450968,-0.063762,-0.010934,-0.427074,0.131462,-0.894542,0.000000,166.416435
427115,0.041398,0.450963,-0.063751,-0.010934,-0.427101,0.132044,-0.894444,0.000000,166.875801
427118,0.041429,0.450963,-0.063749,-0.010958,-0.427033,0.132352,-0.894431,0.000000,167.397308
427122,0.041458,0.450961,-0.063758,-0.010951,-0.427047,0.132932,-0.894338,0.000000,167.806892
427125,0.041475,0.450963,-0.063779,-0.011009,-0.427017,0.133391,-0.894283,0.000000,168.324966
427129,0.041481,0.450964,-0.063811,-0.010910,-0.426999,0.133801,-0.894232,0.000000,168.739014
427132,0.041486,0.450965,-0.063841,-0.010835,-0.426999,0.134116,-0.894185,0.000000,169.230309
427136,0.041499,0.450965,-0.063878,-0.010887,-0.426903,0.134718,-0.894140,0.000343,169.684525
427140,0.041519,0.450968,-0.063907,-0.010787,-0.426905,0.135182,-0.894071,0.000000,170.091705
427143,0.041542,0.450969,-0.063919,-0.010853,-0.426838,0.135656,-0.894030,0.000000,170.553131
427147,0.041586,0.450967,-0.063926,-0.010802,-0.426867,0.136288,-0.893920,0.000000,171.056442
427150,0.041618,0.450963,-0.063927,-0.010839,-0.426820,0.136771,-0.893869,0.000000,171.508255
427154,0.041659,0.450958,-0.063927,-0.010905,-0.426764,0.137371,-0.893803,0.000000,171.975517
427157,0.041689,0.450955,-0.063930,-0.010948,-0.426694,0.137906,-0.893753,0.000000,172.446556
427161,0.041719,0.450957,-0.063937,-0.010902,-0.426695,0.138533,-0.893656,0.000000,172.824898
427164,0.041734,0.450956,-0.063945,-0.010932,-0.426647,0.138987,-0.893608,0.000000,173.303146
427168,0.041761,0.450964,-0.063964,-0.010924,-0.426619,0.139651,-0.893518,0.000000,173.749809
427171,0.041778,0.450964,-0.063981,-0.010912,-0.426606,0.140135,-0.893449,0.000000,174.132957
427175,0.041803,0.450960,-0.064003,-0.010886,-0.426576,0.140772,-0.893363,0.000000,174.612923
427179,0.041835,0.450951,-0.064023,-0.010888,-0.426584,0.141444,-0.893253,0.000000,175.049629
427182,0.041860,0.450952,-0.064043,-0.010910,-0.426523,0.141975,-0.893198,0.000000,175.426598
427185,0.041896,0.450954,-0.064065,-0.010932,-0.426483,0.142702,-0.893101,0.000000,175.846138
427189,0.041957,0.450953,-0.064100,-0.010987,-0.426360,0.143838,-0.892977,0.000000,176.321297
427193,0.041996,0.450947,-0.064121,-0.010968,-0.426303,0.144612,-0.892879,0.000000,176.756973
427196,0.042033,0.450941,-0.064135,-0.010997,-0.426248,0.145298,-0.892793,0.000000,177.168274
427200,0.042118,0.450950,-0.064119,-0.010768,-0.425242,0.145419,-0.893256,0.000000,177.591934
427203,0.042136,0.450947,-0.064124,-0.010754,-0.425224,0.145902,-0.893186,0.000000,178.005295
427207,0.042169,0.450947,-0.064132,-0.010771,-0.425206,0.146525,-0.893093,0.000000,178.392220
427210,0.042191,0.450944,-0.064139,-0.010845,-0.425155,0.146979,-0.893041,0.000000,178.814507
427214,0.042208,0.450940,-0.064150,-0.010750,-0.425158,0.147502,-0.892955,0.000000,179.220657
427217,0.042222,0.450939,-0.064162,-0.010797,-0.425138,0.147905,-0.892897,0.000000,179.619255
427221,0.042241,0.450941,-0.064183,-0.010790,-0.425086,0.148553,-0.892814,0.000000,179.984894
427225,0.042281,0.450944,-0.064214,-0.010765,-0.425050,0.149329,-0.892703,0.000000,180.376282
427228,0.042318,0.450944,-0.064238,-0.010737,-0.424963,0.149939,-0.892642,0.000000,180.808868
427232,0.042368,0.450940,-0.064260,-0.010727,-0.424971,0.150812,-0.892491,0.000000,181.196480
427235,0.042405,0.450939,-0.064269,-0.010709,-0.424926,0.151416,-0.892411,0.000000,181.538429
427239,0.042448,0.450935,-0.064267,-0.010807,-0.424860,0.152078,-0.892328,0.000000,181.954536
427242,0.042487,0.450933,-0.064269,-0.010822,-0.424819,0.152693,-0.892242,0.000000,182.307816
427246,0.042525,0.450931,-0.064273,-0.010791,-0.424776,0.153286,-0.892162,0.000000,182.703667
427250,0.042561,0.450928,-0.064286,-0.010863,-0.424727,0.154007,-0.892060,0.000000,183.038063
427253,0.042588,0.450929,-0.064305,-0.010824,-0.424678,0.154630,-0.891976,0.000000,183.435631
427257,0.042611,0.450932,-0.064329,-0.010790,-0.424648,0.155249,-0.891883,0.000000,183.811913
427260,0.042627,0.450931,-0.064347,-0.010738,-0.424629,0.155761,-0.891804,0.000000,184.169655
427264,0.042653,0.450930,-0.064367,-0.010704,-0.424616,0.156390,-0.891700,-0.000343,184.528770
427267,0.042675,0.450927,-0.064380,-0.010682,-0.424604,0.156781,-0.891637,0.000000,184.887199
427271,0.042714,0.450923,-0.064394,-0.010728,-0.424525,0.157346,-0.891575,0.000000,185.229492
427274,0.042743,0.450920,-0.064401,-0.010757,-0.424476,0.157756,-0.891526,0.000000,185.531273
427278,0.042778,0.450921,-0.064405,-0.010707,-0.424473,0.158103,-0.891466,-0.000343,185.871849
427282,0.042807,0.450915,-0.064406,-0.010758,-0.424418,0.158610,-0.891402,-0.000343,186.246071
427285,0.042822,0.450914,-0.064409,-0.010757,-0.424447,0.158954,-0.891326,0.000000,186.578407
427289,0.042840,0.450915,-0.064423,-0.010721,-0.424411,0.159341,-0.891275,0.000000,186.906281
427292,0.042847,0.450912,-0.064437,-0.010746,-0.424361,0.159686,-0.891237,-0.000343,187.236557
427296,0.042862,0.450913,-0.064460,-0.010724,-0.424349,0.160191,-0.891152,0.000000,187.554817
427299,0.042877,0.450914,-0.064474,-0.010647,-0.424327,0.160518,-0.891104,0.000000,187.868958
427303,0.042892,0.450911,-0.064487,-0.010685,-0.424251,0.161018,-0.891050,-0.000343,188.139839
427306,0.042912,0.450909,-0.064492,-0.010682,-0.424266,0.161419,-0.890971,0.000000,188.436127
427310,0.042943,0.450907,-0.064500,-0.010637,-0.424230,0.161800,-0.890919,0.000000,188.778076
427314,0.042984,0.450904,-0.064504,-0.010730,-0.424210,0.162476,-0.890804,0.000000,189.045181
427317,0.043012,0.450899,-0.064515,-0.010724,-0.424190,0.162930,-0.890731,0.000000,189.381294
427320,0.043048,0.450899,-0.064523,-0.010744,-0.424133,0.163419,-0.890668,0.000000,189.665565
427324,0.043086,0.450896,-0.064538,-0.010791,-0.424029,0.164022,-0.890607,0.000000,189.929237
427327,0.043111,0.450893,-0.064551,-0.010854,-0.423966,0.164615,-0.890526,0.000000,190.199776
427331,0.043138,0.450895,-0.064567,-0.010811,-0.423914,0.165067,-0.890468,-0.000343,190.471687
427335,0.043161,0.450891,-0.064584,-0.010818,-0.423842,0.165690,-0.890387,-0.000343,190.742226
427338,0.043182,0.450889,-0.064593,-0.010867,-0.423825,0.166166,-0.890305,0.000000,191.004868
427342,0.043214,0.450886,-0.064612,-0.010831,-0.423780,0.166781,-0.890212,-0.000343,191.303558
427345,0.043237,0.450885,-0.064622,-0.010842,-0.423751,0.167209,-0.890145,0.000000,191.558990
427349,0.043270,0.450883,-0.064637,-0.010862,-0.423704,0.167822,-0.890052,-0.000343,191.787300
427352,0.043286,0.450880,-0.064645,-0.010828,-0.423716,0.168105,-0.889994,-0.000343,192.056465
427356,0.043305,0.450878,-0.064654,-0.010904,-0.423601,0.168492,-0.889974,0.000000,192.267609
427360,0.043330,0.450876,-0.064667,-0.010820,-0.423622,0.168832,-0.889901,-0.000343,192.513771
427363,0.043347,0.450876,-0.064673,-0.010791,-0.423624,0.168984,-0.889871,-0.000343,192.722855
427367,0.043370,0.450872,-0.064677,-0.010852,-0.423575,0.169433,-0.889809,0.000000,192.966614
427370,0.043382,0.450870,-0.064678,-0.010833,-0.423584,0.169572,-0.889778,-0.000343,193.184967
427374,0.043399,0.450870,-0.064682,-0.010844,-0.423541,0.169821,-0.889751,0.000000,193.386497
427377,0.043406,0.450868,-0.064684,-0.010893,-0.423529,0.170052,-0.889712,-0.000343,193.633347
427381,0.043417,0.450867,-0.064695,-0.010835,-0.423534,0.170378,-0.889648,0.000000,193.821144
427384,0.043424,0.450868,-0.064705,-0.010832,-0.423511,0.170624,-0.889612,0.000000,194.020958
427388,0.043431,0.450865,-0.064723,-0.010845,-0.423451,0.170941,-0.889579,-0.000343,194.241371
427391,0.043439,0.450864,-0.064735,-0.010842,-0.423442,0.171212,-0.889531,-0.000343,194.421272
427395,0.043452,0.450865,-0.064744,-0.010769,-0.423477,0.171471,-0.889466,0.000000,194.604607
427399,0.043471,0.450861,-0.064747,-0.010876,-0.423407,0.171864,-0.889422,0.000000,194.776955
427402,0.043490,0.450861,-0.064746,-0.010854,-0.423413,0.172074,-0.889379,0.000000,194.962349
427406,0.043515,0.450856,-0.064742,-0.010870,-0.423378,0.172363,-0.889339,0.000000,195.135040
427409,0.043535,0.450854,-0.064742,-0.010923,-0.423363,0.172644,-0.889291,-0.000343,195.305328
427413,0.043552,0.450853,-0.064743,-0.010910,-0.423345,0.172910,-0.889248,-0.000343,195.495186
427416,0.043560,0.450853,-0.064752,-0.010892,-0.423329,0.173099,-0.889219,-0.000343,195.658607
427420,0.043571,0.450848,-0.064767,-0.010944,-0.423306,0.173524,-0.889146,-0.000343,195.811043
427423,0.043571,0.450849,-0.064783,-0.010927,-0.423283,0.173696,-0.889124,0.000000,195.985107
427427,0.043575,0.450848,-0.064804,-0.010883,-0.423282,0.173980,-0.889070,0.000000,196.127243
427431,0.043574,0.450847,-0.064816,-0.010943,-0.423233,0.174316,-0.889026,-0.000343,196.275215
427434,0.043581,0.450848,-0.064823,-0.010922,-0.423205,0.174447,-0.889015,0.000000,196.425247
427438,0.043594,0.450849,-0.064823,-0.010917,-0.423166,0.174669,-0.888990,0.000000,196.544380
427441,0.043608,0.450846,-0.064821,-0.010935,-0.423202,0.174859,-0.888935,-0.000343,196.691666
427445,0.043633,0.450843,-0.064818,-0.010891,-0.423180,0.175088,-0.888901,0.000000,196.829681
427448,0.043653,0.450844,-0.064813,-0.010925,-0.423217,0.175207,-0.888859,-0.000343,196.944008
427452,0.043673,0.450841,-0.064806,-0.011022,-0.423096,0.175537,-0.888851,0.000000,197.073097
427456,0.043685,0.450841,-0.064802,-0.010989,-0.423150,0.175651,-0.888803,-0.000343,197.212486
427459,0.043692,0.450839,-0.064801,-0.010975,-0.423153,0.175750,-0.888782,0.000000,197.328873
427463,0.043701,0.450839,-0.064804,-0.010998,-0.423107,0.176005,-0.888753,-0.000343,197.455559
427466,0.043702,0.450839,-0.064813,-0.010954,-0.423108,0.176096,-0.888735,0.000000,197.559929
427470,0.043710,0.450837,-0.064826,-0.010973,-0.423062,0.176258,-0.888725,0.000000,197.655373
427473,0.043711,0.450837,-0.064837,-0.010957,-0.423057,0.176404,-0.888698,0.000000,197.746010
427477,0.043717,0.450836,-0.064848,-0.010939,-0.423065,0.176506,-0.888674,-0.000343,197.852097
427480,0.043720,0.450836,-0.064851,-0.010876,-0.423068,0.176595,-0.888656,0.000000,197.959213
427484,0.043731,0.450833,-0.064854,-0.010982,-0.423018,0.176929,-0.888612,0.000000,198.054657
427487,0.043741,0.450833,-0.064853,-0.010966,-0.423031,0.176976,-0.888597,-0.000343,198.165894
427491,0.043755,0.450833,-0.064858,-0.010930,-0.423013,0.177144,-0.888572,0.000000,198.256531
427495,0.043774,0.450828,-0.064858,-0.010963,-0.422983,0.177412,-0.888533,0.000000,198.357811
427498,0.043785,0.450827,-0.064860,-0.010916,-0.423007,0.177489,-0.888506,0.000000,198.439178
427502,0.043798,0.450824,-0.064860,-0.010986,-0.422939,0.177686,-0.888499,0.000000,198.510590
427505,0.043803,0.450823,-0.064858,-0.011029,-0.422943,0.177872,-0.888459,-0.000343,198.576164
427509,0.043808,0.450825,-0.064860,-0.010961,-0.422949,0.177942,-0.888443,-0.000343,198.641052
427512,0.043810,0.450825,-0.064861,-0.010940,-0.422950,0.178093,-0.888413,0.000000,198.716240
427516,0.043808,0.450824,-0.064869,-0.010997,-0.422889,0.178294,-0.888400,-0.000343,198.786621
427519,0.043809,0.450824,-0.064874,-0.010981,-0.422890,0.178367,-0.888385,-0.000343,198.863182
427523,0.043814,0.450824,-0.064884,-0.010960,-0.422892,0.178523,-0.888354,-0.000343,198.929787
427527,0.043823,0.450823,-0.064894,-0.010922,-0.422886,0.178646,-0.888332,0.000000,198.992615
427530,0.043831,0.450823,-0.064901,-0.010894,-0.422911,0.178802,-0.888289,0.000000,199.061279
427534,0.043839,0.450820,-0.064904,-0.010946,-0.422858,0.178930,-0.888288,-0.000343,199.111404
427537,0.043846,0.450819,-0.064904,-0.011017,-0.422816,0.179117,-0.888269,-0.000343,199.174576
427541,0.043851,0.450821,-0.064905,-0.010932,-0.422883,0.179176,-0.888227,0.000000,199.226761
427544,0.043856,0.450817,-0.064902,-0.010980,-0.422861,0.179297,-0.888212,-0.000343,199.264870
427548,0.043862,0.450816,-0.064901,-0.011055,-0.422815,0.179522,-0.888188,0.000000,199.314308
427551,0.043866,0.450815,-0.064905,-0.011006,-0.422833,0.179553,-0.888173,-0.000343,199.348984
427555,0.043870,0.450816,-0.064906,-0.011025,-0.422811,0.179713,-0.888151,-0.000343,199.394646
427558,0.043871,0.450816,-0.064910,-0.011026,-0.422762,0.179794,-0.888158,-0.000343,199.438591
427562,0.043875,0.450815,-0.064917,-0.011002,-0.422803,0.179873,-0.888123,0.000000,199.478073
427565,0.043874,0.450814,-0.064920,-0.010919,-0.422826,0.179903,-0.888107,-0.000343,199.529228
427569,0.043879,0.450813,-0.064924,-0.011029,-0.422752,0.180104,-0.888100,-0.000343,199.569397
427573,0.043884,0.450813,-0.064927,-0.010950,-0.422771,0.180058,-0.888102,0.000000,199.614716
427576,0.043893,0.450812,-0.064929,-0.010987,-0.422787,0.180225,-0.888059,-0.000343,199.646301
427580,0.043907,0.450810,-0.064928,-0.011061,-0.422743,0.180374,-0.888049,-0.000343,199.673080
427583,0.043918,0.450810,-0.064927,-0.011026,-0.422758,0.180426,-0.888032,-0.000343,199.693336
427587,0.043924,0.450803,-0.064920,-0.011123,-0.422726,0.180489,-0.888033,-0.000343,199.712563
427591,0.043935,0.450809,-0.064921,-0.011008,-0.422795,0.180570,-0.887985,-0.000343,199.733849
427594,0.043938,0.450807,-0.064921,-0.011004,-0.422767,0.180615,-0.887989,-0.000343,199.755821
427598,0.043937,0.450806,-0.064924,-0.011059,-0.422760,0.180731,-0.887968,0.000000,199.780884
427601,0.043936,0.450806,-0.064929,-0.011062,-0.422706,0.180814,-0.887977,-0.000343,199.802856
427604,0.043932,0.450806,-0.064935,-0.011062,-0.422720,0.180887,-0.887956,-0.000343,199.829292
427608,0.043929,0.450808,-0.064946,-0.011011,-0.422715,0.180890,-0.887958,-0.000343,199.853668
427612,0.043925,0.450807,-0.064953,-0.010993,-0.422723,0.180949,-0.887942,-0.000343,199.872551
427615,0.043926,0.450807,-0.064955,-0.010990,-0.422700,0.180990,-0.887945,-0.000343,199.888344
427619,0.043926,0.450805,-0.064955,-0.011003,-0.422726,0.181054,-0.887920,0.000000,199.902763
427622,0.043934,0.450805,-0.064953,-0.011052,-0.422691,0.181152,-0.887916,-0.000343,199.909286
427626,0.043943,0.450808,-0.064948,-0.011010,-0.422736,0.181137,-0.887898,0.000000,199.914780
427629,0.043950,0.450808,-0.064946,-0.011011,-0.422732,0.181188,-0.887889,-0.000343,199.919930
427633,0.043962,0.450806,-0.064939,-0.011066,-0.422680,0.181294,-0.887892,0.000000,199.930229
427637,0.043967,0.450806,-0.064936,-0.011003,-0.422723,0.181266,-0.887878,0.000000,199.941216
427640,0.043970,0.450802,-0.064933,-0.011072,-0.422706,0.181347,-0.887869,-0.000343,199.951515
427644,0.043968,0.450803,-0.064939,-0.011027,-0.422713,0.181373,-0.887860,-0.000343,199.965248
427647,0.043967,0.450804,-0.064941,-0.010995,-0.422715,0.181450,-0.887844,0.000000,199.980354
427651,0.043964,0.450805,-0.064948,-0.011038,-0.422695,0.181492,-0.887844,0.000000,199.988937
427654,0.043963,0.450804,-0.064950,-0.011040,-0.422659,0.181574,-0.887845,0.000000,199.993401
427654,0.043963,0.450804,-0.064950,-0.011040,-0.422659,0.181574,-0.887845,-0.000343,199.994774
427654,0.043963,0.450804,-0.064950,-0.011040,-0.422659,0.181574,-0.887845,-0.000343,199.995117
427654,0.043963,0.450804,-0.064950,-0.011040,-0.422659,0.181574,-0.887845,0.000000,199.995461
427654,0.043963,0.450804,-0.064950,-0.011040,-0.422659,0.181574,-0.887845,-0.000343,199.995461
427654,0.043963,0.450804,-0.064950,-0.011040,-0.422659,0.181574,-0.887845,-0.000343,199.995461
427654,0.043963,0.450804,-0.064950,-0.011040,-0.422659,0.181574,-0.887845,0.000000,199.995461
427654,0.043963,0.450804,-0.064950,-0.011040,-0.422659,0.181574,-0.887845,0.000000,199.995461
427654,0.043963,0.450804,-0.064950,-0.011040,-0.422659,0.181574,-0.887845,-0.000343,199.995461
427654,0.043963,0.450804,-0.064950,-0.011040,-0.422659,0.181574,-0.887845,-0.000343,199.995461
427654,0.043963,0.450804,-0.064950,-0.011040,-0.422659,0.181574,-0.887845,-0.000343,199.995804
427654,0.043963,0.450804,-0.064950,-0.011040,-0.422659,0.181574,-0.887845,-0.000343,199.995804
427654,0.043963,0.450804,-0.064950,-0.011040,-0.422659,0.181574,-0.887845,-0.000343,199.996490
427654,0.043963,0.450804,-0.064950,-0.011040,-0.422659,0.181574,-0.887845,0.000000,199.997177
427654,0.043963,0.450804,-0.064950,-0.011040,-0.422659,0.181574,-0.887845,-0.000343,199.998550
427654,0.043963,0.450804,-0.064950,-0.011040,-0.422659,0.181574,-0.887845,0.000000,200.000267
427654,0.043963,0.450804,-0.064950,-0.011040,-0.422659,0.181574,-0.887845,-0.000343,200.001984
427654,0.043963,0.450804,-0.064950,-0.011040,-0.422659,0.181574,-0.887845,0.000000,200.003357
427654,0.043963,0.450804,-0.064950,-0.011040,-0.422659,0.181574,-0.887845,-0.000343,200.004387
427654,0.043963,0.450804,-0.064950,-0.011040,-0.422659,0.181574,-0.887845,0.000000,200.004730
427654,0.043963,0.450804,-0.064950,-0.011040,-0.422659,0.181574,-0.887845,-0.000343,200.004730
427654,0.043963,0.450804,-0.064950,-0.011040,-0.422659,0.181574,-0.887845,0.000000,200.005074
427654,0.043963,0.450804,-0.064950,-0.011040,-0.422659,0.181574,-0.887845,-0.000343,200.005074
427654,0.043963,0.450804,-0.064950,-0.011040,-0.422659,0.181574,-0.887845,-0.000343,200.005074
427654,0.043963,0.450804,-0.064950,-0.011040,-0.422659,0.181574,-0.887845,-0.000343,200.005074
427654,0.043963,0.450804,-0.064950,-0.011040,-0.422659,0.181574,-0.887845,0.000000,200.004730
427654,0.043963,0.450804,-0.064950,-0.011040,-0.422659,0.181574,-0.887845,-0.000343,200.005074
427654,0.043963,0.450804,-0.064950,-0.011040,-0.422659,0.181574,-0.887845,-0.000343,200.004730
427654,0.043963,0.450804,-0.064950,-0.011040,-0.422659,0.181574,-0.887845,-0.000343,200.005074
427654,0.043963,0.450804,-0.064950,-0.011040,-0.422659,0.181574,-0.887845,0.000000,200.004730
427654,0.043963,0.450804,-0.064950,-0.011040,-0.422659,0.181574,-0.887845,-0.000343,200.005074
427764,0.044009,0.450798,-0.064964,-0.011061,-0.422666,0.182178,-0.887717,0.000000,200.004730
427768,0.044003,0.450796,-0.064967,-0.011078,-0.422635,0.182187,-0.887730,0.000000,200.004730
427772,0.044007,0.450798,-0.064973,-0.011037,-0.422658,0.182206,-0.887716,0.000000,200.004730
427775,0.044010,0.450799,-0.064979,-0.010998,-0.422663,0.182164,-0.887722,-0.000343,200.004730
427779,0.044017,0.450797,-0.064977,-0.011085,-0.422621,0.182330,-0.887707,-0.000343,200.004730
427782,0.044021,0.450796,-0.064975,-0.011069,-0.422602,0.182323,-0.887718,0.000000,200.004730
427786,0.044023,0.450793,-0.064965,-0.011061,-0.422650,0.182257,-0.887709,0.000000,200.004730
427789,0.044019,0.450794,-0.064960,-0.011059,-0.422643,0.182278,-0.887708,-0.000343,200.004387
427793,0.044020,0.450796,-0.064958,-0.011091,-0.422622,0.182366,-0.887700,0.000000,200.004387
427796,0.044017,0.450796,-0.064961,-0.011041,-0.422663,0.182285,-0.887697,-0.000343,200.004044
427800,0.044017,0.450794,-0.064971,-0.011095,-0.422621,0.182359,-0.887701,0.000000,200.004044
427803,0.044016,0.450792,-0.064976,-0.011158,-0.422598,0.182415,-0.887700,0.000000,200.003700
427807,0.044012,0.450796,-0.064981,-0.011016,-0.422634,0.182300,-0.887708,0.000000,200.003700
427810,0.044012,0.450797,-0.064980,-0.011052,-0.422613,0.182352,-0.887707,0.000000,200.003014
427814,0.044009,0.450795,-0.064979,-0.011055,-0.422614,0.182386,-0.887700,0.000000,200.002670
427818,0.044016,0.450793,-0.064973,-0.011056,-0.422649,0.182396,-0.887681,-0.000343,200.001984
427821,0.044022,0.450791,-0.064971,-0.011087,-0.422652,0.182439,-0.887670,0.000000,200.001297
427824,0.044030,0.450792,-0.064968,-0.011160,-0.422566,0.182502,-0.887698,-0.000343,200.000267
427828,0.044034,0.450792,-0.064966,-0.011044,-0.422655,0.182386,-0.887680,-0.000343,199.999580
427832,0.044036,0.450793,-0.064966,-0.011113,-0.422611,0.182536,-0.887670,0.000000,199.998550
427835,0.044035,0.450792,-0.064963,-0.011134,-0.422593,0.182501,-0.887685,0.000000,199.998207
427839,0.044033,0.450796,-0.064965,-0.011050,-0.422627,0.182492,-0.887672,0.000000,199.997520
427842,0.044029,0.450793,-0.064967,-0.011097,-0.422615,0.182475,-0.887680,0.000000,199.996834
427846,0.044028,0.450794,-0.064975,-0.011124,-0.422603,0.182533,-0.887674,-0.000343,199.996490
427850,0.044027,0.450795,-0.064984,-0.011104,-0.422605,0.182549,-0.887670,0.000000,199.996490
427853,0.044027,0.450793,-0.064984,-0.011098,-0.422597,0.182511,-0.887681,0.000000,199.996490
427857,0.044027,0.450795,-0.064984,-0.011081,-0.422597,0.182588,-0.887666,0.000000,199.996147
427860,0.044028,0.450794,-0.064982,-0.011039,-0.422605,0.182488,-0.887683,0.000000,199.996147
427864,0.044029,0.450794,-0.064976,-0.011148,-0.422552,0.182656,-0.887672,0.000000,199.996147
427867,0.044028,0.450792,-0.064972,-0.011104,-0.422596,0.182606,-0.887662,-0.000343,199.996147
427871,0.044034,0.450792,-0.064968,-0.011088,-0.422600,0.182602,-0.887661,-0.000343,199.996147
427875,0.044038,0.450791,-0.064966,-0.011153,-0.422552,0.182714,-0.887661,0.000000,199.996147
427878,0.044037,0.450789,-0.064968,-0.011128,-0.422600,0.182669,-0.887647,0.000000,199.996147
427881,0.044038,0.450792,-0.064972,-0.011085,-0.422633,0.182637,-0.887638,-0.000343,199.996490
427885,0.044030,0.450791,-0.064975,-0.011125,-0.422587,0.182687,-0.887649,0.000000,199.996147
427889,0.044029,0.450792,-0.064973,-0.011065,-0.422594,0.182666,-0.887651,-0.000343,199.996147
427892,0.044023,0.450795,-0.064971,-0.011040,-0.422601,0.182582,-0.887666,-0.000343,199.996147
427895,0.044023,0.450792,-0.064965,-0.011078,-0.422604,0.182629,-0.887654,0.000000,199.996490
427895,0.044023,0.450792,-0.064965,-0.011078,-0.422604,0.182629,-0.887654,0.000000,199.996490
427895,0.044023,0.450792,-0.064965,-0.011078,-0.422604,0.182629,-0.887654,0.000000,199.996490
427895,0.044023,0.450792,-0.064965,-0.011078,-0.422604,0.182629,-0.887654,0.000000,199.996490
427895,0.044023,0.450792,-0.064965,-0.011078,-0.422604,0.182629,-0.887654,0.000000,199.996490
427895,0.044023,0.450792,-0.064965,-0.011078,-0.422604,0.182629,-0.887654,0.000000,199.996490
427895,0.044023,0.450792,-0.064965,-0.011078,-0.422604,0.182629,-0.887654,0.000000,199.996490
427895,0.044023,0.450792,-0.064965,-0.011078,-0.422604,0.182629,-0.887654,0.000000,199.996490
427895,0.044023,0.450792,-0.064965,-0.011078,-0.422604,0.182629,-0.887654,0.000000,199.996490
427895,0.044023,0.450792,-0.064965,-0.011078,-0.422604,0.182629,-0.887654,0.000000,199.996490
427895,0.044023,0.450792,-0.064965,-0.011078,-0.422604,0.182629,-0.887654,0.000000,199.996490
