0,0.000000,0.000000,0.000000,0.000000,0.000000,0.000000,0.000000,0.000000,0.000000
0,0.000000,0.000000,0.000000,0.000000,0.000000,0.000000,0.000000,0.000000,0.000000
0,0.000000,0.000000,0.000000,0.000000,0.000000,0.000000,0.000000,0.000000,0.000000
0,0.000000,0.000000,0.000000,0.000000,0.000000,0.000000,0.000000,0.000000,0.000000
0,0.000000,0.000000,0.000000,0.000000,0.000000,0.000000,0.000000,0.000000,0.000000
0,0.000000,0.000000,0.000000,0.000000,0.000000,0.000000,0.000000,0.000000,0.000000
0,0.000000,0.000000,0.000000,0.000000,0.000000,0.000000,0.000000,0.000000,0.000000
0,0.000000,0.000000,0.000000,0.000000,0.000000,0.000000,0.000000,0.000000,0.000000
0,0.000000,0.000000,0.000000,0.000000,0.000000,0.000000,0.000000,0.000000,0.000000
0,0.000000,0.000000,0.000000,0.000000,0.000000,0.000000,0.000000,0.000000,0.000000
0,0.000000,0.000000,0.000000,0.000000,0.000000,0.000000,0.000000,0.000000,0.000000
0,0.000000,0.000000,0.000000,0.000000,0.000000,0.000000,0.000000,0.000000,0.000000
0,0.000000,0.000000,0.000000,0.000000,0.000000,0.000000,0.000000,0.000000,0.000000
0,0.000000,0.000000,0.000000,0.000000,0.000000,0.000000,0.000000,0.000000,0.000000
0,0.000000,0.000000,0.000000,0.000000,0.000000,0.000000,0.000000,0.000000,0.000000
0,0.000000,0.000000,0.000000,0.000000,0.000000,0.000000,0.000000,0.000000,0.000000
0,0.000000,0.000000,0.000000,0.000000,0.000000,0.000000,0.000000,0.000000,0.000000
0,0.000000,0.000000,0.000000,0.000000,0.000000,0.000000,0.000000,0.000000,0.000000
0,0.000000,0.000000,0.000000,0.000000,0.000000,0.000000,0.000000,0.000000,0.000000
0,0.000000,0.000000,0.000000,0.000000,0.000000,0.000000,0.000000,0.000000,0.000000
0,0.000000,0.000000,0.000000,0.000000,0.000000,0.000000,0.000000,0.000000,0.000000
0,0.000000,0.000000,0.000000,0.000000,0.000000,0.000000,0.000000,0.000000,0.000000
0,0.000000,0.000000,0.000000,0.000000,0.000000,0.000000,0.000000,0.000000,0.000000
0,0.000000,0.000000,0.000000,0.000000,0.000000,0.000000,0.000000,0.000000,0.000000
0,0.000000,0.000000,0.000000,0.000000,0.000000,0.000000,0.000000,0.000000,0.000000
0,0.000000,0.000000,0.000000,0.000000,0.000000,0.000000,0.000000,0.000000,0.000000
0,0.000000,0.000000,0.000000,0.000000,0.000000,0.000000,0.000000,0.000000,0.000000
0,0.000000,0.000000,0.000000,0.000000,0.000000,0.000000,0.000000,0.000000,0.000000
0,0.000000,0.000000,0.000000,0.000000,0.000000,0.000000,0.000000,0.000000,0.000000
203166,-0.000967,0.901578,-0.242005,-0.031978,0.274442,-0.034944,-0.960436,-0.000343,0.000000
203170,-0.000908,0.901577,-0.242014,-0.031946,0.273918,-0.035042,-0.960583,0.000000,0.000000
203173,-0.000919,0.901573,-0.242011,-0.031929,0.274098,-0.034880,-0.960539,-0.000343,0.000343
203177,-0.000947,0.901577,-0.242010,-0.031973,0.274273,-0.035152,-0.960477,-0.000343,0.000000
203180,-0.000916,0.901568,-0.242016,-0.031967,0.274103,-0.034940,-0.960534,-0.000343,0.000000
203184,-0.000954,0.901575,-0.242009,-0.031937,0.274301,-0.035136,-0.960471,-0.000343,0.000000
203187,-0.000972,0.901576,-0.242005,-0.031964,0.274434,-0.035100,-0.960433,-0.000343,0.000000
203191,-0.000908,0.901577,-0.242020,-0.031967,0.273940,-0.035008,-0.960578,-0.000343,0.000000
203194,-0.000901,0.901571,-0.242027,-0.031930,0.273907,-0.034948,-0.960590,-0.000343,0.000000
203198,-0.000968,0.901576,-0.242009,-0.031958,0.274429,-0.035113,-0.960434,-0.000343,0.000000
203202,-0.000892,0.901573,-0.242022,-0.031903,0.274039,-0.034666,-0.960564,-0.000343,0.000000
203205,-0.000923,0.901580,-0.242014,-0.031928,0.274160,-0.034942,-0.960519,-0.000343,0.000000
203209,-0.000930,0.901572,-0.242004,-0.031944,0.274242,-0.034775,-0.960501,-0.000343,0.000000
203212,-0.000903,0.901573,-0.242014,-0.031919,0.274056,-0.034913,-0.960550,-0.000343,0.000000
203216,-0.000943,0.901574,-0.242004,-0.031923,0.274378,-0.034743,-0.960464,-0.000343,0.000000
203219,-0.000967,0.901574,-0.242003,-0.031931,0.274481,-0.034994,-0.960425,-0.000687,0.000000
203223,-0.000894,0.901571,-0.242024,-0.031911,0.273971,-0.034634,-0.960584,-0.000343,0.000000
203226,-0.000921,0.901573,-0.242018,-0.031924,0.274036,-0.034777,-0.960560,-0.000343,0.000000
203230,-0.000977,0.901571,-0.242011,-0.031948,0.274420,-0.034861,-0.960447,-0.000343,0.000000
203233,-0.000951,0.901574,-0.242016,-0.031917,0.274226,-0.034837,-0.960504,-0.000343,0.000343
203237,-0.000941,0.901569,-0.242010,-0.031963,0.274200,-0.034816,-0.960510,-0.000343,0.000000
203241,-0.000945,0.901575,-0.242012,-0.031925,0.274184,-0.035147,-0.960504,-0.000343,0.000000
203244,-0.000901,0.901568,-0.242020,-0.031958,0.274066,-0.034821,-0.960549,-0.000343,0.000000
203248,-0.000955,0.901571,-0.242006,-0.031970,0.274346,-0.035210,-0.960455,-0.000343,0.000000
203251,-0.000957,0.901575,-0.242009,-0.031957,0.274450,-0.034985,-0.960433,-0.000343,0.000000
203255,-0.000907,0.901563,-0.242020,-0.031996,0.273934,-0.035028,-0.960578,-0.000343,0.000000
203258,-0.000915,0.901569,-0.242019,-0.031938,0.274004,-0.034889,-0.960565,-0.000343,0.000000
203262,-0.000992,0.901570,-0.242017,-0.031970,0.274378,-0.035150,-0.960447,-0.000343,0.000000
203265,-0.000970,0.901565,-0.242022,-0.031957,0.274155,-0.035022,-0.960516,-0.000343,0.000000
203269,-0.000976,0.901571,-0.242024,-0.031954,0.274228,-0.035044,-0.960495,-0.000343,0.000000
203272,-0.001009,0.901567,-0.242022,-0.031941,0.274362,-0.035164,-0.960452,-0.000343,0.000000
203276,-0.000951,0.901562,-0.242036,-0.031926,0.273932,-0.034958,-0.960583,-0.000343,0.000000
203280,-0.000981,0.901569,-0.242036,-0.031927,0.274465,-0.034806,-0.960437,-0.000343,0.000000
203283,-0.000994,0.901573,-0.242032,-0.031975,0.274485,-0.035077,-0.960419,-0.000343,0.000000
203287,-0.000895,0.901564,-0.242050,-0.031884,0.274002,-0.034670,-0.960575,-0.000343,0.000000
203290,-0.000920,0.901568,-0.242035,-0.031892,0.274045,-0.034853,-0.960556,-0.000343,0.000000
203294,-0.000965,0.901566,-0.242012,-0.031922,0.274327,-0.034812,-0.960476,0.000000,0.000000
203298,-0.000943,0.901565,-0.242013,-0.031944,0.274007,-0.035016,-0.960559,-0.000343,0.000000
203301,-0.000978,0.901562,-0.242004,-0.031956,0.274290,-0.034763,-0.960487,-0.000343,0.000000
203304,-0.001004,0.901573,-0.242010,-0.031909,0.274431,-0.034905,-0.960443,-0.000343,0.000000
203308,-0.000948,0.901567,-0.242037,-0.031920,0.274004,-0.034728,-0.960571,-0.000343,0.000000
203312,-0.001041,0.901573,-0.242028,-0.031987,0.274355,-0.035225,-0.960451,-0.000343,0.000000
203315,-0.001040,0.901576,-0.242036,-0.031952,0.274446,-0.034953,-0.960436,-0.000343,0.000000
203319,-0.000987,0.901573,-0.242042,-0.031941,0.273890,-0.035059,-0.960591,-0.000343,0.000000
203322,-0.000992,0.901570,-0.242035,-0.031977,0.274058,-0.034849,-0.960550,-0.000343,0.000000
203326,-0.001007,0.901577,-0.242024,-0.031950,0.274286,-0.035136,-0.960475,-0.000343,0.000000
203329,-0.000961,0.901567,-0.242020,-0.031948,0.274106,-0.034912,-0.960535,-0.000343,0.000000
203333,-0.000964,0.901572,-0.242011,-0.031943,0.274242,-0.035096,-0.960489,-0.000343,0.000000
203336,-0.000971,0.901574,-0.241998,-0.031936,0.274419,-0.035064,-0.960440,-0.000343,0.000000
203340,-0.000924,0.901563,-0.242006,-0.031981,0.273954,-0.034986,-0.960574,-0.000343,0.000000
203344,-0.000985,0.901573,-0.242003,-0.031934,0.274498,-0.034816,-0.960427,-0.000343,0.000000
203347,-0.001014,0.901573,-0.242015,-0.031964,0.274430,-0.035078,-0.960435,-0.000343,0.000000
203351,-0.000953,0.901568,-0.242040,-0.031886,0.274002,-0.034653,-0.960575,-0.000343,0.000000
203354,-0.000989,0.901579,-0.242047,-0.031894,0.274089,-0.034932,-0.960541,-0.000343,0.000000
203358,-0.001020,0.901575,-0.242043,-0.031950,0.274286,-0.034792,-0.960487,-0.000343,0.000000
203361,-0.000998,0.901572,-0.242049,-0.031942,0.274055,-0.034896,-0.960550,-0.000343,0.000000
203365,-0.001007,0.901573,-0.242035,-0.031942,0.274362,-0.034758,-0.960467,-0.000343,0.000000
203368,-0.001017,0.901575,-0.242024,-0.031965,0.274459,-0.034936,-0.960432,-0.000343,0.000000
203372,-0.000921,0.901570,-0.242032,-0.031921,0.273981,-0.034679,-0.960579,-0.000343,0.000000
203375,-0.000925,0.901568,-0.242028,-0.031908,0.274005,-0.034758,-0.960570,-0.000343,0.000000
203379,-0.000990,0.901572,-0.242012,-0.031983,0.274455,-0.034886,-0.960435,-0.000343,0.000000
203383,-0.000939,0.901573,-0.242027,-0.031961,0.273961,-0.034991,-0.960573,-0.000343,-0.000343
203386,-0.000963,0.901569,-0.242019,-0.031934,0.274130,-0.034814,-0.960532,-0.000343,0.000000
203390,-0.000997,0.901577,-0.242025,-0.031951,0.274222,-0.035172,-0.960492,-0.000343,0.000000
203393,-0.000968,0.901569,-0.242033,-0.031904,0.274049,-0.034858,-0.960554,-0.000343,-0.000343
203397,-0.001017,0.901575,-0.242019,-0.031978,0.274311,-0.035154,-0.960466,-0.000343,0.000000
203400,-0.001017,0.901579,-0.242011,-0.031954,0.274435,-0.034993,-0.960437,0.000000,0.000000
203404,-0.000949,0.901569,-0.242020,-0.031969,0.273893,-0.034989,-0.960592,0.000687,0.000000
203407,-0.000942,0.901569,-0.242015,-0.031950,0.273921,-0.034915,-0.960587,0.008926,0.000000
203411,-0.001009,0.901573,-0.242010,-0.031985,0.274447,-0.035160,-0.960427,0.032959,0.000343
203414,-0.000982,0.901571,-0.242019,-0.031961,0.274210,-0.035094,-0.960498,0.071754,0.000000
203418,-0.000961,0.901582,-0.242034,-0.031896,0.274117,-0.035022,-0.960529,0.116730,-0.000343
203422,-0.000964,0.901577,-0.242044,-0.031925,0.274259,-0.034745,-0.960497,0.168571,0.000000
203425,-0.000952,0.901580,-0.242048,-0.031912,0.273989,-0.034969,-0.960567,0.218010,-0.000343
203429,-0.000987,0.901578,-0.242036,-0.031936,0.274401,-0.034766,-0.960456,0.262299,0.000000
203432,-0.001017,0.901580,-0.242026,-0.031955,0.274459,-0.035063,-0.960428,0.310364,0.000000
203436,-0.000930,0.901573,-0.242026,-0.031904,0.273983,-0.034664,-0.960580,0.354652,-0.000343
203439,-0.000948,0.901575,-0.242022,-0.031935,0.274028,-0.034801,-0.960561,0.405121,-0.000343
203443,-0.001006,0.901572,-0.242005,-0.031984,0.274469,-0.034870,-0.960431,0.460396,0.000000
203446,-0.000987,0.901575,-0.242016,-0.031953,0.274256,-0.034899,-0.960492,0.537643,0.000000
203450,-0.000980,0.901570,-0.242018,-0.031934,0.274174,-0.034779,-0.960521,0.635490,-0.000343
203453,-0.001014,0.901578,-0.242020,-0.031939,0.274364,-0.034838,-0.960464,0.755997,0.000000
203457,-0.000963,0.901573,-0.242035,-0.031911,0.274037,-0.034796,-0.960560,0.876846,-0.000343
203461,-0.001027,0.901578,-0.242024,-0.031982,0.274340,-0.035162,-0.960457,1.002502,-0.000343
203464,-0.001027,0.901575,-0.242021,-0.031950,0.274452,-0.034960,-0.960434,1.116142,0.000000
203468,-0.000954,0.901576,-0.242032,-0.031950,0.273868,-0.034999,-0.960599,1.246605,-0.000343
203471,-0.000957,0.901571,-0.242019,-0.031962,0.273987,-0.034881,-0.960569,1.380157,0.000000
203475,-0.001023,0.901580,-0.242008,-0.031968,0.274354,-0.035169,-0.960454,1.525726,-0.000343
203479,-0.000973,0.901565,-0.242016,-0.031951,0.274052,-0.034704,-0.960557,1.703224,-0.000343
203482,-0.001015,0.901574,-0.242020,-0.031956,0.274204,-0.035043,-0.960502,1.863213,0.000000
203485,-0.001041,0.901580,-0.242023,-0.031969,0.274368,-0.035066,-0.960453,2.076073,-0.000343
203489,-0.001001,0.901579,-0.242038,-0.031958,0.273976,-0.035011,-0.960568,2.293396,-0.000343
203493,-0.001046,0.901577,-0.242038,-0.031915,0.274426,-0.034818,-0.960447,2.497673,-0.000343
203496,-0.001061,0.901582,-0.242036,-0.031974,0.274474,-0.035106,-0.960421,2.763062,0.000000
203500,-0.000975,0.901569,-0.242039,-0.031934,0.273990,-0.034666,-0.960577,3.021584,0.000000
203503,-0.000986,0.901576,-0.242029,-0.031903,0.274039,-0.034920,-0.960555,3.246117,-0.000343
203507,-0.001031,0.901575,-0.242004,-0.032005,0.274416,-0.034868,-0.960446,3.531075,-0.000343
203510,-0.001015,0.901571,-0.242002,-0.032023,0.274193,-0.035008,-0.960504,3.818779,0.000000
203514,-0.001020,0.901572,-0.241997,-0.031993,0.274234,-0.034837,-0.960499,4.122963,-0.000343
203517,-0.001070,0.901575,-0.241993,-0.032034,0.274424,-0.035051,-0.960436,4.411011,-0.000343
203521,-0.001031,0.901573,-0.242009,-0.032033,0.274022,-0.034920,-0.960555,4.781113,-0.000343
203525,-0.001123,0.901579,-0.242004,-0.032142,0.274379,-0.035342,-0.960434,5.137825,-0.000343
203528,-0.001152,0.901580,-0.241997,-0.032137,0.274451,-0.035219,-0.960418,5.477028,0.000000
203532,-0.001110,0.901578,-0.242012,-0.032196,0.273892,-0.035343,-0.960571,5.883865,-0.000343
203535,-0.001142,0.901574,-0.242001,-0.032178,0.274002,-0.035222,-0.960545,6.286240,-0.000343
203539,-0.001227,0.901577,-0.241981,-0.032289,0.274301,-0.035662,-0.960440,6.711617,-0.000343
203542,-0.001204,0.901579,-0.241985,-0.032283,0.274154,-0.035444,-0.960490,7.188148,-0.000343
203546,-0.001249,0.901577,-0.241969,-0.032335,0.274159,-0.035726,-0.960476,7.640305,-0.000343
203549,-0.001293,0.901579,-0.241964,-0.032369,0.274344,-0.035685,-0.960424,8.128510,-0.000343
203553,-0.001274,0.901579,-0.241968,-0.032460,0.273937,-0.035743,-0.960535,8.573112,-0.000343
203557,-0.001376,0.901582,-0.241944,-0.032548,0.274410,-0.035736,-0.960397,9.094620,0.000000
203560,-0.001428,0.901581,-0.241938,-0.032583,0.274364,-0.036136,-0.960394,9.650803,0.000000
203564,-0.001402,0.901578,-0.241943,-0.032645,0.273983,-0.035793,-0.960514,10.227585,-0.000343
203567,-0.001463,0.901587,-0.241926,-0.032734,0.274059,-0.036208,-0.960474,10.862045,-0.000343
203571,-0.001538,0.901583,-0.241902,-0.032860,0.274365,-0.036225,-0.960381,11.440544,0.000000
203574,-0.001568,0.901583,-0.241890,-0.032918,0.274129,-0.036558,-0.960434,12.040329,-0.000343
203578,-0.001633,0.901581,-0.241868,-0.033026,0.274253,-0.036530,-0.960396,12.638741,-0.000343
203581,-0.001710,0.901588,-0.241851,-0.033130,0.274369,-0.036895,-0.960345,13.306847,-0.000343
203585,-0.001763,0.901582,-0.241837,-0.033378,0.274059,-0.037014,-0.960420,13.979759,-0.000343
203588,-0.001862,0.901587,-0.241814,-0.033534,0.274026,-0.037465,-0.960407,14.721680,-0.000343
203592,-0.002065,0.901585,-0.241767,-0.033782,0.274481,-0.037980,-0.960248,15.414848,-0.000343
203596,-0.002139,0.901577,-0.241741,-0.034083,0.274016,-0.038426,-0.960353,16.120720,-0.000343
203599,-0.002211,0.901579,-0.241722,-0.034158,0.274169,-0.038451,-0.960305,16.850967,-0.000343
203603,-0.002314,0.901586,-0.241690,-0.034315,0.274370,-0.038988,-0.960221,17.525940,-0.000343
203606,-0.002315,0.901580,-0.241685,-0.034369,0.274255,-0.038834,-0.960258,18.285370,0.000000
203610,-0.002452,0.901585,-0.241646,-0.034661,0.274351,-0.039524,-0.960192,19.048576,-0.000343
203613,-0.002627,0.901583,-0.241583,-0.035008,0.274481,-0.039847,-0.960129,19.907913,0.000000
203617,-0.002782,0.901574,-0.241526,-0.035446,0.274044,-0.040420,-0.960213,20.704079,-0.000343
203620,-0.002930,0.901569,-0.241479,-0.035724,0.274146,-0.040631,-0.960165,21.435356,-0.000343
203624,-0.003230,0.901565,-0.241393,-0.036168,0.274629,-0.041480,-0.959974,22.259674,-0.000343
203628,-0.003390,0.901561,-0.241340,-0.036598,0.274290,-0.041733,-0.960044,23.098412,-0.000343
203631,-0.003585,0.901559,-0.241285,-0.036924,0.274365,-0.042503,-0.959976,24.022980,-0.000343
203635,-0.003823,0.901553,-0.241211,-0.037355,0.274737,-0.043033,-0.959829,24.874420,-0.000343
203638,-0.003970,0.901550,-0.241153,-0.037716,0.274480,-0.043784,-0.959855,25.747147,-0.000343
203641,-0.004136,0.901529,-0.241079,-0.038164,0.274377,-0.044283,-0.959844,26.542969,-0.000343
203645,-0.004403,0.901527,-0.240985,-0.038607,0.274764,-0.044950,-0.959684,27.425995,0.000000
203649,-0.004583,0.901513,-0.240908,-0.039091,0.274455,-0.045379,-0.959733,28.317604,-0.000343
203652,-0.004777,0.901514,-0.240845,-0.039494,0.274473,-0.046032,-0.959680,29.315300,-0.000343
203656,-0.005081,0.901513,-0.240766,-0.039908,0.274894,-0.046824,-0.959504,30.232315,-0.000343
203659,-0.005277,0.901510,-0.240716,-0.040337,0.274850,-0.047509,-0.959465,31.149330,-0.000343
203663,-0.005534,0.901503,-0.240641,-0.040827,0.274682,-0.048163,-0.959460,32.080765,-0.000343
203667,-0.005851,0.901502,-0.240562,-0.041340,0.274916,-0.049281,-0.959314,32.930832,-0.000343
203670,-0.006032,0.901491,-0.240498,-0.041716,0.274862,-0.049663,-0.959294,33.966637,-0.000343
203674,-0.006334,0.901483,-0.240396,-0.042267,0.275027,-0.050731,-0.959166,34.916267,-0.000343
203677,-0.006572,0.901487,-0.240311,-0.042712,0.275282,-0.051355,-0.959040,35.780411,-0.000343
203681,-0.006876,0.901472,-0.240209,-0.043509,0.274864,-0.052487,-0.959063,36.736908,0.000000
203684,-0.007149,0.901450,-0.240119,-0.043988,0.274917,-0.053171,-0.958988,37.807732,-0.000343
203688,-0.007534,0.901440,-0.240015,-0.044668,0.275276,-0.054315,-0.958790,38.769722,-0.000343
203691,-0.007719,0.901427,-0.239969,-0.045015,0.275204,-0.054724,-0.958771,39.757118,-0.000343
203695,-0.007958,0.901415,-0.239914,-0.045481,0.275055,-0.055426,-0.958751,40.642891,-0.000343
203699,-0.008272,0.901391,-0.239830,-0.046122,0.275216,-0.056258,-0.958626,41.619644,-0.000343
203702,-0.008496,0.901382,-0.239757,-0.046614,0.275057,-0.057180,-0.958593,42.615967,-0.000343
203706,-0.008808,0.901373,-0.239652,-0.047159,0.275422,-0.057830,-0.958423,43.705330,-0.000343
203709,-0.009027,0.901366,-0.239575,-0.047605,0.275526,-0.058647,-0.958321,44.693069,0.000000
203713,-0.009231,0.901350,-0.239488,-0.048167,0.275256,-0.059139,-0.958341,45.693512,-0.000343
203716,-0.009440,0.901340,-0.239425,-0.048584,0.275280,-0.059873,-0.958267,46.589241,-0.000343
203720,-0.009723,0.901332,-0.239351,-0.048993,0.275686,-0.060579,-0.958085,47.590370,0.000000
203723,-0.009929,0.901321,-0.239301,-0.049393,0.275617,-0.061364,-0.958035,48.680420,-0.000343
203727,-0.010236,0.901293,-0.239219,-0.049974,0.275454,-0.062089,-0.958004,49.691162,-0.000343
203731,-0.010550,0.901287,-0.239139,-0.050557,0.275595,-0.063322,-0.957853,50.693665,0.000000
203734,-0.010787,0.901272,-0.239062,-0.051020,0.275518,-0.063789,-0.957819,51.692734,-0.000343
203738,-0.011142,0.901256,-0.238947,-0.051696,0.275681,-0.064987,-0.957655,52.598763,0.000000
203741,-0.011349,0.901254,-0.238875,-0.051981,0.275790,-0.065470,-0.957576,53.592339,-0.000343
203745,-0.011586,0.901233,-0.238786,-0.052608,0.275395,-0.066394,-0.957592,54.691315,-0.000343
203748,-0.011804,0.901212,-0.238709,-0.052929,0.275442,-0.066927,-0.957523,55.673218,0.000000
203752,-0.012147,0.901186,-0.238608,-0.053584,0.275921,-0.068013,-0.957272,56.675034,-0.000343
203755,-0.012332,0.901164,-0.238554,-0.053962,0.275829,-0.068452,-0.957247,57.577629,0.000000
203759,-0.012580,0.901145,-0.238490,-0.054490,0.275830,-0.069232,-0.957160,58.551636,0.000000
203763,-0.012793,0.901130,-0.238444,-0.054850,0.275896,-0.069677,-0.957088,59.543839,0.000000
203766,-0.012988,0.901113,-0.238402,-0.055242,0.275719,-0.070488,-0.957057,60.617752,-0.000343
203770,-0.013319,0.901086,-0.238298,-0.055931,0.276177,-0.071275,-0.956827,61.594162,-0.000343
203773,-0.013538,0.901069,-0.238235,-0.056304,0.276218,-0.072112,-0.956731,62.571602,0.000000
203777,-0.013712,0.901042,-0.238150,-0.056792,0.276005,-0.072415,-0.956740,63.435402,-0.000343
203780,-0.013894,0.901030,-0.238092,-0.057096,0.276004,-0.073131,-0.956668,64.396706,-0.000343
203784,-0.014183,0.901002,-0.238004,-0.057596,0.276282,-0.073803,-0.956506,65.443153,-0.000343
203787,-0.014376,0.900986,-0.237944,-0.058008,0.276110,-0.074564,-0.956472,66.393814,-0.000343
203791,-0.014633,0.900962,-0.237871,-0.058448,0.276147,-0.075138,-0.956390,67.338982,-0.000343
203794,-0.014847,0.900950,-0.237809,-0.058826,0.276227,-0.075851,-0.956287,68.267670,0.000000
203798,-0.015108,0.900924,-0.237742,-0.059355,0.276108,-0.076509,-0.956236,69.107780,-0.000343
203801,-0.015302,0.900907,-0.237688,-0.059719,0.276088,-0.077191,-0.956164,70.034409,0.000000
203805,-0.015619,0.900878,-0.237605,-0.060256,0.276536,-0.078013,-0.955935,71.034851,-0.000343
203809,-0.015823,0.900861,-0.237523,-0.060855,0.276095,-0.078842,-0.955956,71.932983,-0.000343
203812,-0.016005,0.900836,-0.237451,-0.061245,0.276253,-0.079185,-0.955857,72.828369,-0.000343
203816,-0.016320,0.900797,-0.237349,-0.061773,0.276468,-0.080318,-0.955667,73.713112,-0.000343
203819,-0.016493,0.900784,-0.237285,-0.062112,0.276353,-0.080649,-0.955650,74.508591,-0.000343
203823,-0.016814,0.900753,-0.237198,-0.062686,0.276297,-0.081767,-0.955534,75.361404,-0.000343
203826,-0.017105,0.900728,-0.237115,-0.063264,0.276543,-0.082584,-0.955354,76.210442,-0.000343
203830,-0.017391,0.900699,-0.237038,-0.063832,0.276228,-0.083542,-0.955324,77.053642,0.000000
203833,-0.017599,0.900679,-0.236983,-0.064234,0.276256,-0.084108,-0.955239,77.980270,-0.000343
203837,-0.017973,0.900646,-0.236890,-0.064740,0.276735,-0.085259,-0.954965,78.801842,0.000000
203841,-0.018168,0.900618,-0.236828,-0.065241,0.276505,-0.085651,-0.954962,79.524193,-0.000343
203844,-0.018339,0.900598,-0.236776,-0.065615,0.276582,-0.086322,-0.954854,80.320702,-0.000343
203848,-0.018565,0.900568,-0.236708,-0.065959,0.276860,-0.086826,-0.954704,81.173172,-0.000343
203851,-0.018698,0.900546,-0.236650,-0.066317,0.276648,-0.087421,-0.954686,81.938095,-0.000343
203855,-0.018908,0.900512,-0.236571,-0.066790,0.276739,-0.087839,-0.954588,82.613068,-0.000343
203858,-0.019132,0.900475,-0.236503,-0.067235,0.276859,-0.088566,-0.954455,83.350525,0.000000
203862,-0.019379,0.900438,-0.236424,-0.067779,0.276628,-0.089133,-0.954431,84.156303,-0.000343
203865,-0.019556,0.900417,-0.236388,-0.068115,0.276657,-0.089735,-0.954342,84.875565,0.000000
203869,-0.019818,0.900389,-0.236333,-0.068472,0.277057,-0.090465,-0.954132,85.572853,0.000000
203873,-0.019954,0.900371,-0.236299,-0.068814,0.276623,-0.091101,-0.954172,86.177444,-0.000343
203876,-0.020119,0.900349,-0.236249,-0.069157,0.276734,-0.091482,-0.954079,86.832161,0.000000
203880,-0.020416,0.900316,-0.236150,-0.069703,0.276950,-0.092578,-0.953871,87.546616,-0.000343
203883,-0.020566,0.900295,-0.236086,-0.070085,0.276875,-0.092818,-0.953841,88.091469,0.000000
203887,-0.020783,0.900265,-0.235999,-0.070559,0.276961,-0.093628,-0.953702,88.760262,0.000000
203890,-0.020948,0.900247,-0.235945,-0.070803,0.277081,-0.093950,-0.953618,89.311638,-0.000343
203894,-0.021109,0.900228,-0.235892,-0.071156,0.276698,-0.094666,-0.953632,89.913826,-0.000343
203897,-0.021246,0.900201,-0.235855,-0.071480,0.276718,-0.094912,-0.953577,90.533524,-0.000343
203901,-0.021476,0.900189,-0.235831,-0.071735,0.277197,-0.095566,-0.953354,91.068420,-0.000343
203904,-0.021568,0.900176,-0.235817,-0.071959,0.277112,-0.095788,-0.953339,91.554565,-0.000343
203908,-0.021695,0.900153,-0.235784,-0.072177,0.276923,-0.096194,-0.953337,91.976509,-0.000343
203912,-0.021850,0.900131,-0.235736,-0.072463,0.277163,-0.096440,-0.953220,92.484970,-0.000343
203915,-0.021933,0.900118,-0.235694,-0.072653,0.276976,-0.096849,-0.953219,92.954979,-0.000343
203919,-0.022078,0.900087,-0.235632,-0.072908,0.277171,-0.097063,-0.953121,93.389969,-0.000343
203922,-0.022198,0.900066,-0.235579,-0.073134,0.277269,-0.097622,-0.953018,93.803673,-0.000343
203926,-0.022273,0.900052,-0.235545,-0.073390,0.277060,-0.097736,-0.953047,94.242783,-0.000343
203929,-0.022371,0.900044,-0.235509,-0.073563,0.277020,-0.098146,-0.953004,94.630051,-0.000343
203933,-0.022570,0.900020,-0.235459,-0.073829,0.277439,-0.098603,-0.952814,94.992943,-0.000343
203937,-0.022650,0.900006,-0.235434,-0.074093,0.276997,-0.099076,-0.952873,95.318069,0.000000
203940,-0.022763,0.899994,-0.235410,-0.074236,0.277177,-0.099239,-0.952792,95.640450,-0.000343
203943,-0.022882,0.899981,-0.235386,-0.074434,0.277334,-0.099555,-0.952699,95.951500,0.000000
203947,-0.022962,0.899967,-0.235364,-0.074549,0.277228,-0.099834,-0.952691,96.246414,-0.000343
203951,-0.023059,0.899956,-0.235344,-0.074747,0.277328,-0.100202,-0.952608,96.548195,0.000000
203954,-0.023124,0.899947,-0.235319,-0.074844,0.277483,-0.100278,-0.952547,96.856155,0.000000
203958,-0.023147,0.899939,-0.235307,-0.075029,0.277071,-0.100649,-0.952613,97.107124,-0.000343
203961,-0.023182,0.899933,-0.235286,-0.075112,0.277109,-0.100664,-0.952594,97.351570,-0.000343
203965,-0.023307,0.899915,-0.235252,-0.075265,0.277445,-0.101105,-0.952438,97.561340,-0.000343
203968,-0.023326,0.899911,-0.235236,-0.075341,0.277364,-0.101087,-0.952457,97.759781,-0.000343
203972,-0.023355,0.899911,-0.235221,-0.075453,0.277299,-0.101291,-0.952445,97.976761,-0.000343
203976,-0.023415,0.899900,-0.235197,-0.075509,0.277403,-0.101337,-0.952406,98.133316,-0.000343
203979,-0.023430,0.899899,-0.235189,-0.075617,0.277249,-0.101612,-0.952413,98.336906,-0.000343
203983,-0.023486,0.899888,-0.235157,-0.075665,0.277428,-0.101493,-0.952370,98.517838,-0.000343
203986,-0.023552,0.899879,-0.235139,-0.075716,0.277504,-0.101872,-0.952303,98.683319,-0.000343
203990,-0.023536,0.899877,-0.235131,-0.075846,0.277157,-0.101651,-0.952417,98.817558,-0.000343
203993,-0.023588,0.899875,-0.235130,-0.075848,0.277180,-0.101926,-0.952381,98.946304,-0.000343
203997,-0.023675,0.899861,-0.235123,-0.075915,0.277448,-0.102025,-0.952287,99.079170,-0.000343
204000,-0.023706,0.899866,-0.235137,-0.075947,0.277425,-0.102193,-0.952273,99.175644,-0.000343
204004,-0.023727,0.899862,-0.235144,-0.076011,0.277315,-0.102115,-0.952308,99.277954,-0.000343
204008,-0.023786,0.899852,-0.235140,-0.076132,0.277336,-0.102501,-0.952251,99.365845,-0.000343
204011,-0.023781,0.899857,-0.235156,-0.076093,0.277298,-0.102317,-0.952285,99.452705,-0.000343
204015,-0.023826,0.899850,-0.235136,-0.076200,0.277396,-0.102692,-0.952208,99.529610,-0.000343
204018,-0.023839,0.899852,-0.235123,-0.076214,0.277516,-0.102539,-0.952188,99.609947,-0.000343
204022,-0.023809,0.899852,-0.235110,-0.076275,0.277121,-0.102698,-0.952281,99.669685,-0.000343
204025,-0.023809,0.899839,-0.235084,-0.076284,0.277138,-0.102534,-0.952293,99.732857,-0.000343
204029,-0.023886,0.899827,-0.235044,-0.076364,0.277464,-0.102945,-0.952147,99.782295,-0.000343
204032,-0.023866,0.899829,-0.235039,-0.076380,0.277366,-0.102801,-0.952190,99.830360,-0.000343
204036,-0.023873,0.899826,-0.235044,-0.076416,0.277273,-0.102929,-0.952200,99.860916,-0.000343
204039,-0.023907,0.899827,-0.235045,-0.076420,0.277452,-0.102869,-0.952155,99.888725,-0.000343
204043,-0.023901,0.899833,-0.235069,-0.076431,0.277168,-0.102925,-0.952230,99.908981,-0.000343
204046,-0.023901,0.899828,-0.235078,-0.076451,0.277111,-0.102833,-0.952255,99.925117,-0.000343
204050,-0.023999,0.899826,-0.235069,-0.076443,0.277504,-0.103122,-0.952110,99.941597,-0.000343
204054,-0.023939,0.899830,-0.235083,-0.076470,0.277168,-0.102707,-0.952251,99.963570,-0.000343
204057,-0.023954,0.899830,-0.235078,-0.076474,0.277158,-0.102927,-0.952230,99.982109,-0.000343
204061,-0.023978,0.899835,-0.235058,-0.076432,0.277473,-0.102870,-0.952147,99.995842,-0.000343
204064,-0.023965,0.899820,-0.235049,-0.076502,0.277390,-0.103009,-0.952151,100.003052,-0.000343
204068,-0.023932,0.899822,-0.235041,-0.076482,0.277294,-0.102796,-0.952204,100.006142,-0.000343
204071,-0.023966,0.899819,-0.235030,-0.076491,0.277430,-0.102995,-0.952142,100.007172,-0.000343
204075,-0.023934,0.899816,-0.235038,-0.076542,0.277247,-0.102804,-0.952212,100.007858,-0.000343
204078,-0.023929,0.899824,-0.235046,-0.076519,0.277140,-0.102853,-0.952239,100.007858,-0.000343
204082,-0.024008,0.899823,-0.235046,-0.076492,0.277538,-0.102960,-0.952114,100.007858,-0.000343
204086,-0.023963,0.899824,-0.235071,-0.076538,0.277042,-0.103032,-0.952247,100.007858,0.000000
204089,-0.023966,0.899823,-0.235074,-0.076515,0.277149,-0.102905,-0.952231,100.007858,0.000000
204093,-0.024044,0.899822,-0.235059,-0.076552,0.277477,-0.103278,-0.952093,100.007515,-0.000343
204096,-0.024010,0.899825,-0.235064,-0.076514,0.277337,-0.102954,-0.952171,100.007858,-0.000343
204100,-0.024009,0.899818,-0.235053,-0.076534,0.277277,-0.103143,-0.952167,100.007858,-0.000343
204103,-0.024009,0.899824,-0.235043,-0.076498,0.277472,-0.103069,-0.952121,100.007515,-0.000343
204107,-0.023965,0.899820,-0.235041,-0.076553,0.277112,-0.103145,-0.952213,100.007858,0.000000
204110,-0.023951,0.899822,-0.235035,-0.076538,0.277082,-0.103012,-0.952238,100.007515,-0.000343
204114,-0.024031,0.899817,-0.235015,-0.076572,0.277516,-0.103261,-0.952081,100.007515,-0.000343
204118,-0.023959,0.899821,-0.235020,-0.076588,0.277179,-0.102792,-0.952229,100.007172,-0.000343
204121,-0.023984,0.899822,-0.235025,-0.076578,0.277191,-0.103078,-0.952195,100.006485,0.000000
204125,-0.024024,0.899820,-0.235025,-0.076569,0.277539,-0.102912,-0.952113,100.005798,0.000000
204128,-0.024018,0.899822,-0.235037,-0.076569,0.277313,-0.103125,-0.952155,100.004425,0.000000
204132,-0.024010,0.899825,-0.235053,-0.076537,0.277317,-0.102863,-0.952185,100.002708,-0.000343
204135,-0.024056,0.899823,-0.235051,-0.076544,0.277460,-0.103142,-0.952113,100.000992,0.000000
204139,-0.024014,0.899826,-0.235069,-0.076509,0.277184,-0.102828,-0.952230,99.999619,0.000000
204142,-0.024013,0.899823,-0.235077,-0.076549,0.277126,-0.102989,-0.952226,99.998245,-0.000343
204146,-0.024077,0.899825,-0.235071,-0.076501,0.277672,-0.102958,-0.952075,99.997902,-0.000343
204149,-0.024062,0.899825,-0.235073,-0.076517,0.277638,-0.103074,-0.952071,99.997902,-0.000343
204153,-0.023988,0.899823,-0.235069,-0.076534,0.277154,-0.102825,-0.952237,99.997559,-0.000343
204156,-0.024008,0.899826,-0.235052,-0.076527,0.277325,-0.102938,-0.952176,99.997559,0.000000
204160,-0.024002,0.899821,-0.235040,-0.076564,0.277337,-0.102938,-0.952169,99.997559,-0.000343
204164,-0.024018,0.899815,-0.235032,-0.076570,0.277302,-0.103175,-0.952153,99.997559,0.000000
204167,-0.024027,0.899819,-0.235032,-0.076542,0.277510,-0.103013,-0.952112,99.997215,0.000000
204171,-0.023988,0.899818,-0.235048,-0.076593,0.277118,-0.103152,-0.952207,99.997215,0.000000
204174,-0.023972,0.899830,-0.235058,-0.076546,0.277123,-0.102936,-0.952233,99.997215,-0.000343
204178,-0.024063,0.899815,-0.235047,-0.076532,0.277502,-0.103351,-0.952079,99.997215,-0.000343
204181,-0.024060,0.899826,-0.235061,-0.076570,0.277591,-0.103141,-0.952073,99.997215,-0.000343
204185,-0.024018,0.899825,-0.235067,-0.076550,0.277191,-0.103154,-0.952189,99.997559,0.000000
204189,-0.024054,0.899822,-0.235065,-0.076513,0.277485,-0.103007,-0.952123,99.997215,0.000000
204192,-0.024029,0.899827,-0.235074,-0.076532,0.277275,-0.103143,-0.952168,99.997559,-0.000343
204196,-0.024014,0.899827,-0.235070,-0.076511,0.277374,-0.102932,-0.952163,99.997215,-0.000343
204199,-0.024054,0.899822,-0.235056,-0.076497,0.277433,-0.103249,-0.952113,99.997215,0.000000
204203,-0.023993,0.899819,-0.235052,-0.076564,0.277221,-0.102848,-0.952212,99.997559,0.000000
204206,-0.023999,0.899821,-0.235042,-0.076558,0.277114,-0.103036,-0.952224,99.997559,0.000000
204210,-0.024058,0.899822,-0.235039,-0.076519,0.277691,-0.102932,-0.952070,99.997559,0.000000
204213,-0.024041,0.899817,-0.235032,-0.076575,0.277496,-0.103161,-0.952098,99.997559,0.000000
204217,-0.023976,0.899824,-0.235054,-0.076532,0.277216,-0.102843,-0.952217,99.997215,-0.000343
204221,-0.024032,0.899821,-0.235054,-0.076581,0.277455,-0.103220,-0.952103,99.997215,0.000000
204224,-0.024009,0.899821,-0.235065,-0.076528,0.277320,-0.102906,-0.952180,99.997559,0.000000
204228,-0.024033,0.899824,-0.235070,-0.076519,0.277338,-0.103173,-0.952147,99.997559,-0.000343
204231,-0.024046,0.899823,-0.235062,-0.076521,0.277530,-0.103054,-0.952104,99.997559,0.000000
204235,-0.023994,0.899827,-0.235075,-0.076556,0.277123,-0.103179,-0.952206,99.997559,0.000000
204238,-0.023968,0.899825,-0.235073,-0.076520,0.277089,-0.102892,-0.952250,99.997559,0.000000
204242,-0.024041,0.899822,-0.235042,-0.076548,0.277517,-0.103318,-0.952077,99.997215,-0.000343
204245,-0.024016,0.899821,-0.235036,-0.076547,0.277449,-0.103039,-0.952127,99.997559,0.000000
204249,-0.023991,0.899817,-0.235029,-0.076568,0.277207,-0.103177,-0.952181,99.997559,0.000000
204252,-0.024009,0.899815,-0.235026,-0.076580,0.277397,-0.103056,-0.952138,99.997559,0.000000
204256,-0.024004,0.899817,-0.235035,-0.076587,0.277323,-0.103212,-0.952142,99.997902,0.000000
204260,-0.024009,0.899822,-0.235047,-0.076526,0.277390,-0.102932,-0.952157,99.997902,0.000000
204263,-0.024044,0.899818,-0.235057,-0.076555,0.277477,-0.103265,-0.952094,99.997902,0.000000
204267,-0.024000,0.899822,-0.235077,-0.076534,0.277184,-0.102853,-0.952225,99.997902,0.000000
204270,-0.024012,0.899824,-0.235081,-0.076516,0.277098,-0.103099,-0.952225,99.997559,0.000000
204274,-0.024087,0.899822,-0.235078,-0.076493,0.277676,-0.102943,-0.952076,99.998245,0.000000
204277,-0.024078,0.899820,-0.235065,-0.076567,0.277478,-0.103183,-0.952101,99.997902,0.000000
204281,-0.024021,0.899825,-0.235072,-0.076511,0.277226,-0.102848,-0.952215,99.998245,-0.000343
204284,-0.024064,0.899819,-0.235056,-0.076513,0.277328,-0.103108,-0.952157,99.998589,0.000000
204288,-0.024042,0.899821,-0.235058,-0.076515,0.277308,-0.102933,-0.952182,99.998245,-0.000343
204292,-0.024070,0.899814,-0.235048,-0.076536,0.277350,-0.103185,-0.952141,99.998589,0.000000
204295,-0.024077,0.899824,-0.235046,-0.076520,0.277659,-0.102993,-0.952073,99.998589,0.000000
204298,-0.024065,0.899815,-0.235038,-0.076504,0.277577,-0.103091,-0.952087,99.998589,0.000000
204302,-0.023975,0.899820,-0.235038,-0.076539,0.277131,-0.102877,-0.952238,99.998589,-0.000343
204306,-0.024032,0.899816,-0.235011,-0.076556,0.277505,-0.103307,-0.952081,99.998932,0.000000
204309,-0.024009,0.899809,-0.235004,-0.076535,0.277416,-0.103006,-0.952141,99.998589,-0.000343
204313,-0.023996,0.899808,-0.234994,-0.076598,0.277231,-0.103212,-0.952168,99.999275,0.000000
204316,-0.024010,0.899809,-0.234998,-0.076536,0.277400,-0.102996,-0.952147,99.998932,0.000000
204320,-0.024018,0.899810,-0.235018,-0.076592,0.277271,-0.103263,-0.952151,99.998932,0.000000
204324,-0.024021,0.899820,-0.235056,-0.076505,0.277379,-0.102971,-0.952158,99.999275,0.000000
204327,-0.024070,0.899820,-0.235078,-0.076505,0.277557,-0.103313,-0.952069,99.999275,0.000000
204331,-0.024002,0.899826,-0.235101,-0.076489,0.277143,-0.102880,-0.952238,99.999275,-0.000343
204334,-0.024004,0.899826,-0.235102,-0.076541,0.277102,-0.103140,-0.952218,99.999275,0.000000
204338,-0.024062,0.899820,-0.235074,-0.076522,0.277707,-0.103061,-0.952051,99.999619,0.000000
204341,-0.024026,0.899812,-0.235053,-0.076561,0.277481,-0.103264,-0.952092,99.999619,0.000000
204345,-0.023947,0.899813,-0.235030,-0.076539,0.277268,-0.102875,-0.952198,99.999619,0.000000
204348,-0.023965,0.899808,-0.235003,-0.076583,0.277415,-0.103082,-0.952129,99.999962,0.000000
204352,-0.023914,0.899813,-0.234999,-0.076544,0.277298,-0.102829,-0.952194,99.999619,0.000000
204355,-0.023917,0.899809,-0.234997,-0.076632,0.277169,-0.103007,-0.952205,99.999962,0.000000
204359,-0.024003,0.899805,-0.235001,-0.076545,0.277640,-0.102944,-0.952082,99.999962,0.000000
204362,-0.024049,0.899814,-0.235023,-0.076538,0.277659,-0.103115,-0.952058,99.999962,0.000000
204366,-0.024012,0.899818,-0.235052,-0.076540,0.277162,-0.102845,-0.952232,99.999962,0.000000
204369,-0.024057,0.899819,-0.235067,-0.076538,0.277269,-0.103003,-0.952184,100.000305,0.000000
204373,-0.024102,0.899828,-0.235082,-0.076473,0.277514,-0.102948,-0.952124,100.000305,0.000000
204375,-0.024119,0.899817,-0.235067,-0.076507,0.277512,-0.103206,-0.952094,100.000305,0.000000
204375,-0.024119,0.899817,-0.235067,-0.076507,0.277512,-0.103206,-0.952094,100.000305,0.000000
204375,-0.024119,0.899817,-0.235067,-0.076507,0.277512,-0.103206,-0.952094,100.000305,0.000000
204375,-0.024119,0.899817,-0.235067,-0.076507,0.277512,-0.103206,-0.952094,100.000305,0.000000
204375,-0.024119,0.899817,-0.235067,-0.076507,0.277512,-0.103206,-0.952094,100.000305,0.000000
204375,-0.024119,0.899817,-0.235067,-0.076507,0.277512,-0.103206,-0.952094,100.000648,0.000000
204375,-0.024119,0.899817,-0.235067,-0.076507,0.277512,-0.103206,-0.952094,100.000648,0.000000
204375,-0.024119,0.899817,-0.235067,-0.076507,0.277512,-0.103206,-0.952094,100.000648,0.000000
204375,-0.024119,0.899817,-0.235067,-0.076507,0.277512,-0.103206,-0.952094,100.000648,0.000000
204375,-0.024119,0.899817,-0.235067,-0.076507,0.277512,-0.103206,-0.952094,100.000648,0.000000
204375,-0.024119,0.899817,-0.235067,-0.076507,0.277512,-0.103206,-0.952094,100.000648,0.000000
204375,-0.024119,0.899817,-0.235067,-0.076507,0.277512,-0.103206,-0.952094,100.000992,0.000000
204375,-0.024119,0.899817,-0.235067,-0.076507,0.277512,-0.103206,-0.952094,100.000648,0.000343
204375,-0.024119,0.899817,-0.235067,-0.076507,0.277512,-0.103206,-0.952094,100.000648,0.000000
204375,-0.024119,0.899817,-0.235067,-0.076507,0.277512,-0.103206,-0.952094,100.000648,-0.000343
204375,-0.024119,0.899817,-0.235067,-0.076507,0.277512,-0.103206,-0.952094,100.000648,0.000000
204375,-0.024119,0.899817,-0.235067,-0.076507,0.277512,-0.103206,-0.952094,100.000648,0.000000
204375,-0.024119,0.899817,-0.235067,-0.076507,0.277512,-0.103206,-0.952094,100.000648,0.000000
204375,-0.024119,0.899817,-0.235067,-0.076507,0.277512,-0.103206,-0.952094,100.000648,0.000000
204375,-0.024119,0.899817,-0.235067,-0.076507,0.277512,-0.103206,-0.952094,100.000648,0.000000
204375,-0.024119,0.899817,-0.235067,-0.076507,0.277512,-0.103206,-0.952094,100.000648,0.000000
204375,-0.024119,0.899817,-0.235067,-0.076507,0.277512,-0.103206,-0.952094,100.000648,0.000000
204375,-0.024119,0.899817,-0.235067,-0.076507,0.277512,-0.103206,-0.952094,100.000648,0.000000
204375,-0.024119,0.899817,-0.235067,-0.076507,0.277512,-0.103206,-0.952094,100.000992,0.000000
204375,-0.024119,0.899817,-0.235067,-0.076507,0.277512,-0.103206,-0.952094,100.000648,0.000343
204375,-0.024119,0.899817,-0.235067,-0.076507,0.277512,-0.103206,-0.952094,100.000648,0.000343
204375,-0.024119,0.899817,-0.235067,-0.076507,0.277512,-0.103206,-0.952094,100.000648,0.000000
204375,-0.024119,0.899817,-0.235067,-0.076507,0.277512,-0.103206,-0.952094,100.000648,0.000000
204375,-0.024119,0.899817,-0.235067,-0.076507,0.277512,-0.103206,-0.952094,100.000648,0.000000
204375,-0.024119,0.899817,-0.235067,-0.076507,0.277512,-0.103206,-0.952094,100.000648,0.000343
204483,-0.023957,0.899812,-0.235032,-0.076593,0.277112,-0.103157,-0.952209,100.000648,0.000000
204487,-0.024010,0.899803,-0.235018,-0.076539,0.277606,-0.103000,-0.952086,100.000648,0.000000
204490,-0.024022,0.899805,-0.235017,-0.076581,0.277525,-0.103278,-0.952076,100.000648,0.000000
204494,-0.023969,0.899811,-0.235030,-0.076555,0.277196,-0.102830,-0.952223,99.999962,0.000343
204498,-0.024036,0.899808,-0.235032,-0.076519,0.277510,-0.103144,-0.952100,100.000648,0.000343
204501,-0.024032,0.899808,-0.235040,-0.076559,0.277442,-0.102906,-0.952142,100.000992,0.000000
204504,-0.024019,0.899815,-0.235049,-0.076540,0.277205,-0.103150,-0.952186,100.000648,0.000000
204508,-0.024034,0.899817,-0.235052,-0.076492,0.277450,-0.102964,-0.952139,100.000648,0.000343
204512,-0.024016,0.899811,-0.235051,-0.076562,0.277231,-0.103073,-0.952186,100.000992,0.000343
204515,-0.023984,0.899808,-0.235053,-0.076513,0.277188,-0.102792,-0.952232,100.000648,0.000343
204518,-0.023994,0.899813,-0.235036,-0.076540,0.277194,-0.102976,-0.952209,100.000992,0.000000
204518,-0.023994,0.899813,-0.235036,-0.076540,0.277194,-0.102976,-0.952209,100.000992,0.000000
204518,-0.023994,0.899813,-0.235036,-0.076540,0.277194,-0.102976,-0.952209,100.000992,0.000000
204518,-0.023994,0.899813,-0.235036,-0.076540,0.277194,-0.102976,-0.952209,100.000992,0.000000
204518,-0.023994,0.899813,-0.235036,-0.076540,0.277194,-0.102976,-0.952209,100.000992,0.000000
204518,-0.023994,0.899813,-0.235036,-0.076540,0.277194,-0.102976,-0.952209,100.000992,0.000000
204518,-0.023994,0.899813,-0.235036,-0.076540,0.277194,-0.102976,-0.952209,100.000992,0.000000
204518,-0.023994,0.899813,-0.235036,-0.076540,0.277194,-0.102976,-0.952209,100.000992,0.000000
204518,-0.023994,0.899813,-0.235036,-0.076540,0.277194,-0.102976,-0.952209,100.000992,0.000000
204518,-0.023994,0.899813,-0.235036,-0.076540,0.277194,-0.102976,-0.952209,100.000992,0.000000
204518,-0.023994,0.899813,-0.235036,-0.076540,0.277194,-0.102976,-0.952209,100.000992,0.000000
204518,-0.023994,0.899813,-0.235036,-0.076540,0.277194,-0.102976,-0.952209,100.000992,0.000000
