0,0.000000,0.000000,0.000000,0.000000,0.000000,0.000000,0.000000,0.000000,0.000000
0,0.000000,0.000000,0.000000,0.000000,0.000000,0.000000,0.000000,0.000000,0.000000
0,0.000000,0.000000,0.000000,0.000000,0.000000,0.000000,0.000000,0.000000,0.000000
0,0.000000,0.000000,0.000000,0.000000,0.000000,0.000000,0.000000,0.000000,0.000000
0,0.000000,0.000000,0.000000,0.000000,0.000000,0.000000,0.000000,0.000000,0.000000
0,0.000000,0.000000,0.000000,0.000000,0.000000,0.000000,0.000000,0.000000,0.000000
0,0.000000,0.000000,0.000000,0.000000,0.000000,0.000000,0.000000,0.000000,0.000000
0,0.000000,0.000000,0.000000,0.000000,0.000000,0.000000,0.000000,0.000000,0.000000
0,0.000000,0.000000,0.000000,0.000000,0.000000,0.000000,0.000000,0.000000,0.000000
0,0.000000,0.000000,0.000000,0.000000,0.000000,0.000000,0.000000,0.000000,0.000000
0,0.000000,0.000000,0.000000,0.000000,0.000000,0.000000,0.000000,0.000000,0.000000
0,0.000000,0.000000,0.000000,0.000000,0.000000,0.000000,0.000000,0.000000,0.000000
0,0.000000,0.000000,0.000000,0.000000,0.000000,0.000000,0.000000,0.000000,0.000000
0,0.000000,0.000000,0.000000,0.000000,0.000000,0.000000,0.000000,0.000000,0.000000
0,0.000000,0.000000,0.000000,0.000000,0.000000,0.000000,0.000000,0.000000,0.000000
0,0.000000,0.000000,0.000000,0.000000,0.000000,0.000000,0.000000,0.000000,0.000000
0,0.000000,0.000000,0.000000,0.000000,0.000000,0.000000,0.000000,0.000000,0.000000
0,0.000000,0.000000,0.000000,0.000000,0.000000,0.000000,0.000000,0.000000,0.000000
0,0.000000,0.000000,0.000000,0.000000,0.000000,0.000000,0.000000,0.000000,0.000000
0,0.000000,0.000000,0.000000,0.000000,0.000000,0.000000,0.000000,0.000000,0.000000
0,0.000000,0.000000,0.000000,0.000000,0.000000,0.000000,0.000000,0.000000,0.000000
0,0.000000,0.000000,0.000000,0.000000,0.000000,0.000000,0.000000,0.000000,0.000000
0,0.000000,0.000000,0.000000,0.000000,0.000000,0.000000,0.000000,0.000000,0.000000
0,0.000000,0.000000,0.000000,0.000000,0.000000,0.000000,0.000000,0.000000,0.000000
338371,-0.046585,0.875433,-0.228241,-0.328745,0.240525,-0.488452,-0.771679,-0.000343,499.998779
338375,-0.046599,0.875419,-0.228228,-0.328726,0.240548,-0.488525,-0.771634,-0.000343,499.999123
338379,-0.046593,0.875433,-0.228212,-0.328755,0.240561,-0.488391,-0.771702,-0.000343,499.998779
338382,-0.046590,0.875444,-0.228204,-0.328654,0.240381,-0.488597,-0.771672,-0.000343,499.998779
338386,-0.046603,0.875404,-0.228206,-0.328884,0.240761,-0.488251,-0.771674,0.000000,499.998779
338389,-0.046610,0.875393,-0.228211,-0.328819,0.240674,-0.488491,-0.771577,-0.000343,499.998779
338392,-0.046601,0.875409,-0.228220,-0.328736,0.240597,-0.488530,-0.771612,-0.000343,499.998779
338396,-0.046590,0.875435,-0.228228,-0.328715,0.240480,-0.488470,-0.771695,-0.000343,499.998779
338400,-0.046594,0.875424,-0.228250,-0.328787,0.240643,-0.488297,-0.771723,-0.000343,499.998779
338403,-0.046587,0.875442,-0.228258,-0.328677,0.240497,-0.488500,-0.771687,-0.000343,499.998779
338407,-0.046584,0.875421,-0.228251,-0.328820,0.240651,-0.488251,-0.771735,-0.000343,499.999123
338411,-0.046571,0.875436,-0.228239,-0.328672,0.240470,-0.488538,-0.771673,-0.000343,499.998779
338414,-0.046565,0.875452,-0.228222,-0.328739,0.240391,-0.488317,-0.771809,-0.000343,499.998779
338418,-0.046601,0.875389,-0.228227,-0.328783,0.240655,-0.488523,-0.771577,-0.000343,499.999123
338421,-0.046597,0.875403,-0.228225,-0.328815,0.240721,-0.488335,-0.771662,-0.000343,499.998779
338425,-0.046590,0.875439,-0.228217,-0.328683,0.240363,-0.488594,-0.771666,-0.000343,499.998779
338428,-0.046596,0.875434,-0.228223,-0.328762,0.240546,-0.488310,-0.771756,-0.000343,499.998779
338432,-0.046619,0.875409,-0.228241,-0.328702,0.240552,-0.488585,-0.771605,-0.000343,499.998779
338435,-0.046616,0.875436,-0.228241,-0.328720,0.240478,-0.488413,-0.771729,0.000000,499.998779
338439,-0.046620,0.875409,-0.228247,-0.328725,0.240613,-0.488552,-0.771598,-0.000343,499.998779
338443,-0.046592,0.875442,-0.228246,-0.328706,0.240500,-0.488415,-0.771727,-0.000343,499.998779
338446,-0.046578,0.875448,-0.228238,-0.328620,0.240372,-0.488596,-0.771690,-0.000343,499.998779
338449,-0.046569,0.875448,-0.228236,-0.328695,0.240428,-0.488431,-0.771744,0.000000,499.998779
338453,-0.046604,0.875397,-0.228243,-0.328778,0.240652,-0.488509,-0.771590,0.000000,499.999123
338457,-0.046590,0.875451,-0.228238,-0.328725,0.240457,-0.488319,-0.771793,0.000000,499.998779
338460,-0.046621,0.875420,-0.228243,-0.328729,0.240530,-0.488524,-0.771639,0.000000,499.998779
338464,-0.046636,0.875429,-0.228252,-0.328763,0.240591,-0.488335,-0.771725,-0.000343,499.998779
338467,-0.046628,0.875447,-0.228248,-0.328630,0.240421,-0.488553,-0.771697,-0.000343,499.998779
338471,-0.046638,0.875410,-0.228243,-0.328876,0.240700,-0.488264,-0.771688,0.000000,499.998779
338474,-0.046629,0.875399,-0.228233,-0.328804,0.240710,-0.488427,-0.771613,-0.000343,499.998779
338478,-0.046580,0.875456,-0.228206,-0.328750,0.240466,-0.488288,-0.771799,-0.000343,499.998779
338482,-0.046598,0.875390,-0.228207,-0.328780,0.240683,-0.488492,-0.771590,-0.000343,499.998779
338485,-0.046577,0.875410,-0.228207,-0.328792,0.240670,-0.488311,-0.771704,-0.000343,499.998779
338489,-0.046569,0.875438,-0.228211,-0.328716,0.240446,-0.488484,-0.771696,-0.000343,499.998436
338492,-0.046588,0.875424,-0.228228,-0.328812,0.240630,-0.488234,-0.771756,0.000000,499.998779
338496,-0.046615,0.875432,-0.228251,-0.328662,0.240485,-0.488565,-0.771656,0.000000,499.998779
338499,-0.046618,0.875454,-0.228251,-0.328726,0.240439,-0.488340,-0.771785,0.000000,499.998779
338503,-0.046659,0.875407,-0.228265,-0.328735,0.240647,-0.488566,-0.771574,0.000000,499.998779
338506,-0.046652,0.875409,-0.228265,-0.328817,0.240733,-0.488381,-0.771629,0.000000,499.998779
338510,-0.046616,0.875450,-0.228232,-0.328637,0.240358,-0.488595,-0.771687,0.000000,499.998779
338513,-0.046596,0.875443,-0.228217,-0.328744,0.240481,-0.488350,-0.771758,-0.000343,499.998779
338517,-0.046592,0.875404,-0.228206,-0.328734,0.240572,-0.488580,-0.771588,0.000000,499.998779
338521,-0.046573,0.875433,-0.228193,-0.328713,0.240516,-0.488343,-0.771765,0.000000,499.997749
338524,-0.046586,0.875407,-0.228202,-0.328755,0.240589,-0.488488,-0.771632,0.000000,499.995346
338527,-0.046601,0.875395,-0.228222,-0.328792,0.240690,-0.488434,-0.771619,0.000000,499.987793
338531,-0.046586,0.875449,-0.228244,-0.328629,0.240344,-0.488582,-0.771703,0.000000,499.969940
338535,-0.046624,0.875407,-0.228275,-0.328845,0.240758,-0.488270,-0.771679,0.000000,499.934235
338538,-0.046642,0.875400,-0.228285,-0.328770,0.240680,-0.488554,-0.771556,0.000000,499.880333
338542,-0.046616,0.875459,-0.228264,-0.328716,0.240449,-0.488307,-0.771807,0.000343,499.815102
338545,-0.046622,0.875434,-0.228251,-0.328707,0.240480,-0.488488,-0.771687,0.000000,499.752274
338549,-0.046600,0.875424,-0.228228,-0.328791,0.240633,-0.488342,-0.771696,0.000000,499.704208
338552,-0.046573,0.875441,-0.228198,-0.328673,0.240440,-0.488527,-0.771690,0.000000,499.664040
338556,-0.046561,0.875412,-0.228170,-0.328865,0.240666,-0.488215,-0.771734,0.000000,499.625587
338560,-0.046545,0.875435,-0.228160,-0.328667,0.240414,-0.488504,-0.771714,0.000000,499.575806
338563,-0.046548,0.875449,-0.228164,-0.328735,0.240408,-0.488305,-0.771813,-0.000343,499.514008
338567,-0.046581,0.875397,-0.228201,-0.328763,0.240660,-0.488487,-0.771608,0.000000,499.440193
338570,-0.046588,0.875413,-0.228230,-0.328789,0.240693,-0.488329,-0.771686,0.000000,499.345093
338574,-0.046587,0.875447,-0.228249,-0.328650,0.240401,-0.488552,-0.771695,0.000000,499.230423
338577,-0.046598,0.875444,-0.228267,-0.328754,0.240548,-0.488289,-0.771772,0.000000,499.104767
338581,-0.046611,0.875431,-0.228274,-0.328660,0.240531,-0.488598,-0.771621,0.000343,498.973618
338584,-0.046599,0.875451,-0.228265,-0.328687,0.240470,-0.488373,-0.771771,0.000000,498.847618
338588,-0.046608,0.875409,-0.228259,-0.328720,0.240611,-0.488557,-0.771597,0.000000,498.723335
338591,-0.046600,0.875405,-0.228257,-0.328796,0.240734,-0.488383,-0.771636,0.000000,498.589096
338595,-0.046564,0.875451,-0.228239,-0.328610,0.240342,-0.488578,-0.771714,0.000000,498.432198
338599,-0.046586,0.875402,-0.228253,-0.328820,0.240747,-0.488336,-0.771652,0.000000,498.254013
338602,-0.046588,0.875404,-0.228253,-0.328728,0.240621,-0.488544,-0.771599,0.000000,498.067245
338606,-0.046560,0.875461,-0.228250,-0.328658,0.240473,-0.488314,-0.771820,0.000000,497.860909
338609,-0.046570,0.875428,-0.228257,-0.328698,0.240556,-0.488493,-0.771663,0.000000,497.635689
338613,-0.046551,0.875453,-0.228266,-0.328685,0.240559,-0.488336,-0.771767,0.000000,497.415619
338616,-0.046535,0.875466,-0.228264,-0.328574,0.240384,-0.488539,-0.771741,0.000000,497.197609
338620,-0.046541,0.875422,-0.228264,-0.328819,0.240702,-0.488230,-0.771733,0.000343,496.951447
338624,-0.046521,0.875467,-0.228256,-0.328623,0.240416,-0.488407,-0.771794,0.000000,496.694298
338627,-0.046524,0.875475,-0.228256,-0.328686,0.240418,-0.488237,-0.771874,0.000343,496.423416
338631,-0.046569,0.875413,-0.228283,-0.328726,0.240679,-0.488443,-0.771646,0.000000,496.126442
338634,-0.046562,0.875438,-0.228299,-0.328717,0.240646,-0.488271,-0.771768,0.000000,495.817451
338638,-0.046549,0.875467,-0.228301,-0.328647,0.240441,-0.488440,-0.771755,0.000000,495.478935
338641,-0.046549,0.875457,-0.228314,-0.328765,0.240595,-0.488197,-0.771811,0.000000,495.134926
338645,-0.046526,0.875462,-0.228321,-0.328611,0.240454,-0.488481,-0.771740,0.000000,494.761391
338648,-0.046494,0.875490,-0.228307,-0.328662,0.240376,-0.488251,-0.771889,0.000000,494.390945
338652,-0.046486,0.875439,-0.228303,-0.328657,0.240582,-0.488455,-0.771697,0.000000,493.988228
338656,-0.046443,0.875487,-0.228279,-0.328584,0.240317,-0.488400,-0.771846,0.000000,493.598900
338659,-0.046425,0.875489,-0.228275,-0.328554,0.240262,-0.488499,-0.771813,0.000000,493.165970
338663,-0.046446,0.875441,-0.228301,-0.328694,0.240598,-0.488311,-0.771767,0.000000,492.732010
338666,-0.046453,0.875456,-0.228315,-0.328627,0.240487,-0.488504,-0.771708,0.000000,492.279510
338670,-0.046448,0.875499,-0.228343,-0.328589,0.240404,-0.488311,-0.771873,0.000000,491.774483
338673,-0.046470,0.875478,-0.228369,-0.328583,0.240434,-0.488506,-0.771743,0.000343,491.265678
338677,-0.046461,0.875514,-0.228397,-0.328553,0.240309,-0.488350,-0.771893,0.000343,490.746918
338680,-0.046445,0.875534,-0.228405,-0.328438,0.240174,-0.488530,-0.771870,0.000343,490.187645
338684,-0.046452,0.875489,-0.228415,-0.328626,0.240517,-0.488238,-0.771868,0.000343,489.588203
338687,-0.046430,0.875491,-0.228412,-0.328531,0.240458,-0.488478,-0.771775,0.000343,488.981895
338691,-0.046378,0.875551,-0.228398,-0.328493,0.240172,-0.488240,-0.772031,0.000000,488.398247
338694,-0.046373,0.875534,-0.228407,-0.328456,0.240221,-0.488450,-0.771899,0.000000,487.799149
338698,-0.046367,0.875543,-0.228435,-0.328446,0.240270,-0.488283,-0.771993,0.000000,487.166061
338702,-0.046370,0.875551,-0.228460,-0.328430,0.240203,-0.488355,-0.771975,0.000000,486.473579
338705,-0.046383,0.875548,-0.228499,-0.328509,0.240331,-0.488219,-0.771987,0.000343,485.751915
338709,-0.046385,0.875584,-0.228538,-0.328305,0.240098,-0.488455,-0.771998,0.000000,485.001411
338712,-0.046379,0.875609,-0.228556,-0.328376,0.240005,-0.488268,-0.772115,0.000000,484.251251
338716,-0.046396,0.875570,-0.228596,-0.328349,0.240258,-0.488503,-0.771899,0.000343,483.478775
338719,-0.046380,0.875586,-0.228601,-0.328375,0.240232,-0.488324,-0.772009,0.000000,482.681236
338723,-0.046326,0.875632,-0.228591,-0.328234,0.239884,-0.488480,-0.772079,0.000000,481.840782
338726,-0.046311,0.875626,-0.228594,-0.328286,0.240052,-0.488233,-0.772160,0.000000,480.980072
338730,-0.046298,0.875622,-0.228607,-0.328182,0.239966,-0.488536,-0.772040,0.000000,480.108032
338734,-0.046279,0.875646,-0.228619,-0.328177,0.239949,-0.488369,-0.772153,0.000000,479.204063
338737,-0.046281,0.875635,-0.228645,-0.328163,0.240017,-0.488457,-0.772082,0.000000,478.277092
338740,-0.046279,0.875644,-0.228670,-0.328174,0.240037,-0.488313,-0.772162,0.000000,477.332268
338744,-0.046246,0.875711,-0.228698,-0.327994,0.239649,-0.488454,-0.772270,0.000343,476.350708
338748,-0.046269,0.875671,-0.228737,-0.328129,0.239955,-0.488253,-0.772245,0.000000,475.339622
338751,-0.046257,0.875691,-0.228758,-0.328006,0.239832,-0.488460,-0.772204,0.000000,474.322357
338755,-0.046213,0.875744,-0.228777,-0.327928,0.239662,-0.488206,-0.772451,0.000000,473.260117
338758,-0.046196,0.875733,-0.228796,-0.327910,0.239697,-0.488325,-0.772373,0.000000,472.182426
338762,-0.046144,0.875762,-0.228824,-0.327866,0.239674,-0.488139,-0.772516,0.000000,471.081734
338766,-0.046107,0.875767,-0.228848,-0.327860,0.239679,-0.488051,-0.772572,0.000343,469.970055
338769,-0.046099,0.875766,-0.228876,-0.327832,0.239774,-0.487992,-0.772592,0.000000,468.829536
338773,-0.046063,0.875831,-0.228901,-0.327605,0.239486,-0.488088,-0.772717,0.000343,467.649193
338776,-0.046064,0.875849,-0.228918,-0.327631,0.239490,-0.487919,-0.772812,0.000000,466.456490
338780,-0.046064,0.875827,-0.228967,-0.327571,0.239604,-0.488021,-0.772737,0.000000,465.254860
338783,-0.046029,0.875865,-0.228990,-0.327455,0.239518,-0.487882,-0.772901,0.000000,464.037437
338787,-0.045980,0.875909,-0.228999,-0.327377,0.239391,-0.487845,-0.772997,0.000343,462.796669
338790,-0.045945,0.875913,-0.229011,-0.327367,0.239458,-0.487659,-0.773097,0.000000,461.529121
338794,-0.045890,0.875938,-0.229023,-0.327200,0.239263,-0.487850,-0.773108,0.000000,460.234451
338798,-0.045813,0.875954,-0.229046,-0.327200,0.239376,-0.487596,-0.773233,0.000000,458.792496
338801,-0.045759,0.875963,-0.229064,-0.327134,0.239381,-0.487577,-0.773271,0.000000,457.588120
338805,-0.045708,0.876019,-0.229078,-0.326969,0.239185,-0.487475,-0.773466,0.000000,456.244698
338808,-0.045705,0.876028,-0.229085,-0.326941,0.239118,-0.487501,-0.773483,0.000343,454.887199
338812,-0.045696,0.876006,-0.229123,-0.327018,0.239328,-0.487377,-0.773463,0.000000,453.510132
338815,-0.045668,0.876037,-0.229148,-0.326875,0.239181,-0.487430,-0.773536,0.000000,452.111435
338819,-0.045621,0.876091,-0.229185,-0.326725,0.239153,-0.487104,-0.773813,0.000000,450.694885
338822,-0.045566,0.876102,-0.229227,-0.326651,0.239227,-0.487061,-0.773848,0.000000,449.267006
338826,-0.045456,0.876170,-0.229256,-0.326472,0.239170,-0.486861,-0.774067,0.000000,447.824364
338829,-0.045377,0.876203,-0.229272,-0.326292,0.239020,-0.486840,-0.774203,0.000000,446.367989
338833,-0.045330,0.876195,-0.229296,-0.326336,0.239363,-0.486466,-0.774314,0.000000,444.893761
338837,-0.045228,0.876271,-0.229316,-0.326073,0.239048,-0.486419,-0.774551,0.000000,443.405113
338840,-0.045103,0.876316,-0.229352,-0.325957,0.239118,-0.486026,-0.774825,0.000000,441.897583
338844,-0.044909,0.876364,-0.229455,-0.325601,0.239342,-0.485795,-0.775050,0.000000,440.376663
338847,-0.044773,0.876428,-0.229504,-0.325440,0.239300,-0.485490,-0.775322,0.000000,438.846817
338851,-0.044689,0.876472,-0.229555,-0.325313,0.239285,-0.485256,-0.775526,0.000343,437.307701
338854,-0.044641,0.876485,-0.229582,-0.325288,0.239459,-0.485090,-0.775587,0.000000,435.752792
338858,-0.044602,0.876542,-0.229603,-0.325040,0.239245,-0.485130,-0.775732,0.000000,434.177971
338861,-0.044594,0.876568,-0.229601,-0.325017,0.239258,-0.484912,-0.775874,0.000000,432.585640
338865,-0.044599,0.876552,-0.229619,-0.324931,0.239488,-0.484886,-0.775855,0.000000,431.001549
338869,-0.044539,0.876624,-0.229630,-0.324740,0.239310,-0.484642,-0.776143,0.000343,429.405785
338872,-0.044500,0.876641,-0.229648,-0.324665,0.239364,-0.484492,-0.776250,0.000000,427.779808
338876,-0.044446,0.876644,-0.229675,-0.324566,0.239574,-0.484391,-0.776290,0.000343,426.148338
338879,-0.044382,0.876684,-0.229688,-0.324427,0.239466,-0.484293,-0.776443,0.000000,424.521675
338882,-0.044313,0.876722,-0.229693,-0.324329,0.239400,-0.484059,-0.776649,0.000000,422.877846
338886,-0.044276,0.876710,-0.229710,-0.324302,0.239665,-0.483985,-0.776626,0.000343,421.229897
338890,-0.044210,0.876766,-0.229708,-0.324110,0.239483,-0.483791,-0.776883,0.000000,419.580231
338893,-0.044184,0.876780,-0.229707,-0.324019,0.239454,-0.483723,-0.776972,0.000000,417.904472
338897,-0.044190,0.876760,-0.229717,-0.324056,0.239764,-0.483512,-0.776993,0.000000,416.224594
338900,-0.044191,0.876777,-0.229719,-0.323937,0.239711,-0.483505,-0.777062,0.000000,414.538879
338904,-0.044174,0.876814,-0.229721,-0.323870,0.239697,-0.483232,-0.777264,0.000343,412.833252
338908,-0.044174,0.876817,-0.229740,-0.323762,0.239805,-0.483231,-0.777277,0.000000,411.141701
338911,-0.044157,0.876842,-0.229747,-0.323681,0.239744,-0.483025,-0.777458,0.000000,409.432640
338914,-0.044136,0.876871,-0.229751,-0.323516,0.239683,-0.482987,-0.777568,0.000000,407.729073
338918,-0.044130,0.876851,-0.229757,-0.323559,0.240014,-0.482608,-0.777684,0.000000,406.015205
338922,-0.044092,0.876908,-0.229744,-0.323279,0.239755,-0.482563,-0.777908,0.000000,404.289665
338925,-0.044071,0.876923,-0.229743,-0.323206,0.239847,-0.482307,-0.778069,0.000000,402.556572
338929,-0.044063,0.876907,-0.229754,-0.323068,0.240063,-0.482287,-0.778072,0.000000,400.824509
338932,-0.044035,0.876939,-0.229754,-0.323002,0.240087,-0.482060,-0.778233,0.000343,399.100342
338936,-0.043989,0.876973,-0.229755,-0.322872,0.240044,-0.481794,-0.778465,0.000000,397.357979
338939,-0.043978,0.876977,-0.229760,-0.322810,0.240229,-0.481542,-0.778589,0.000343,395.627632
338943,-0.043965,0.877019,-0.229762,-0.322506,0.240067,-0.481496,-0.778794,0.000000,393.883209
338946,-0.043961,0.877043,-0.229755,-0.322457,0.240107,-0.481204,-0.778982,0.000000,392.137413
338950,-0.043973,0.877032,-0.229759,-0.322342,0.240408,-0.480987,-0.779071,0.000000,390.378227
338954,-0.043938,0.877110,-0.229756,-0.322042,0.240240,-0.480565,-0.779507,0.000000,388.628654
338957,-0.043919,0.877134,-0.229753,-0.321860,0.240307,-0.480281,-0.779737,0.000000,386.872902
338961,-0.043901,0.877150,-0.229767,-0.321634,0.240666,-0.479773,-0.780032,0.000000,385.129166
338964,-0.043865,0.877199,-0.229763,-0.321316,0.240604,-0.479500,-0.780349,0.000343,383.364487
338968,-0.043820,0.877259,-0.229760,-0.321135,0.240709,-0.478804,-0.780819,0.000343,381.633797
338971,-0.043794,0.877278,-0.229766,-0.320901,0.240896,-0.478524,-0.781030,0.000000,380.058632
338975,-0.043745,0.877365,-0.229763,-0.320484,0.240838,-0.477980,-0.781551,0.000343,378.134308
338979,-0.043706,0.877400,-0.229776,-0.320240,0.241097,-0.477315,-0.781977,0.000000,376.380959
338982,-0.043679,0.877441,-0.229778,-0.319934,0.241242,-0.476807,-0.782368,0.000000,374.638252
338986,-0.043620,0.877551,-0.229783,-0.319374,0.241061,-0.476200,-0.783022,0.000000,372.877007
338989,-0.043588,0.877596,-0.229789,-0.319123,0.241254,-0.475593,-0.783434,0.000000,371.142883
338993,-0.043564,0.877640,-0.229807,-0.318619,0.241497,-0.475053,-0.783891,0.000000,369.403267
338996,-0.043521,0.877715,-0.229820,-0.318276,0.241575,-0.474400,-0.784402,0.000000,367.643051
339000,-0.043468,0.877788,-0.229819,-0.317803,0.241736,-0.473537,-0.785065,0.000000,365.888672
339003,-0.043434,0.877846,-0.229825,-0.317410,0.242032,-0.472806,-0.785574,0.000000,364.142532
339007,-0.043344,0.877972,-0.229836,-0.316667,0.241970,-0.472069,-0.786335,0.000000,362.360344
339010,-0.043291,0.878049,-0.229839,-0.316264,0.242125,-0.471235,-0.786950,0.000000,360.588799
339014,-0.043221,0.878127,-0.229865,-0.315587,0.242582,-0.470168,-0.787719,0.000000,358.852959
339018,-0.043101,0.878283,-0.229875,-0.314759,0.242599,-0.468961,-0.788764,0.000343,357.121925
339021,-0.043031,0.878380,-0.229888,-0.314133,0.242801,-0.467891,-0.789586,0.000000,355.373726
339025,-0.042923,0.878510,-0.229922,-0.313204,0.243270,-0.466357,-0.790717,0.000000,353.633423
339028,-0.042815,0.878670,-0.229929,-0.312175,0.243448,-0.465034,-0.791848,0.000000,351.892090
339032,-0.042685,0.878822,-0.229972,-0.311266,0.243887,-0.463389,-0.793034,0.000000,350.128784
339035,-0.042635,0.878875,-0.229972,-0.310896,0.243997,-0.462695,-0.793551,0.000000,348.376808
339039,-0.042554,0.879012,-0.229986,-0.310178,0.243953,-0.461832,-0.794348,0.000000,346.636848
339042,-0.042487,0.879087,-0.229988,-0.309709,0.244098,-0.461076,-0.794925,0.000000,344.895515
339046,-0.042477,0.879124,-0.230006,-0.309254,0.244620,-0.460066,-0.795527,0.000343,343.120880
339049,-0.042416,0.879203,-0.230010,-0.308766,0.244635,-0.459421,-0.796084,0.000000,341.397400
339053,-0.042322,0.879318,-0.230032,-0.307893,0.244559,-0.458199,-0.797149,-0.000343,339.627228
339057,-0.042254,0.879395,-0.230044,-0.307252,0.244792,-0.457260,-0.797863,0.000000,337.842979
339060,-0.042177,0.879488,-0.230062,-0.306733,0.244823,-0.456511,-0.798483,0.000000,336.098213
339064,-0.042102,0.879563,-0.230060,-0.306174,0.245045,-0.455382,-0.799273,0.000000,334.378853
339067,-0.042050,0.879621,-0.230068,-0.305726,0.245282,-0.454623,-0.799804,0.000000,332.622757
339071,-0.041944,0.879769,-0.230064,-0.304936,0.245179,-0.453667,-0.800679,0.000000,330.883827
339074,-0.041884,0.879850,-0.230066,-0.304500,0.245351,-0.452787,-0.801290,0.000000,329.144554
339078,-0.041812,0.879938,-0.230085,-0.303757,0.245736,-0.451711,-0.802062,-0.000343,327.374039
339082,-0.041709,0.880071,-0.230089,-0.303160,0.245700,-0.450755,-0.802836,0.000000,325.614510
339085,-0.041668,0.880127,-0.230099,-0.302742,0.245938,-0.450068,-0.803306,0.000000,323.891029
339089,-0.041599,0.880212,-0.230128,-0.302135,0.246188,-0.449149,-0.803972,0.000000,322.155533
339092,-0.041531,0.880302,-0.230131,-0.301619,0.246172,-0.448437,-0.804568,0.000000,320.388451
339096,-0.041469,0.880326,-0.230192,-0.300333,0.245937,-0.446955,-0.805944,0.000000,318.644371
339099,-0.041393,0.880434,-0.230201,-0.299588,0.246131,-0.445858,-0.806770,-0.000343,316.883125
339103,-0.041195,0.880712,-0.230214,-0.298055,0.246220,-0.443666,-0.808517,0.000000,315.078621
339106,-0.040995,0.880966,-0.230238,-0.296704,0.246707,-0.441441,-0.810082,0.000000,313.301582
339110,-0.040735,0.881283,-0.230312,-0.294590,0.247685,-0.438081,-0.812376,0.000000,311.562309
339113,-0.040525,0.881466,-0.230397,-0.292366,0.247398,-0.435794,-0.814493,0.000000,309.827843
339117,-0.040342,0.881601,-0.230713,-0.290792,0.248674,-0.432662,-0.816337,-0.000343,308.086166
339120,-0.040164,0.881789,-0.230752,-0.289736,0.249236,-0.430823,-0.817512,0.000000,306.379166
339124,-0.039954,0.882075,-0.230806,-0.287974,0.249639,-0.428270,-0.819351,0.000000,304.641266
339127,-0.039777,0.882257,-0.230831,-0.286896,0.249815,-0.426389,-0.820655,0.000000,302.895126
339131,-0.039603,0.882463,-0.230797,-0.285996,0.251523,-0.423814,-0.821781,0.000000,301.154823
339135,-0.039349,0.882756,-0.230840,-0.284346,0.251523,-0.421347,-0.823620,-0.000343,299.395294
339138,-0.039212,0.882914,-0.230884,-0.283260,0.251889,-0.419562,-0.824793,-0.000343,297.600746
339142,-0.038919,0.883165,-0.230811,-0.280353,0.250580,-0.417840,-0.827056,0.000000,295.857010
339145,-0.038855,0.883298,-0.230989,-0.280387,0.252631,-0.415200,-0.827750,0.000000,294.289742
339149,-0.038655,0.883529,-0.231026,-0.278885,0.253006,-0.412672,-0.829405,-0.000343,292.343445
339152,-0.038473,0.883733,-0.231067,-0.277429,0.253614,-0.410188,-0.830939,0.000000,290.588036
339156,-0.038173,0.884006,-0.231151,-0.275498,0.253741,-0.407479,-0.832873,0.000000,288.867645
339160,-0.038079,0.884139,-0.231184,-0.274365,0.254264,-0.405723,-0.833944,-0.000343,287.115326
339163,-0.037944,0.884244,-0.231229,-0.273634,0.254421,-0.404399,-0.834779,0.000000,285.374336
339166,-0.037826,0.884365,-0.231247,-0.272835,0.254651,-0.403020,-0.835637,0.000000,283.641930
339170,-0.037699,0.884529,-0.231268,-0.271788,0.254689,-0.401446,-0.836723,0.000000,281.902657
339174,-0.037558,0.884647,-0.231314,-0.270751,0.255146,-0.399665,-0.837772,-0.000343,280.135574
339177,-0.037431,0.884780,-0.231344,-0.269643,0.255187,-0.398190,-0.838819,-0.000343,278.365746
339181,-0.037249,0.884959,-0.231395,-0.268311,0.255447,-0.395936,-0.840233,-0.000343,276.610680
339184,-0.037111,0.885117,-0.231448,-0.267063,0.255606,-0.394545,-0.841235,-0.000343,274.858017
339188,-0.037035,0.885125,-0.231641,-0.264536,0.253326,-0.392247,-0.843794,0.000000,273.122177
339192,-0.036910,0.885274,-0.231649,-0.263706,0.254126,-0.390450,-0.844647,-0.000343,271.398697
339195,-0.036733,0.885500,-0.231677,-0.262288,0.254746,-0.388201,-0.845937,0.000000,269.639854
339199,-0.036349,0.885954,-0.231748,-0.260136,0.255486,-0.384698,-0.847977,0.000000,267.858696
339202,-0.036135,0.886189,-0.231760,-0.259008,0.256231,-0.382289,-0.849185,0.000000,266.106720
339206,-0.035840,0.886454,-0.231884,-0.256862,0.256820,-0.379306,-0.850995,-0.000343,264.520226
339209,-0.035641,0.886624,-0.231923,-0.255619,0.256965,-0.377235,-0.852245,-0.000343,262.587662
339213,-0.035449,0.886867,-0.232022,-0.253585,0.257297,-0.374245,-0.854069,-0.000343,260.858002
339216,-0.035197,0.887069,-0.232079,-0.251940,0.257532,-0.371540,-0.855664,-0.000343,259.120445
339220,-0.034871,0.887426,-0.232185,-0.249168,0.257752,-0.367942,-0.857962,-0.000343,257.362633
339224,-0.034580,0.887601,-0.232152,-0.248097,0.259583,-0.365394,-0.858809,-0.000343,255.611343
339227,-0.034437,0.887727,-0.232213,-0.247000,0.259778,-0.363917,-0.859693,-0.000343,253.864861
339230,-0.034272,0.887870,-0.232251,-0.245918,0.259953,-0.362369,-0.860603,-0.000343,252.120094
339234,-0.034077,0.888029,-0.232274,-0.244739,0.260006,-0.360442,-0.861732,0.000000,250.377045
339238,-0.033960,0.888150,-0.232325,-0.243325,0.260301,-0.358685,-0.862775,-0.000343,248.654938
339241,-0.033825,0.888287,-0.232359,-0.242194,0.260390,-0.357216,-0.863676,0.000000,246.899872
339245,-0.033677,0.888440,-0.232396,-0.240924,0.260785,-0.355046,-0.864806,-0.000343,245.137253
339248,-0.033524,0.888578,-0.232438,-0.239839,0.261151,-0.353395,-0.865673,-0.000343,243.363991
339252,-0.033312,0.888753,-0.232494,-0.238431,0.261069,-0.351357,-0.866915,-0.000343,241.616821
339255,-0.033185,0.888854,-0.232525,-0.237559,0.261190,-0.349990,-0.867671,0.000000,239.854546
339259,-0.033059,0.888957,-0.232576,-0.236524,0.261875,-0.348108,-0.868504,-0.000343,238.108749
339262,-0.032906,0.889093,-0.232619,-0.235426,0.261948,-0.346639,-0.869367,-0.000343,236.374283
339266,-0.032650,0.889306,-0.232700,-0.233812,0.262060,-0.344020,-0.870808,-0.000343,234.625740
339270,-0.032438,0.889505,-0.232774,-0.231849,0.262692,-0.341284,-0.872218,-0.000343,232.851791
339273,-0.032215,0.889676,-0.232855,-0.230469,0.262754,-0.339330,-0.873327,-0.000343,231.118698
339277,-0.032038,0.889797,-0.232882,-0.229353,0.263099,-0.337233,-0.874328,-0.000343,229.374619
339280,-0.031960,0.889878,-0.232912,-0.228626,0.263399,-0.336068,-0.874877,-0.000343,227.622643
339284,-0.031713,0.890071,-0.232943,-0.227242,0.263371,-0.333847,-0.876095,-0.000343,225.876503
339287,-0.031561,0.890234,-0.232991,-0.225645,0.263641,-0.331605,-0.877277,-0.000343,224.138603
339291,-0.031228,0.890485,-0.233092,-0.223338,0.264381,-0.328159,-0.878940,-0.000343,222.362938
339295,-0.030853,0.890800,-0.233195,-0.220803,0.264515,-0.324612,-0.880855,-0.000343,220.599632
339298,-0.030634,0.890968,-0.233288,-0.218931,0.264911,-0.322221,-0.882080,-0.000687,218.844566
339302,-0.030409,0.891115,-0.233365,-0.217595,0.265295,-0.320150,-0.883049,-0.000343,217.112503
339305,-0.030227,0.891250,-0.233406,-0.216447,0.265353,-0.318340,-0.883967,-0.000343,215.376320
339308,-0.030037,0.891400,-0.233441,-0.215219,0.265425,-0.316209,-0.885010,-0.000343,213.644600
339312,-0.029789,0.891578,-0.233525,-0.213047,0.265955,-0.313061,-0.886494,-0.000687,211.893654
339316,-0.029549,0.891741,-0.233577,-0.211639,0.265899,-0.310814,-0.887638,-0.000343,210.135155
339319,-0.029454,0.891816,-0.233606,-0.210882,0.265915,-0.309636,-0.888225,-0.000687,208.378372
339323,-0.029309,0.891913,-0.233655,-0.209745,0.266472,-0.307778,-0.888973,-0.000343,206.641159
339326,-0.029169,0.892023,-0.233696,-0.208785,0.266572,-0.306332,-0.889668,-0.000687,204.876480
339330,-0.028982,0.892151,-0.233739,-0.207440,0.266603,-0.304145,-0.890723,-0.000343,203.110428
339333,-0.028857,0.892233,-0.233782,-0.206416,0.266807,-0.302822,-0.891351,-0.000687,201.373558
339337,-0.028671,0.892358,-0.233837,-0.205188,0.266842,-0.301043,-0.892225,-0.000343,199.634285
339341,-0.028470,0.892511,-0.233880,-0.203678,0.267329,-0.298530,-0.893269,-0.000687,197.873039
339344,-0.028242,0.892667,-0.233952,-0.201888,0.267698,-0.295960,-0.894420,-0.000687,196.119003
339348,-0.027867,0.892899,-0.234043,-0.199736,0.267585,-0.292598,-0.896042,-0.000687,194.365654
339351,-0.027713,0.892990,-0.234078,-0.198764,0.267812,-0.290915,-0.896738,-0.000343,192.602005
339355,-0.027463,0.893131,-0.234168,-0.197178,0.268277,-0.288539,-0.897716,-0.000687,190.858955
339358,-0.027255,0.893257,-0.234225,-0.195867,0.268404,-0.286469,-0.898627,-0.000687,189.135132
339362,-0.026990,0.893421,-0.234296,-0.194117,0.268465,-0.283600,-0.899898,-0.000343,187.394485
339366,-0.026853,0.893604,-0.234340,-0.192917,0.267889,-0.281622,-0.900948,-0.000687,185.640450
339369,-0.026765,0.893734,-0.234355,-0.192206,0.267917,-0.279428,-0.901775,-0.000343,183.897057
339373,-0.026572,0.893844,-0.234412,-0.190857,0.268254,-0.277313,-0.902613,-0.000687,182.133751
339376,-0.026436,0.893924,-0.234460,-0.189922,0.268467,-0.275840,-0.903198,-0.000343,180.364609
339380,-0.026206,0.894047,-0.234514,-0.188602,0.268252,-0.273914,-0.904125,-0.000343,178.606796
339383,-0.025994,0.894143,-0.234593,-0.187142,0.268241,-0.271819,-0.905063,-0.000343,176.870270
339387,-0.025858,0.894216,-0.234640,-0.185891,0.268739,-0.269867,-0.905757,-0.000687,175.113487
339390,-0.025711,0.894302,-0.234667,-0.184983,0.268774,-0.268298,-0.906398,-0.000687,173.374901
339394,-0.025494,0.894432,-0.234730,-0.183563,0.268965,-0.265913,-0.907333,-0.000687,171.643867
339397,-0.025366,0.894516,-0.234762,-0.182531,0.269248,-0.264390,-0.907902,-0.000343,169.888458
339401,-0.025095,0.894685,-0.234849,-0.180885,0.269215,-0.261672,-0.909028,-0.000687,168.111763
339404,-0.024891,0.894793,-0.234915,-0.179639,0.269194,-0.259907,-0.909787,-0.000343,166.378326
339408,-0.024740,0.894865,-0.234960,-0.178416,0.269703,-0.257864,-0.910458,-0.000343,164.636307
339412,-0.024470,0.895005,-0.235019,-0.176970,0.269632,-0.255443,-0.911443,-0.000687,162.881241
339415,-0.024246,0.895133,-0.235076,-0.175351,0.269779,-0.253111,-0.912363,-0.000687,161.128235
339419,-0.023892,0.895345,-0.235178,-0.172611,0.270200,-0.249094,-0.913865,-0.000343,159.369392
339422,-0.023588,0.895501,-0.235293,-0.170592,0.270348,-0.246576,-0.914883,-0.000687,157.584457
339426,-0.023320,0.895647,-0.235353,-0.168743,0.270485,-0.243675,-0.915962,-0.000343,155.834541
339429,-0.023041,0.895792,-0.235452,-0.166881,0.270773,-0.240976,-0.916931,-0.000687,154.103851
339433,-0.022612,0.895983,-0.235581,-0.164665,0.270795,-0.237520,-0.918226,-0.000343,152.373848
339437,-0.022440,0.896076,-0.235621,-0.163209,0.271160,-0.235300,-0.918950,-0.000687,150.632172
339440,-0.022260,0.896160,-0.235665,-0.162214,0.271343,-0.233579,-0.919511,-0.000343,148.904915
339444,-0.022034,0.896278,-0.235712,-0.160721,0.271161,-0.231273,-0.920409,-0.000687,147.143326
339447,-0.021832,0.896369,-0.235766,-0.159353,0.271286,-0.228991,-0.921180,-0.000687,145.387917
339451,-0.021575,0.896494,-0.235857,-0.157466,0.271722,-0.226132,-0.922082,-0.000687,143.627357
339454,-0.021389,0.896583,-0.235913,-0.156291,0.271666,-0.224347,-0.922735,-0.000343,141.886368
339458,-0.021148,0.896694,-0.235990,-0.154862,0.271905,-0.222030,-0.923465,-0.000687,140.115509
339461,-0.020946,0.896780,-0.236056,-0.153488,0.272192,-0.219942,-0.924110,-0.000343,138.372459
339465,-0.020609,0.896928,-0.236160,-0.151563,0.272089,-0.217021,-0.925147,-0.000687,136.622543
339468,-0.020393,0.897022,-0.236208,-0.150195,0.272139,-0.214838,-0.925865,-0.000343,134.869537
339472,-0.020133,0.897153,-0.236280,-0.148072,0.272659,-0.211556,-0.926809,-0.000343,133.107948
339476,-0.019786,0.897296,-0.236370,-0.146180,0.272510,-0.208471,-0.927852,-0.000343,131.376228
339479,-0.019624,0.897364,-0.236403,-0.144943,0.272676,-0.206638,-0.928407,-0.000343,129.628372
339483,-0.019321,0.897491,-0.236498,-0.142949,0.273007,-0.203623,-0.929285,-0.000687,127.871590
339486,-0.019021,0.897612,-0.236587,-0.141176,0.272989,-0.200964,-0.930140,-0.000343,126.123047
339490,-0.018698,0.897734,-0.236704,-0.139212,0.273086,-0.197996,-0.931043,-0.000343,124.378624
339493,-0.018569,0.897791,-0.236751,-0.138265,0.273308,-0.196600,-0.931415,-0.000687,122.620811
339497,-0.018313,0.897882,-0.236809,-0.136818,0.273212,-0.194230,-0.932154,-0.000687,120.878448
339501,-0.018105,0.897970,-0.236862,-0.135205,0.273575,-0.191779,-0.932790,-0.000687,119.129219
339504,-0.017920,0.898039,-0.236893,-0.134103,0.273694,-0.189743,-0.933331,-0.000343,117.370720
339508,-0.017637,0.898135,-0.236959,-0.132678,0.273410,-0.187479,-0.934075,-0.000687,115.626984
339511,-0.017475,0.898188,-0.237019,-0.131718,0.273480,-0.185863,-0.934513,-0.000687,113.882217
339514,-0.017329,0.898246,-0.237063,-0.130725,0.273703,-0.184365,-0.934883,-0.000343,112.140541
339518,-0.017093,0.898334,-0.237146,-0.129283,0.273752,-0.182261,-0.935482,-0.000343,110.389595
339522,-0.016888,0.898408,-0.237199,-0.127907,0.273957,-0.180096,-0.936031,-0.000687,108.640709
339525,-0.016755,0.898461,-0.237238,-0.126776,0.274207,-0.178442,-0.936428,-0.000343,106.881523
339529,-0.016481,0.898566,-0.237317,-0.125269,0.273966,-0.176099,-0.937144,-0.000343,105.125084
339532,-0.016315,0.898626,-0.237364,-0.124185,0.273930,-0.174467,-0.937604,-0.000343,103.376198
339536,-0.016170,0.898679,-0.237414,-0.122959,0.274286,-0.172696,-0.937990,-0.000343,101.666451
339539,-0.015974,0.898741,-0.237462,-0.121666,0.274216,-0.170725,-0.938539,-0.000687,99.930611
339543,-0.015586,0.898869,-0.237556,-0.119464,0.274213,-0.167210,-0.939455,-0.000343,98.199921
339547,-0.015311,0.898958,-0.237630,-0.117716,0.274331,-0.164525,-0.940116,-0.000343,96.463394
339550,-0.015094,0.899028,-0.237692,-0.116393,0.274276,-0.162521,-0.940644,-0.001030,94.731331
339554,-0.014738,0.899132,-0.237800,-0.114364,0.274498,-0.159469,-0.941351,-0.000343,92.997208
339557,-0.014534,0.899195,-0.237867,-0.112891,0.274687,-0.157249,-0.941847,-0.000687,91.295357
339561,-0.014225,0.899286,-0.237940,-0.111327,0.274482,-0.154704,-0.942514,-0.000687,89.589386
339564,-0.014026,0.899358,-0.237993,-0.110093,0.274582,-0.152576,-0.942976,-0.000343,87.884102
339568,-0.013760,0.899430,-0.238073,-0.108064,0.274980,-0.149561,-0.943578,-0.000687,86.197701
339572,-0.013366,0.899545,-0.238201,-0.105855,0.274740,-0.146305,-0.944408,-0.000343,84.495506
339575,-0.013126,0.899607,-0.238278,-0.104480,0.274778,-0.144106,-0.944889,-0.000687,82.811852
339579,-0.012922,0.899654,-0.238353,-0.103171,0.274982,-0.142197,-0.945262,-0.000687,81.157036
339582,-0.012741,0.899691,-0.238395,-0.102253,0.274789,-0.140631,-0.945652,-0.000343,79.503593
339585,-0.012599,0.899726,-0.238430,-0.101278,0.274788,-0.139031,-0.945994,-0.000343,77.857018
339589,-0.012444,0.899777,-0.238476,-0.099852,0.275144,-0.136995,-0.946339,-0.000687,76.207008
339593,-0.012157,0.899856,-0.238542,-0.098332,0.274828,-0.134635,-0.946929,-0.000687,74.220543
339596,-0.011978,0.899904,-0.238598,-0.097167,0.274952,-0.132848,-0.947265,-0.000687,72.900810
339600,-0.011743,0.899965,-0.238696,-0.095380,0.275320,-0.130262,-0.947699,-0.000687,71.288223
339603,-0.011464,0.900028,-0.238784,-0.093855,0.275229,-0.128109,-0.948171,-0.000687,69.670486
339607,-0.011163,0.900099,-0.238861,-0.092298,0.275175,-0.125503,-0.948688,-0.000687,68.059273
339610,-0.010999,0.900131,-0.238911,-0.091245,0.275317,-0.123904,-0.948959,-0.000343,66.486511
339614,-0.010709,0.900182,-0.238981,-0.089510,0.275186,-0.121245,-0.949505,-0.000343,64.927139
339618,-0.010441,0.900252,-0.239057,-0.087600,0.275380,-0.118145,-0.950018,-0.000343,63.379097
339621,-0.010207,0.900304,-0.239132,-0.086026,0.275407,-0.115912,-0.950429,-0.000343,61.846504
339625,-0.009784,0.900401,-0.239260,-0.083783,0.275235,-0.112290,-0.951114,-0.000687,60.283699
339628,-0.009532,0.900467,-0.239346,-0.082142,0.275323,-0.109889,-0.951512,-0.000343,58.734970
339632,-0.009222,0.900538,-0.239459,-0.080013,0.275670,-0.106764,-0.951948,-0.000343,57.208214
339635,-0.008955,0.900591,-0.239548,-0.078586,0.275560,-0.104640,-0.952335,-0.000343,55.722313
339639,-0.008669,0.900633,-0.239617,-0.077052,0.275310,-0.102243,-0.952793,-0.000343,54.259415
339643,-0.008444,0.900676,-0.239683,-0.075522,0.275431,-0.100092,-0.953108,-0.000687,52.797890
339646,-0.008249,0.900713,-0.239732,-0.074416,0.275373,-0.098353,-0.953393,-0.000343,51.358681
339650,-0.008118,0.900736,-0.239759,-0.073264,0.275503,-0.096643,-0.953620,-0.000687,49.917755
339653,-0.007956,0.900767,-0.239812,-0.072191,0.275575,-0.094982,-0.953848,-0.000343,48.507729
339657,-0.007684,0.900812,-0.239894,-0.070944,0.275223,-0.093108,-0.954228,-0.000343,47.097359
339660,-0.007533,0.900835,-0.239941,-0.070066,0.275218,-0.091683,-0.954432,-0.000687,45.698318
339664,-0.007352,0.900878,-0.240011,-0.068777,0.275434,-0.089967,-0.954627,-0.000687,44.314384
339667,-0.007193,0.900892,-0.240051,-0.067779,0.275282,-0.088466,-0.954882,-0.000687,42.960663
339671,-0.007014,0.900917,-0.240091,-0.066588,0.275277,-0.086552,-0.955143,-0.000687,41.639557
339674,-0.006936,0.900931,-0.240108,-0.065775,0.275373,-0.085366,-0.955278,-0.000343,40.324287
339678,-0.006809,0.900952,-0.240153,-0.064805,0.275185,-0.083948,-0.955524,-0.000343,39.043007
339681,-0.006688,0.900969,-0.240214,-0.064038,0.275047,-0.082726,-0.955722,-0.000343,37.771683
339685,-0.006579,0.901004,-0.240297,-0.062928,0.275350,-0.081225,-0.955837,-0.000343,36.528511
339689,-0.006365,0.901041,-0.240398,-0.061911,0.275063,-0.079531,-0.956129,-0.000343,35.282936
339692,-0.006200,0.901073,-0.240473,-0.061008,0.274994,-0.078330,-0.956306,-0.000343,34.071007
339696,-0.005999,0.901106,-0.240526,-0.059742,0.275263,-0.076539,-0.956453,-0.000343,32.850838
339699,-0.005814,0.901132,-0.240542,-0.058814,0.275170,-0.075174,-0.956646,-0.000343,31.657104
339703,-0.005560,0.901147,-0.240533,-0.057566,0.274877,-0.073128,-0.956965,-0.000343,30.490494
339706,-0.005414,0.901159,-0.240528,-0.056605,0.274988,-0.071629,-0.957103,-0.000343,29.373665
339710,-0.005202,0.901175,-0.240558,-0.055488,0.274786,-0.070026,-0.957345,-0.000343,28.275719
339713,-0.005083,0.901189,-0.240589,-0.054819,0.274688,-0.068863,-0.957496,-0.000343,27.221375
339717,-0.004987,0.901216,-0.240657,-0.053869,0.275014,-0.067735,-0.957537,-0.000687,26.149178
339721,-0.004830,0.901239,-0.240758,-0.052935,0.274610,-0.066526,-0.957790,-0.000343,25.114403
339724,-0.004769,0.901254,-0.240818,-0.052249,0.274679,-0.065364,-0.957888,-0.000343,24.091301
339728,-0.004684,0.901277,-0.240902,-0.051239,0.274914,-0.064128,-0.957959,-0.000343,23.097038
339731,-0.004558,0.901290,-0.240958,-0.050460,0.274794,-0.062878,-0.958117,-0.000687,22.119942
339735,-0.004388,0.901309,-0.241014,-0.049579,0.274744,-0.061591,-0.958261,-0.000687,21.172371
339738,-0.004253,0.901321,-0.241050,-0.048820,0.274785,-0.060436,-0.958362,-0.000343,20.258789
339742,-0.004028,0.901340,-0.241080,-0.047896,0.274600,-0.059110,-0.958544,-0.000343,19.381599
339746,-0.003864,0.901354,-0.241096,-0.046894,0.274756,-0.057398,-0.958653,-0.000343,18.512993
339749,-0.003777,0.901363,-0.241107,-0.046359,0.274845,-0.056710,-0.958694,-0.000343,17.672195
339752,-0.003705,0.901371,-0.241121,-0.045855,0.274798,-0.055948,-0.958777,-0.000343,16.867104
339756,-0.003575,0.901382,-0.241168,-0.045237,0.274656,-0.054719,-0.958918,-0.000343,16.080894
339760,-0.003538,0.901397,-0.241205,-0.044614,0.274919,-0.053918,-0.958917,-0.000343,15.319405
339763,-0.003461,0.901402,-0.241246,-0.044138,0.274754,-0.053319,-0.959020,-0.000343,14.583321
339767,-0.003342,0.901414,-0.241285,-0.043547,0.274709,-0.052158,-0.959124,-0.000687,13.869896
339770,-0.003304,0.901425,-0.241299,-0.043074,0.274760,-0.051796,-0.959150,-0.000343,13.180161
339774,-0.003178,0.901408,-0.241309,-0.042662,0.274565,-0.050914,-0.959272,-0.000343,12.510338
339777,-0.003099,0.901417,-0.241326,-0.042239,0.274472,-0.050272,-0.959351,-0.000343,11.931839
339781,-0.003065,0.901416,-0.241333,-0.041751,0.274779,-0.049680,-0.959315,-0.000343,11.226311
339784,-0.003010,0.901424,-0.241365,-0.041427,0.274749,-0.049186,-0.959363,-0.000343,10.620689
339788,-0.002916,0.901426,-0.241417,-0.041008,0.274398,-0.048425,-0.959520,-0.000343,10.033607
339792,-0.002928,0.901441,-0.241450,-0.040655,0.274586,-0.048297,-0.959488,-0.000343,9.474678
339795,-0.002886,0.901442,-0.241467,-0.040397,0.274481,-0.047628,-0.959562,-0.000687,8.952484
339799,-0.002845,0.901446,-0.241487,-0.040065,0.274483,-0.047148,-0.959599,-0.000343,8.460846
339802,-0.002820,0.901445,-0.241480,-0.039833,0.274649,-0.046682,-0.959584,-0.000343,7.967491
339806,-0.002722,0.901442,-0.241484,-0.039521,0.274352,-0.046279,-0.959702,-0.000343,7.475166
339809,-0.002644,0.901440,-0.241482,-0.039257,0.274310,-0.045724,-0.959751,-0.000343,7.017860
339813,-0.002636,0.901440,-0.241468,-0.038963,0.274543,-0.045543,-0.959705,-0.000687,6.603470
339816,-0.002581,0.901437,-0.241477,-0.038761,0.274555,-0.045053,-0.959733,-0.000343,6.181870
339820,-0.002507,0.901442,-0.241504,-0.038470,0.274337,-0.044503,-0.959833,-0.000343,5.771255
339824,-0.002500,0.901455,-0.241536,-0.038119,0.274643,-0.043957,-0.959784,-0.000343,5.358238
339827,-0.002447,0.901465,-0.241571,-0.037880,0.274487,-0.043724,-0.959849,-0.000343,5.017319
339830,-0.002396,0.901468,-0.241605,-0.037628,0.274370,-0.043303,-0.959912,-0.000343,4.650307
339834,-0.002380,0.901477,-0.241617,-0.037233,0.274583,-0.042855,-0.959886,0.000000,4.340973
339838,-0.002278,0.901475,-0.241618,-0.036855,0.274374,-0.042054,-0.959996,-0.000343,4.014473
339841,-0.002232,0.901470,-0.241604,-0.036682,0.274338,-0.041785,-0.960025,-0.000343,3.710976
339845,-0.002213,0.901475,-0.241578,-0.036346,0.274669,-0.041323,-0.959963,0.000000,3.410225
339848,-0.002164,0.901469,-0.241575,-0.036195,0.274619,-0.041073,-0.959994,0.000000,3.167839
339852,-0.002061,0.901466,-0.241598,-0.035888,0.274317,-0.040467,-0.960117,-0.000343,2.917557
339856,-0.002065,0.901475,-0.241624,-0.035684,0.274466,-0.040553,-0.960078,-0.000343,2.670364
339859,-0.002033,0.901479,-0.241656,-0.035538,0.274412,-0.040040,-0.960121,-0.000343,2.443085
339863,-0.002031,0.901483,-0.241702,-0.035319,0.274411,-0.039950,-0.960133,-0.000343,2.223701
339866,-0.002030,0.901484,-0.241727,-0.035178,0.274562,-0.039569,-0.960111,0.000000,2.017708
339870,-0.001955,0.901499,-0.241767,-0.034983,0.274237,-0.039407,-0.960217,-0.000343,1.832314
339873,-0.001914,0.901498,-0.241771,-0.034844,0.274220,-0.039021,-0.960243,0.000000,1.636963
339877,-0.001953,0.901499,-0.241731,-0.034796,0.274542,-0.039175,-0.960146,0.000000,1.471138
339880,-0.001923,0.901495,-0.241703,-0.034691,0.274486,-0.038847,-0.960180,0.000000,1.310463
339884,-0.001880,0.901482,-0.241664,-0.034608,0.274205,-0.038577,-0.960274,0.000000,1.172104
339888,-0.001891,0.901486,-0.241644,-0.034486,0.274493,-0.038307,-0.960207,0.000000,1.058464
339891,-0.001861,0.901485,-0.241657,-0.034432,0.274323,-0.038324,-0.960257,0.000000,0.953064
339894,-0.001832,0.901487,-0.241680,-0.034340,0.274184,-0.038058,-0.960310,0.000000,0.841827
339898,-0.001858,0.901499,-0.241709,-0.034170,0.274384,-0.038056,-0.960259,0.000000,0.743980
339902,-0.001808,0.901500,-0.241742,-0.034073,0.274193,-0.037585,-0.960336,0.000000,0.636864
339905,-0.001811,0.901495,-0.241748,-0.034056,0.274119,-0.037642,-0.960355,0.000343,0.531120
339909,-0.001836,0.901502,-0.241745,-0.033919,0.274510,-0.037433,-0.960256,0.000343,0.443916
339912,-0.001812,0.901500,-0.241744,-0.033915,0.274438,-0.037530,-0.960273,0.000000,0.367355
339916,-0.001734,0.901493,-0.241758,-0.033799,0.274205,-0.037078,-0.960361,0.000343,0.326500
339919,-0.001741,0.901494,-0.241754,-0.033739,0.274318,-0.037178,-0.960328,0.000000,0.275688
339923,-0.001729,0.901493,-0.241760,-0.033696,0.274280,-0.037014,-0.960346,0.000343,0.227966
339927,-0.001760,0.901497,-0.241765,-0.033633,0.274309,-0.037221,-0.960332,0.000687,0.190544
339930,-0.001789,0.901499,-0.241760,-0.033620,0.274456,-0.036943,-0.960301,0.000343,0.150032
339934,-0.001751,0.901499,-0.241778,-0.033581,0.274064,-0.037063,-0.960410,0.000343,0.115356
339937,-0.001726,0.901502,-0.241772,-0.033550,0.274081,-0.036747,-0.960419,0.000343,0.081711
339940,-0.001718,0.901499,-0.241756,-0.033515,0.274214,-0.036682,-0.960384,0.000343,0.056648
339944,-0.001710,0.901499,-0.241735,-0.033465,0.274338,-0.036780,-0.960347,0.000343,0.048752
339948,-0.001648,0.901493,-0.241714,-0.033496,0.274135,-0.036823,-0.960402,0.000343,0.039482
339951,-0.001635,0.901493,-0.241704,-0.033475,0.274310,-0.036659,-0.960359,0.000343,0.022316
339955,-0.001613,0.901489,-0.241714,-0.033421,0.274174,-0.036771,-0.960396,0.000343,0.003777
339959,-0.001613,0.901496,-0.241745,-0.033358,0.274340,-0.036501,-0.960361,0.000343,-0.008583
339962,-0.001649,0.901502,-0.241774,-0.033354,0.274387,-0.036740,-0.960338,0.000343,-0.015793
339965,-0.001677,0.901507,-0.241795,-0.033311,0.274393,-0.036696,-0.960340,0.000687,-0.017853
339969,-0.001669,0.901504,-0.241827,-0.033316,0.274044,-0.036560,-0.960444,0.000343,-0.018196
339973,-0.001744,0.901506,-0.241817,-0.033247,0.274495,-0.036413,-0.960324,0.000687,-0.018196
339976,-0.001739,0.901502,-0.241806,-0.033287,0.274382,-0.036677,-0.960344,0.000343,-0.017853
339980,-0.001668,0.901500,-0.241793,-0.033243,0.274176,-0.036268,-0.960420,0.000343,-0.017853
339983,-0.001675,0.901494,-0.241766,-0.033268,0.274295,-0.036426,-0.960380,0.000343,-0.017853
339987,-0.001618,0.901491,-0.241744,-0.033229,0.274211,-0.036242,-0.960412,0.000687,-0.017853
339991,-0.001616,0.901492,-0.241730,-0.033208,0.274251,-0.036484,-0.960392,0.000343,-0.017509
339994,-0.001629,0.901491,-0.241728,-0.033209,0.274455,-0.036251,-0.960342,0.000687,-0.017509
339997,-0.001636,0.901496,-0.241745,-0.033218,0.274474,-0.036344,-0.960333,0.000343,-0.017509
340001,-0.001586,0.901498,-0.241789,-0.033183,0.274063,-0.036101,-0.960461,0.000000,-0.017166
340005,-0.001665,0.901507,-0.241806,-0.033141,0.274357,-0.036552,-0.960361,0.000687,-0.016823
340008,-0.001649,0.901510,-0.241815,-0.033093,0.274306,-0.036298,-0.960387,0.000687,-0.016479
340011,-0.001643,0.901500,-0.241814,-0.033129,0.274175,-0.036224,-0.960426,0.000343,-0.015450
340015,-0.001659,0.901500,-0.241788,-0.033095,0.274259,-0.036221,-0.960403,0.000343,-0.014763
340019,-0.001648,0.901492,-0.241765,-0.033152,0.274131,-0.036434,-0.960430,0.000687,-0.013046
340022,-0.001618,0.901488,-0.241756,-0.033135,0.274032,-0.036201,-0.960468,0.000687,-0.009956
340026,-0.001660,0.901492,-0.241741,-0.033140,0.274358,-0.036458,-0.960365,0.000687,-0.006523
340029,-0.001653,0.901491,-0.241751,-0.033134,0.274386,-0.036311,-0.960362,0.000687,-0.002747
340033,-0.001598,0.901497,-0.241791,-0.033088,0.273970,-0.036252,-0.960485,0.000687,0.001030
340036,-0.001613,0.901495,-0.241810,-0.033071,0.274073,-0.036286,-0.960455,0.000687,0.003433
340040,-0.001649,0.901504,-0.241823,-0.033073,0.274314,-0.036363,-0.960383,0.000687,0.005150
340044,-0.001600,0.901504,-0.241845,-0.032991,0.274162,-0.035967,-0.960444,0.000687,0.006180
340047,-0.001630,0.901501,-0.241826,-0.033044,0.274288,-0.036271,-0.960395,0.000687,0.006523
340051,-0.001587,0.901501,-0.241816,-0.033020,0.274161,-0.035974,-0.960443,0.000687,0.006866
340054,-0.001568,0.901496,-0.241803,-0.033046,0.273995,-0.036133,-0.960484,0.000687,0.006866
340058,-0.001616,0.901496,-0.241764,-0.033037,0.274440,-0.036022,-0.960361,0.000687,0.006866
340061,-0.001612,0.901503,-0.241758,-0.033062,0.274449,-0.036191,-0.960352,0.000687,0.006866
340065,-0.001553,0.901497,-0.241775,-0.033012,0.274034,-0.035840,-0.960485,0.000687,0.006866
340068,-0.001587,0.901496,-0.241776,-0.033021,0.274144,-0.035983,-0.960448,0.000687,0.006866
340072,-0.001618,0.901502,-0.241786,-0.033028,0.274316,-0.035994,-0.960398,0.000687,0.006866
340075,-0.001613,0.901504,-0.241799,-0.033007,0.274107,-0.036028,-0.960457,0.000687,0.006866
340079,-0.001633,0.901505,-0.241802,-0.032943,0.274286,-0.035990,-0.960410,0.000687,0.006866
340083,-0.001614,0.901502,-0.241813,-0.033019,0.274115,-0.036265,-0.960446,0.000687,0.006866
340086,-0.001569,0.901503,-0.241819,-0.033010,0.274073,-0.035921,-0.960471,0.000687,0.006866
340090,-0.001619,0.901504,-0.241796,-0.032992,0.274345,-0.036316,-0.960379,0.000687,0.006523
340093,-0.001603,0.901505,-0.241788,-0.032966,0.274387,-0.036073,-0.960377,0.000343,0.006523
340097,-0.001552,0.901502,-0.241792,-0.032978,0.273936,-0.036097,-0.960504,0.000687,0.006866
340101,-0.001615,0.901505,-0.241770,-0.032995,0.274453,-0.035996,-0.960360,0.000687,0.006866
340104,-0.001605,0.901502,-0.241779,-0.033014,0.274298,-0.036234,-0.960395,0.000687,0.006523
340108,-0.001584,0.901501,-0.241796,-0.032923,0.274150,-0.035858,-0.960454,0.000687,0.006866
340111,-0.001629,0.901504,-0.241792,-0.032980,0.274290,-0.036183,-0.960400,0.000687,0.006523
340115,-0.001590,0.901508,-0.241814,-0.032929,0.274142,-0.035820,-0.960458,0.000687,0.006866
340118,-0.001591,0.901505,-0.241813,-0.032950,0.273954,-0.036044,-0.960502,0.000687,0.006523
340122,-0.001640,0.901507,-0.241796,-0.032909,0.274460,-0.035901,-0.960365,0.000343,0.006523
340125,-0.001633,0.901507,-0.241794,-0.032936,0.274402,-0.036132,-0.960371,0.000343,0.006523
340129,-0.001574,0.901498,-0.241793,-0.032940,0.274045,-0.035734,-0.960488,0.000687,0.006523
340132,-0.001586,0.901503,-0.241793,-0.032922,0.274113,-0.035919,-0.960462,0.000687,0.006523
340136,-0.001594,0.901502,-0.241787,-0.032913,0.274299,-0.035852,-0.960412,0.000687,0.006523
340139,-0.001579,0.901501,-0.241793,-0.032914,0.274097,-0.035933,-0.960467,0.000687,0.006523
340143,-0.001584,0.901506,-0.241800,-0.032883,0.274329,-0.035826,-0.960406,0.000687,0.006523
340147,-0.001579,0.901502,-0.241808,-0.032944,0.274074,-0.036096,-0.960466,0.000687,0.006523
340150,-0.001541,0.901503,-0.241818,-0.032883,0.274043,-0.035698,-0.960492,0.000687,0.006180
340154,-0.001611,0.901510,-0.241805,-0.032929,0.274372,-0.036173,-0.960379,0.000687,0.006180
340157,-0.001610,0.901508,-0.241799,-0.032888,0.274395,-0.035958,-0.960382,0.000687,0.006180
340161,-0.001560,0.901501,-0.241801,-0.032906,0.273951,-0.036057,-0.960504,0.000687,0.006180
340164,-0.001574,0.901499,-0.241786,-0.032910,0.274113,-0.035858,-0.960465,0.000687,0.006180
340168,-0.001603,0.901506,-0.241780,-0.032915,0.274262,-0.036171,-0.960411,0.000687,0.005836
340172,-0.001556,0.901505,-0.241788,-0.032911,0.274210,-0.035812,-0.960439,0.000687,0.005836
340175,-0.001578,0.901507,-0.241788,-0.032886,0.274259,-0.036165,-0.960413,0.000687,0.005836
340178,-0.001573,0.901512,-0.241794,-0.032828,0.274370,-0.036018,-0.960389,0.000687,0.005493
340182,-0.001517,0.901506,-0.241806,-0.032858,0.273925,-0.035997,-0.960515,0.000687,0.005493
340186,-0.001581,0.901510,-0.241789,-0.032848,0.274466,-0.035822,-0.960368,0.001030,0.005493
340189,-0.001591,0.901509,-0.241785,-0.032834,0.274307,-0.036036,-0.960406,0.000687,0.005493
340193,-0.001541,0.901505,-0.241791,-0.032856,0.274051,-0.035629,-0.960493,0.000687,0.005150
340196,-0.001574,0.901509,-0.241790,-0.032881,0.274143,-0.035929,-0.960455,0.000687,0.005150
340200,-0.001590,0.901504,-0.241792,-0.032871,0.274287,-0.035747,-0.960421,0.000343,0.005150
340203,-0.001578,0.901504,-0.241806,-0.032880,0.274073,-0.035913,-0.960476,0.000687,0.004807
340207,-0.001597,0.901512,-0.241805,-0.032842,0.274343,-0.035731,-0.960406,0.000343,0.004807
340210,-0.001621,0.901514,-0.241804,-0.032854,0.274412,-0.035995,-0.960377,0.000687,0.004463
340214,-0.001555,0.901504,-0.241823,-0.032820,0.274006,-0.035604,-0.960508,0.000687,0.004463
340218,-0.001619,0.901509,-0.241803,-0.032863,0.274375,-0.036118,-0.960382,0.000343,0.004120
340221,-0.001604,0.901508,-0.241804,-0.032856,0.274419,-0.035821,-0.960381,0.000343,0.003777
340225,-0.001545,0.901505,-0.241807,-0.032829,0.273908,-0.035968,-0.960522,0.000343,0.003777
340228,-0.001551,0.901500,-0.241798,-0.032834,0.274139,-0.035678,-0.960467,0.000687,0.003433
340232,-0.001571,0.901506,-0.241796,-0.032867,0.274208,-0.036101,-0.960430,0.001030,0.003090
340235,-0.001539,0.901506,-0.241801,-0.032825,0.274074,-0.035746,-0.960483,0.000687,0.002747
340239,-0.001595,0.901511,-0.241792,-0.032851,0.274302,-0.036095,-0.960404,0.000687,0.002403
340243,-0.001561,0.901507,-0.241800,-0.032835,0.274056,-0.035769,-0.960487,0.000687,0.002060
340246,-0.001567,0.901506,-0.241803,-0.032864,0.273927,-0.035990,-0.960515,0.000687,0.001717
340250,-0.001621,0.901508,-0.241788,-0.032809,0.274436,-0.035824,-0.960378,0.000343,0.001717
340253,-0.001620,0.901509,-0.241790,-0.032850,0.274324,-0.036127,-0.960397,0.000687,0.001373
340257,-0.001544,0.901508,-0.241803,-0.032806,0.274066,-0.035639,-0.960490,0.000687,0.001030
340260,-0.001561,0.901512,-0.241808,-0.032788,0.274180,-0.035965,-0.960446,0.000687,0.000687
340264,-0.001544,0.901509,-0.241807,-0.032804,0.274231,-0.035656,-0.960443,0.000343,0.000343
340267,-0.001519,0.901510,-0.241818,-0.032832,0.274009,-0.035893,-0.960496,0.000343,0.000343
340271,-0.001549,0.901512,-0.241804,-0.032795,0.274381,-0.035717,-0.960398,0.000687,0.000000
340274,-0.001575,0.901516,-0.241798,-0.032830,0.274396,-0.035997,-0.960382,0.000687,0.000000
340278,-0.001505,0.901509,-0.241809,-0.032762,0.274008,-0.035596,-0.960510,0.000343,-0.000343
340281,-0.001532,0.901509,-0.241800,-0.032820,0.274065,-0.035784,-0.960485,0.000343,-0.000343
340285,-0.001576,0.901510,-0.241790,-0.032779,0.274371,-0.035739,-0.960400,0.000687,-0.000687
340289,-0.001535,0.901505,-0.241798,-0.032802,0.273937,-0.035842,-0.960520,0.000687,-0.000687
340292,-0.001552,0.901511,-0.241791,-0.032771,0.274154,-0.035636,-0.960466,0.000343,-0.001030
340296,-0.001563,0.901507,-0.241795,-0.032819,0.274149,-0.035959,-0.960454,0.000687,-0.001030
340299,-0.001532,0.901507,-0.241799,-0.032747,0.274022,-0.035607,-0.960506,0.000687,-0.000687
340303,-0.001579,0.901514,-0.241798,-0.032801,0.274279,-0.036026,-0.960415,0.000343,-0.001030
340306,-0.001578,0.901515,-0.241801,-0.032763,0.274427,-0.035812,-0.960382,0.000687,-0.001030
340310,-0.001521,0.901506,-0.241818,-0.032802,0.273891,-0.035913,-0.960530,0.000343,-0.001030
340314,-0.001576,0.901515,-0.241811,-0.032771,0.274425,-0.035875,-0.960380,0.000687,-0.001030
340317,-0.001573,0.901515,-0.241808,-0.032816,0.274326,-0.036096,-0.960398,0.000687,-0.001030
340320,-0.001544,0.901514,-0.241816,-0.032781,0.274173,-0.035799,-0.960455,0.000687,-0.001030
340324,-0.001549,0.901511,-0.241813,-0.032782,0.274160,-0.035937,-0.960453,0.000343,-0.001030
340328,-0.001549,0.901512,-0.241809,-0.032784,0.274199,-0.035746,-0.960449,0.000343,-0.001373
340331,-0.001534,0.901512,-0.241814,-0.032764,0.273947,-0.035900,-0.960516,0.000343,-0.001030
340335,-0.001570,0.901511,-0.241798,-0.032768,0.274372,-0.035750,-0.960400,0.000343,-0.001373
340338,-0.001586,0.901514,-0.241799,-0.032794,0.274359,-0.036099,-0.960390,0.000343,-0.001030
340342,-0.001499,0.901511,-0.241816,-0.032713,0.274016,-0.035593,-0.960509,0.000687,-0.001373
340345,-0.001525,0.901511,-0.241810,-0.032783,0.274023,-0.035890,-0.960494,0.000343,-0.001373
340349,-0.001546,0.901514,-0.241809,-0.032736,0.274384,-0.035721,-0.960399,0.000343,-0.001373
340353,-0.001504,0.901502,-0.241808,-0.032783,0.274001,-0.035714,-0.960507,0.000687,-0.001373
340356,-0.001528,0.901508,-0.241807,-0.032703,0.274189,-0.035565,-0.960461,0.000687,-0.001373
340360,-0.001535,0.901507,-0.241805,-0.032794,0.274139,-0.035836,-0.960462,0.000687,-0.001373
340363,-0.001515,0.901504,-0.241813,-0.032705,0.274006,-0.035524,-0.960515,0.000343,-0.001373
340367,-0.001571,0.901514,-0.241809,-0.032748,0.274332,-0.035921,-0.960406,0.000343,-0.001373
340370,-0.001579,0.901514,-0.241811,-0.032697,0.274408,-0.035711,-0.960394,0.000343,-0.001373
340373,-0.001578,0.901514,-0.241816,-0.032776,0.274369,-0.035786,-0.960399,0.000343,-0.001373
340377,-0.001528,0.901513,-0.241834,-0.032716,0.274043,-0.035592,-0.960501,0.000687,-0.001373
340381,-0.001577,0.901513,-0.241820,-0.032789,0.274265,-0.036032,-0.960419,0.000343,-0.001373
340385,-0.001520,0.901511,-0.241821,-0.032733,0.274053,-0.035750,-0.960492,0.000687,-0.001373
340388,-0.001544,0.901509,-0.241812,-0.032767,0.274180,-0.035930,-0.960448,0.000343,-0.001373
340392,-0.001525,0.901507,-0.241807,-0.032749,0.274152,-0.035750,-0.960464,0.000343,-0.001373
340395,-0.001498,0.901511,-0.241808,-0.032763,0.273935,-0.035876,-0.960520,0.000687,-0.001030
340398,-0.001492,0.901506,-0.241809,-0.032744,0.273958,-0.035659,-0.960522,0.000343,-0.001373
340402,-0.001562,0.901518,-0.241799,-0.032765,0.274329,-0.036006,-0.960403,0.000343,-0.001373
340406,-0.001504,0.901509,-0.241817,-0.032701,0.273982,-0.035591,-0.960519,0.000343,-0.001373
340409,-0.001534,0.901511,-0.241813,-0.032739,0.274007,-0.035837,-0.960502,0.000343,-0.001373
340413,-0.001563,0.901516,-0.241811,-0.032718,0.274327,-0.035685,-0.960417,0.000343,-0.001373
340417,-0.001527,0.901508,-0.241813,-0.032719,0.274023,-0.035634,-0.960506,0.000343,-0.001373
340420,-0.001541,0.901510,-0.241813,-0.032692,0.274206,-0.035597,-0.960456,0.000343,-0.001373
340423,-0.001560,0.901517,-0.241802,-0.032742,0.274340,-0.035964,-0.960402,0.000343,-0.001373
340427,-0.001503,0.901507,-0.241815,-0.032713,0.274038,-0.035530,-0.960506,0.000343,-0.001373
340431,-0.001554,0.901514,-0.241810,-0.032740,0.274371,-0.035857,-0.960397,0.000343,-0.001373
340434,-0.001555,0.901517,-0.241807,-0.032704,0.274435,-0.035681,-0.960387,0.000343,-0.001373
340438,-0.001494,0.901512,-0.241827,-0.032718,0.273906,-0.035695,-0.960537,0.000343,-0.001373
340441,-0.001508,0.901510,-0.241824,-0.032679,0.274078,-0.035510,-0.960496,0.000000,-0.001373
340445,-0.001555,0.901512,-0.241816,-0.032747,0.274268,-0.035912,-0.960424,0.000000,-0.001030
340448,-0.001518,0.901507,-0.241824,-0.032746,0.274137,-0.035567,-0.960475,0.000000,-0.001030
340452,-0.001548,0.901513,-0.241809,-0.032745,0.274223,-0.035866,-0.960439,0.000343,-0.001373
340452,-0.001548,0.901513,-0.241809,-0.032745,0.274223,-0.035866,-0.960439,0.000343,-0.001373
340452,-0.001548,0.901513,-0.241809,-0.032745,0.274223,-0.035866,-0.960439,0.000343,-0.001373
340452,-0.001548,0.901513,-0.241809,-0.032745,0.274223,-0.035866,-0.960439,0.000343,-0.001373
340452,-0.001548,0.901513,-0.241809,-0.032745,0.274223,-0.035866,-0.960439,0.000343,-0.001373
340452,-0.001548,0.901513,-0.241809,-0.032745,0.274223,-0.035866,-0.960439,0.000343,-0.001373
340452,-0.001548,0.901513,-0.241809,-0.032745,0.274223,-0.035866,-0.960439,0.000343,-0.001373
340452,-0.001548,0.901513,-0.241809,-0.032745,0.274223,-0.035866,-0.960439,0.000343,-0.001373
340452,-0.001548,0.901513,-0.241809,-0.032745,0.274223,-0.035866,-0.960439,0.000343,-0.001373
340452,-0.001548,0.901513,-0.241809,-0.032745,0.274223,-0.035866,-0.960439,0.000343,-0.001373
340452,-0.001548,0.901513,-0.241809,-0.032745,0.274223,-0.035866,-0.960439,0.000343,-0.001373
340452,-0.001548,0.901513,-0.241809,-0.032745,0.274223,-0.035866,-0.960439,0.000343,-0.001373
340452,-0.001548,0.901513,-0.241809,-0.032745,0.274223,-0.035866,-0.960439,0.000343,-0.001373
340452,-0.001548,0.901513,-0.241809,-0.032745,0.274223,-0.035866,-0.960439,0.000343,-0.001373
340452,-0.001548,0.901513,-0.241809,-0.032745,0.274223,-0.035866,-0.960439,0.000343,-0.001373
340452,-0.001548,0.901513,-0.241809,-0.032745,0.274223,-0.035866,-0.960439,0.000343,-0.001373
340452,-0.001548,0.901513,-0.241809,-0.032745,0.274223,-0.035866,-0.960439,0.000343,-0.001373
