0,0.000000,0.000000,0.000000,0.000000,0.000000,0.000000,0.000000,0.000000,0.000000
0,0.000000,0.000000,0.000000,0.000000,0.000000,0.000000,0.000000,0.000000,0.000000
0,0.000000,0.000000,0.000000,0.000000,0.000000,0.000000,0.000000,0.000000,0.000000
0,0.000000,0.000000,0.000000,0.000000,0.000000,0.000000,0.000000,0.000000,0.000000
0,0.000000,0.000000,0.000000,0.000000,0.000000,0.000000,0.000000,0.000000,0.000000
0,0.000000,0.000000,0.000000,0.000000,0.000000,0.000000,0.000000,0.000000,0.000000
0,0.000000,0.000000,0.000000,0.000000,0.000000,0.000000,0.000000,0.000000,0.000000
0,0.000000,0.000000,0.000000,0.000000,0.000000,0.000000,0.000000,0.000000,0.000000
0,0.000000,0.000000,0.000000,0.000000,0.000000,0.000000,0.000000,0.000000,0.000000
0,0.000000,0.000000,0.000000,0.000000,0.000000,0.000000,0.000000,0.000000,0.000000
0,0.000000,0.000000,0.000000,0.000000,0.000000,0.000000,0.000000,0.000000,0.000000
0,0.000000,0.000000,0.000000,0.000000,0.000000,0.000000,0.000000,0.000000,0.000000
0,0.000000,0.000000,0.000000,0.000000,0.000000,0.000000,0.000000,0.000000,0.000000
0,0.000000,0.000000,0.000000,0.000000,0.000000,0.000000,0.000000,0.000000,0.000000
0,0.000000,0.000000,0.000000,0.000000,0.000000,0.000000,0.000000,0.000000,0.000000
0,0.000000,0.000000,0.000000,0.000000,0.000000,0.000000,0.000000,0.000000,0.000000
0,0.000000,0.000000,0.000000,0.000000,0.000000,0.000000,0.000000,0.000000,0.000000
0,0.000000,0.000000,0.000000,0.000000,0.000000,0.000000,0.000000,0.000000,0.000000
0,0.000000,0.000000,0.000000,0.000000,0.000000,0.000000,0.000000,0.000000,0.000000
0,0.000000,0.000000,0.000000,0.000000,0.000000,0.000000,0.000000,0.000000,0.000000
0,0.000000,0.000000,0.000000,0.000000,0.000000,0.000000,0.000000,0.000000,0.000000
0,0.000000,0.000000,0.000000,0.000000,0.000000,0.000000,0.000000,199.998894,0.000343
251712,-0.053151,0.892163,-0.226964,-0.132403,0.278679,-0.189837,-0.932078,199.998894,0.000343
251715,-0.053130,0.892171,-0.226963,-0.132402,0.278622,-0.189607,-0.932142,199.998894,0.000343
251719,-0.053193,0.892147,-0.226956,-0.132413,0.279007,-0.189868,-0.931972,199.998894,0.000000
251723,-0.053130,0.892169,-0.226957,-0.132403,0.278709,-0.189452,-0.932147,199.998894,0.000000
251726,-0.053140,0.892171,-0.226952,-0.132424,0.278710,-0.189756,-0.932082,199.999237,0.000343
251730,-0.053195,0.892148,-0.226947,-0.132444,0.279060,-0.189610,-0.932004,199.998894,0.000343
251733,-0.053179,0.892152,-0.226942,-0.132415,0.278865,-0.189834,-0.932021,199.998894,0.000343
251737,-0.053138,0.892166,-0.226945,-0.132361,0.278805,-0.189513,-0.932112,199.998894,0.000343
251740,-0.053173,0.892150,-0.226943,-0.132410,0.278965,-0.189781,-0.932003,199.998894,0.000343
251744,-0.053115,0.892168,-0.226947,-0.132409,0.278759,-0.189459,-0.932130,199.998894,0.000343
251747,-0.053103,0.892172,-0.226948,-0.132375,0.278652,-0.189636,-0.932131,199.999237,0.000343
251751,-0.053166,0.892149,-0.226937,-0.132422,0.279103,-0.189559,-0.932005,199.998894,0.000343
251755,-0.053114,0.892170,-0.226956,-0.132382,0.278598,-0.189720,-0.932129,199.998894,0.000343
251758,-0.053116,0.892174,-0.226960,-0.132367,0.278674,-0.189480,-0.932157,199.998894,0.000343
251762,-0.053196,0.892144,-0.226967,-0.132437,0.278976,-0.189869,-0.931978,199.998894,0.000343
251765,-0.053166,0.892160,-0.226982,-0.132376,0.278847,-0.189615,-0.932077,199.999237,0.000000
251769,-0.053169,0.892157,-0.226993,-0.132394,0.278787,-0.189777,-0.932059,199.998894,0.000343
251772,-0.053176,0.892151,-0.226994,-0.132400,0.279014,-0.189618,-0.932023,199.999237,0.000343
251776,-0.053126,0.892171,-0.226993,-0.132387,0.278692,-0.189805,-0.932083,199.998894,0.000343
251779,-0.053102,0.892176,-0.226983,-0.132350,0.278630,-0.189564,-0.932156,199.998894,0.000343
251783,-0.053177,0.892144,-0.226962,-0.132438,0.279010,-0.189902,-0.931961,199.998894,0.000000
251787,-0.053114,0.892167,-0.226950,-0.132387,0.278663,-0.189546,-0.932144,199.999237,0.000343
251790,-0.053138,0.892158,-0.226938,-0.132403,0.278651,-0.189792,-0.932095,199.999237,0.000343
251794,-0.053195,0.892143,-0.226938,-0.132369,0.279016,-0.189665,-0.932017,199.999237,0.000343
251797,-0.053187,0.892148,-0.226944,-0.132415,0.278869,-0.189849,-0.932017,199.999237,0.000000
251800,-0.053155,0.892159,-0.226953,-0.132406,0.278724,-0.189776,-0.932077,199.999237,0.000343
251804,-0.053185,0.892153,-0.226961,-0.132373,0.278922,-0.189841,-0.932009,199.999237,0.000343
251808,-0.053120,0.892167,-0.226971,-0.132395,0.278726,-0.189514,-0.932131,199.999237,0.000343
251811,-0.053103,0.892168,-0.226966,-0.132379,0.278629,-0.189737,-0.932117,199.999237,0.000343
251815,-0.053148,0.892143,-0.226955,-0.132427,0.279140,-0.189545,-0.931996,199.998894,0.000343
251818,-0.053145,0.892137,-0.226947,-0.132478,0.279062,-0.189754,-0.931970,199.998894,0.000343
251822,-0.053083,0.892161,-0.226959,-0.132373,0.278713,-0.189480,-0.932145,199.999237,0.000343
251825,-0.053120,0.892151,-0.226966,-0.132392,0.278838,-0.189687,-0.932063,199.999237,0.000343
251829,-0.053134,0.892160,-0.226984,-0.132386,0.278871,-0.189553,-0.932081,199.999237,0.000343
251833,-0.053172,0.892159,-0.227000,-0.132376,0.278840,-0.189742,-0.932053,199.999237,0.000343
251836,-0.053209,0.892149,-0.227002,-0.132402,0.279060,-0.189549,-0.932023,199.999237,0.000343
251840,-0.053189,0.892167,-0.227002,-0.132364,0.278664,-0.189794,-0.932097,199.999237,0.000343
251843,-0.053169,0.892175,-0.226994,-0.132382,0.278661,-0.189543,-0.932146,199.999237,0.000343
251847,-0.053234,0.892141,-0.226963,-0.132406,0.279021,-0.189932,-0.931956,199.999237,0.000343
251851,-0.053143,0.892166,-0.226947,-0.132376,0.278655,-0.189644,-0.932128,199.999237,0.000687
251854,-0.053142,0.892157,-0.226936,-0.132421,0.278689,-0.189719,-0.932096,199.999580,0.000343
251858,-0.053168,0.892142,-0.226932,-0.132455,0.279024,-0.189677,-0.932000,199.999580,0.000343
251861,-0.053149,0.892149,-0.226946,-0.132422,0.278833,-0.189805,-0.932036,199.999580,0.000000
251865,-0.053140,0.892163,-0.226974,-0.132352,0.278838,-0.189622,-0.932081,199.999580,0.000343
251868,-0.053191,0.892150,-0.226985,-0.132409,0.278961,-0.189845,-0.931991,199.999580,0.000000
251872,-0.053156,0.892176,-0.227000,-0.132362,0.278723,-0.189569,-0.932125,199.999580,0.000343
251875,-0.053179,0.892169,-0.226991,-0.132379,0.278584,-0.189784,-0.932121,199.999580,0.000000
251879,-0.053259,0.892137,-0.226968,-0.132436,0.279120,-0.189611,-0.931987,199.999580,0.000343
251882,-0.053247,0.892136,-0.226958,-0.132481,0.279017,-0.189824,-0.931969,199.999580,0.000343
251886,-0.053156,0.892169,-0.226955,-0.132398,0.278736,-0.189486,-0.932133,199.999580,0.000343
251889,-0.053163,0.892157,-0.226956,-0.132419,0.278825,-0.189742,-0.932051,199.999580,0.000343
251893,-0.053133,0.892161,-0.226961,-0.132389,0.278823,-0.189508,-0.932104,199.999580,0.000343
251897,-0.053147,0.892154,-0.226963,-0.132372,0.278854,-0.189656,-0.932067,199.999924,0.000343
251900,-0.053171,0.892146,-0.226973,-0.132405,0.279047,-0.189514,-0.932033,199.999924,0.000343
251904,-0.053138,0.892165,-0.226987,-0.132417,0.278680,-0.189652,-0.932113,199.999580,0.000343
251907,-0.053115,0.892177,-0.226994,-0.132377,0.278672,-0.189428,-0.932167,199.999924,0.000343
251911,-0.053184,0.892149,-0.226995,-0.132395,0.279013,-0.189795,-0.931988,199.999924,0.000000
251914,-0.053159,0.892151,-0.226992,-0.132389,0.278947,-0.189580,-0.932052,199.999924,0.000343
251918,-0.053121,0.892167,-0.226979,-0.132405,0.278704,-0.189699,-0.932098,200.000267,0.000343
251922,-0.053167,0.892143,-0.226959,-0.132450,0.278984,-0.189740,-0.932000,199.999924,0.000000
251925,-0.053140,0.892149,-0.226957,-0.132414,0.278818,-0.189815,-0.932039,199.999924,0.000000
251928,-0.053096,0.892163,-0.226957,-0.132406,0.278722,-0.189475,-0.932138,199.999580,0.000343
251932,-0.053161,0.892146,-0.226956,-0.132435,0.278966,-0.189834,-0.931988,199.999924,0.000000
251936,-0.053117,0.892165,-0.226974,-0.132410,0.278719,-0.189595,-0.932115,199.999580,0.000343
251939,-0.053118,0.892170,-0.226977,-0.132398,0.278575,-0.189762,-0.932125,199.995461,0.000343
251943,-0.053185,0.892146,-0.226973,-0.132437,0.279109,-0.189670,-0.931978,199.974518,0.000343
251946,-0.053179,0.892143,-0.226982,-0.132465,0.278995,-0.189822,-0.931978,199.929199,0.000343
251950,-0.053124,0.892169,-0.226987,-0.132378,0.278749,-0.189563,-0.932116,199.880104,0.000343
251953,-0.053163,0.892152,-0.226981,-0.132418,0.278858,-0.189828,-0.932024,199.808693,0.000000
251957,-0.053145,0.892164,-0.226982,-0.132400,0.278838,-0.189560,-0.932087,199.745865,0.000000
251960,-0.053143,0.892165,-0.226976,-0.132418,0.278659,-0.189780,-0.932093,199.689903,0.000343
251964,-0.053194,0.892143,-0.226971,-0.132440,0.279065,-0.189535,-0.932019,199.648018,0.000343
251967,-0.053209,0.892140,-0.226978,-0.132449,0.279057,-0.189823,-0.931961,199.608192,0.000000
251971,-0.053128,0.892174,-0.226993,-0.132421,0.278726,-0.189418,-0.932147,199.559784,0.000343
251975,-0.053186,0.892155,-0.226999,-0.132423,0.279031,-0.189703,-0.931997,199.497643,0.000343
251978,-0.053165,0.892159,-0.227000,-0.132398,0.278951,-0.189564,-0.932053,199.469833,0.000343
251982,-0.053145,0.892165,-0.226985,-0.132410,0.278730,-0.189696,-0.932090,199.310188,0.000343
251985,-0.053157,0.892153,-0.226976,-0.132410,0.278957,-0.189518,-0.932059,199.253197,0.000343
251989,-0.053160,0.892150,-0.226966,-0.132442,0.278821,-0.189764,-0.932045,199.064369,0.000343
251992,-0.053117,0.892166,-0.226964,-0.132383,0.278714,-0.189439,-0.932151,198.932877,0.000343
251996,-0.053173,0.892146,-0.226965,-0.132414,0.278976,-0.189849,-0.931985,198.815117,0.000343
251999,-0.053171,0.892142,-0.226966,-0.132441,0.279074,-0.189600,-0.932003,198.750916,0.000343
252003,-0.053124,0.892170,-0.226977,-0.132385,0.278615,-0.189765,-0.932114,198.531532,0.000343
252007,-0.053207,0.892143,-0.226968,-0.132437,0.279098,-0.189760,-0.931964,198.384590,0.000343
252010,-0.053207,0.892142,-0.226976,-0.132443,0.278953,-0.189863,-0.931985,198.236275,0.000343
252014,-0.053157,0.892167,-0.226978,-0.132398,0.278805,-0.189585,-0.932092,198.028908,0.000000
252017,-0.053199,0.892148,-0.226973,-0.132427,0.278899,-0.189893,-0.931997,197.814674,0.000343
252021,-0.053155,0.892162,-0.226974,-0.132415,0.278810,-0.189588,-0.932088,197.616234,0.000000
252024,-0.053144,0.892168,-0.226973,-0.132394,0.278629,-0.189780,-0.932106,197.374535,0.000343
252028,-0.053195,0.892138,-0.226957,-0.132421,0.279090,-0.189612,-0.931998,197.257805,0.000000
252031,-0.053204,0.892139,-0.226956,-0.132476,0.279086,-0.189808,-0.931952,196.988640,0.000343
252035,-0.053128,0.892166,-0.226968,-0.132426,0.278732,-0.189443,-0.932139,196.602402,0.000343
252039,-0.053195,0.892144,-0.226973,-0.132421,0.279008,-0.189728,-0.931999,196.348686,0.000343
252042,-0.053181,0.892154,-0.226985,-0.132410,0.278932,-0.189590,-0.932051,196.220284,0.000343
252046,-0.053177,0.892159,-0.226993,-0.132415,0.278778,-0.189707,-0.932073,195.714912,0.000343
252049,-0.053200,0.892156,-0.226994,-0.132392,0.279002,-0.189562,-0.932039,195.395966,0.000343
252053,-0.053185,0.892160,-0.227008,-0.132380,0.278750,-0.189712,-0.932085,195.082169,0.000343
252056,-0.053151,0.892172,-0.227008,-0.132377,0.278770,-0.189480,-0.932127,194.678078,0.000000
252060,-0.053206,0.892152,-0.227002,-0.132390,0.279051,-0.189810,-0.931974,194.284630,0.000343
252063,-0.053192,0.892152,-0.226997,-0.132350,0.279039,-0.189539,-0.932038,193.918304,0.000000
252067,-0.053131,0.892174,-0.226996,-0.132317,0.278635,-0.189682,-0.932135,193.461685,0.000000
252071,-0.053182,0.892156,-0.226985,-0.132352,0.279113,-0.189635,-0.931996,193.025665,0.000343
252074,-0.053156,0.892162,-0.226989,-0.132358,0.278953,-0.189688,-0.932033,192.640457,0.000343
252078,-0.053106,0.892186,-0.227008,-0.132240,0.278842,-0.189480,-0.932125,192.389488,0.000343
252081,-0.053118,0.892185,-0.227018,-0.132238,0.278915,-0.189613,-0.932077,191.617012,0.000000
252085,-0.053063,0.892203,-0.227032,-0.132198,0.278762,-0.189356,-0.932180,191.114731,0.000343
252088,-0.053034,0.892216,-0.227032,-0.132167,0.278680,-0.189452,-0.932190,190.636482,0.000343
252092,-0.053074,0.892199,-0.227018,-0.132157,0.279150,-0.189298,-0.932082,190.354614,0.000000
252095,-0.053072,0.892202,-0.227010,-0.132150,0.279059,-0.189428,-0.932083,189.424896,0.000343
252099,-0.052983,0.892237,-0.227016,-0.132024,0.278794,-0.188945,-0.932279,188.826485,0.000343
252103,-0.053017,0.892225,-0.227012,-0.132011,0.279070,-0.189057,-0.932175,188.230133,0.000000
252106,-0.052991,0.892238,-0.227020,-0.131986,0.278978,-0.188933,-0.932231,187.607689,0.000343
252110,-0.052980,0.892245,-0.227035,-0.131956,0.278873,-0.188947,-0.932264,186.947823,0.000343
252113,-0.053000,0.892238,-0.227043,-0.131949,0.279029,-0.188786,-0.932251,186.301689,0.000000
252117,-0.052945,0.892263,-0.227065,-0.131869,0.278789,-0.188925,-0.932306,185.589981,0.000000
252120,-0.052882,0.892286,-0.227082,-0.131787,0.278772,-0.188643,-0.932380,184.783173,0.000000
252124,-0.052889,0.892281,-0.227087,-0.131679,0.279024,-0.188751,-0.932298,184.496841,0.000000
252127,-0.052831,0.892298,-0.227093,-0.131618,0.279002,-0.188523,-0.932359,183.631668,0.000343
252131,-0.052714,0.892337,-0.227105,-0.131478,0.278680,-0.188404,-0.932499,182.432442,0.000343
252134,-0.052656,0.892359,-0.227116,-0.131324,0.278895,-0.188023,-0.932534,181.582375,0.000343
252138,-0.052548,0.892399,-0.227144,-0.131109,0.278969,-0.187920,-0.932563,180.801659,0.000343
252142,-0.052364,0.892475,-0.227197,-0.130739,0.278939,-0.187283,-0.932752,179.846535,0.000343
252145,-0.052266,0.892515,-0.227239,-0.130480,0.279007,-0.187060,-0.932812,179.032173,0.000343
252149,-0.052067,0.892594,-0.227291,-0.130066,0.278842,-0.186385,-0.933055,178.000488,0.000000
252152,-0.051928,0.892652,-0.227325,-0.129760,0.278701,-0.186089,-0.933198,177.059097,0.000343
252156,-0.051794,0.892702,-0.227371,-0.129358,0.279131,-0.185304,-0.933282,176.073761,0.000343
252159,-0.051628,0.892766,-0.227415,-0.129004,0.279090,-0.184955,-0.933412,175.164986,0.000343
252163,-0.051305,0.892885,-0.227494,-0.128446,0.278875,-0.183848,-0.933772,174.668541,0.000000
252166,-0.051120,0.892954,-0.227553,-0.128061,0.278891,-0.183440,-0.933900,173.009949,0.000000
252170,-0.050850,0.893057,-0.227632,-0.127632,0.279069,-0.182459,-0.934098,171.947365,0.000343
252173,-0.050589,0.893146,-0.227696,-0.127106,0.278893,-0.181916,-0.934328,170.865211,0.000000
252177,-0.050307,0.893245,-0.227767,-0.126469,0.279080,-0.180753,-0.934585,169.881248,0.000000
252180,-0.050094,0.893318,-0.227822,-0.126026,0.279156,-0.180218,-0.934725,169.317856,0.000000
252184,-0.049674,0.893455,-0.227933,-0.125334,0.278760,-0.178980,-0.935174,167.493439,0.000343
252188,-0.049364,0.893559,-0.228033,-0.124594,0.279067,-0.178216,-0.935327,166.334724,0.000343
252191,-0.049099,0.893648,-0.228117,-0.124106,0.279097,-0.177307,-0.935556,165.163994,0.000000
252195,-0.048710,0.893780,-0.228223,-0.123412,0.278752,-0.176239,-0.935952,163.968887,0.000000
252198,-0.048445,0.893877,-0.228296,-0.122854,0.278960,-0.175271,-0.936145,162.893257,0.000000
252202,-0.048096,0.894003,-0.228394,-0.122162,0.278947,-0.174140,-0.936451,161.542969,0.000343
252205,-0.047774,0.894111,-0.228484,-0.121528,0.278945,-0.173150,-0.936718,160.396957,0.000000
252209,-0.047392,0.894237,-0.228599,-0.120671,0.279088,-0.172065,-0.936986,159.006500,0.000000
252213,-0.046932,0.894384,-0.228711,-0.119855,0.278914,-0.170614,-0.937408,157.730026,0.000343
252216,-0.046601,0.894488,-0.228785,-0.119262,0.278678,-0.169893,-0.937684,156.569939,0.000343
252220,-0.046205,0.894617,-0.228893,-0.118452,0.279158,-0.168329,-0.937926,155.131760,0.000343
252223,-0.045875,0.894716,-0.228982,-0.117910,0.279104,-0.167516,-0.938156,153.813057,0.000000
252227,-0.045434,0.894848,-0.229110,-0.117076,0.278943,-0.166163,-0.938549,152.604561,0.000343
252230,-0.045144,0.894944,-0.229214,-0.116445,0.279047,-0.165245,-0.938758,151.119690,0.000343
252234,-0.044659,0.895096,-0.229357,-0.115467,0.279055,-0.163618,-0.939162,149.752922,0.000343
252237,-0.044295,0.895216,-0.229457,-0.114738,0.278930,-0.162698,-0.939448,149.057693,0.000343
252241,-0.043898,0.895334,-0.229571,-0.113913,0.279200,-0.161204,-0.939726,146.973381,0.000343
252244,-0.043548,0.895437,-0.229682,-0.113180,0.279121,-0.160398,-0.939976,145.713043,0.000343
252248,-0.042964,0.895603,-0.229819,-0.112067,0.278619,-0.158619,-0.940559,144.157104,0.000343
252252,-0.042550,0.895728,-0.229938,-0.111244,0.278943,-0.157391,-0.940768,142.865181,0.000343
252255,-0.042202,0.895822,-0.230024,-0.110665,0.279033,-0.156281,-0.940994,142.153473,0.000343
252259,-0.041683,0.895958,-0.230148,-0.109730,0.278776,-0.154922,-0.941404,139.847374,0.000000
252262,-0.041344,0.896049,-0.230235,-0.109051,0.278915,-0.153609,-0.941657,138.391685,0.000343
252266,-0.040903,0.896175,-0.230346,-0.108209,0.278859,-0.152360,-0.941974,136.914368,0.000343
252269,-0.040514,0.896281,-0.230444,-0.107560,0.278793,-0.151138,-0.942265,135.422287,0.000343
252273,-0.040025,0.896420,-0.230608,-0.106545,0.278980,-0.149827,-0.942534,133.938789,0.000000
252276,-0.039668,0.896517,-0.230710,-0.105917,0.278966,-0.148628,-0.942799,133.193779,0.000343
252280,-0.039176,0.896641,-0.230839,-0.105017,0.278565,-0.147475,-0.943199,130.942955,0.000343
252284,-0.038617,0.896801,-0.231010,-0.103753,0.278644,-0.145522,-0.943619,129.420319,0.000343
252287,-0.038093,0.896931,-0.231150,-0.102872,0.278472,-0.144178,-0.943972,128.038445,0.000000
252291,-0.037381,0.897097,-0.231330,-0.101673,0.278162,-0.141987,-0.944525,126.356163,0.000343
252294,-0.036880,0.897232,-0.231462,-0.100779,0.277904,-0.140952,-0.944852,124.822540,0.000343
252298,-0.036296,0.897370,-0.231634,-0.099753,0.277785,-0.139239,-0.945250,123.442039,0.000343
252301,-0.035925,0.897456,-0.231741,-0.099050,0.277702,-0.138255,-0.945493,121.744995,0.000343
252305,-0.035501,0.897542,-0.231839,-0.098245,0.278102,-0.136848,-0.945664,120.206566,0.000343
252308,-0.035171,0.897625,-0.231926,-0.097536,0.278151,-0.135986,-0.945847,118.810616,0.000000
252312,-0.034655,0.897732,-0.232052,-0.096632,0.277904,-0.134126,-0.946278,118.034019,0.000343
252315,-0.034301,0.897826,-0.232165,-0.095950,0.277933,-0.133125,-0.946480,115.500984,0.000343
252319,-0.033766,0.897960,-0.232342,-0.094884,0.278115,-0.131538,-0.946756,114.873734,0.000343
252323,-0.033175,0.898084,-0.232534,-0.093791,0.277773,-0.129852,-0.947198,113.145103,0.000343
252326,-0.032805,0.898162,-0.232643,-0.093020,0.277927,-0.128585,-0.947402,111.575775,0.000000
252330,-0.032312,0.898273,-0.232782,-0.092131,0.277918,-0.127334,-0.947660,109.197578,0.000343
252333,-0.031930,0.898357,-0.232894,-0.091347,0.277786,-0.125984,-0.947955,108.403473,0.000000
252337,-0.031521,0.898443,-0.232992,-0.090517,0.277898,-0.124948,-0.948139,106.054115,0.000000
252340,-0.031232,0.898513,-0.233062,-0.089941,0.277968,-0.123866,-0.948315,105.410042,0.000343
252344,-0.030761,0.898609,-0.233165,-0.089074,0.277573,-0.122584,-0.948679,103.665962,0.000343
252347,-0.030388,0.898687,-0.233266,-0.088262,0.277637,-0.121283,-0.948904,101.277122,0.000343
252351,-0.029848,0.898790,-0.233427,-0.087152,0.277736,-0.119863,-0.949158,99.689941,0.000343
252355,-0.029267,0.898898,-0.233584,-0.086109,0.277593,-0.118060,-0.949520,98.886223,0.000000
252358,-0.028868,0.898982,-0.233711,-0.085372,0.277613,-0.117108,-0.949699,96.501846,0.000343
252362,-0.028282,0.899106,-0.233889,-0.084297,0.277504,-0.115269,-0.950052,95.067101,0.000000
252365,-0.027895,0.899175,-0.233995,-0.083667,0.277327,-0.114158,-0.950293,94.281921,0.000343
252369,-0.027529,0.899232,-0.234105,-0.082825,0.277582,-0.112897,-0.950443,92.545395,0.000343
252372,-0.027212,0.899290,-0.234211,-0.082143,0.277514,-0.112046,-0.950623,90.175781,0.000343
252376,-0.026618,0.899404,-0.234385,-0.081023,0.277306,-0.110124,-0.951004,88.602676,0.000000
252379,-0.026173,0.899497,-0.234549,-0.080155,0.277309,-0.108843,-0.951225,87.179947,0.000000
252383,-0.025603,0.899596,-0.234743,-0.078937,0.277335,-0.107169,-0.951509,86.394424,0.000000
252386,-0.025155,0.899680,-0.234889,-0.078025,0.277232,-0.106099,-0.951734,83.869972,0.000000
252390,-0.024583,0.899772,-0.235065,-0.076919,0.277250,-0.104199,-0.952029,82.302017,0.000343
252394,-0.024119,0.899838,-0.235180,-0.076070,0.277135,-0.102946,-0.952267,80.899200,0.000343
252397,-0.023780,0.899887,-0.235249,-0.075474,0.277074,-0.101835,-0.952451,79.193573,0.000000
252401,-0.023402,0.899940,-0.235340,-0.074688,0.277265,-0.100818,-0.952566,77.646561,0.000000
252404,-0.023071,0.899995,-0.235424,-0.074018,0.277328,-0.099527,-0.952736,76.264000,0.000343
252408,-0.022577,0.900064,-0.235572,-0.073122,0.276865,-0.098073,-0.953090,75.483971,0.000343
252411,-0.022240,0.900113,-0.235689,-0.072429,0.276852,-0.096934,-0.953263,73.033676,0.000343
252415,-0.021740,0.900197,-0.235883,-0.071452,0.277019,-0.095657,-0.953418,72.262573,0.000343
252418,-0.021242,0.900278,-0.236051,-0.070519,0.276887,-0.094093,-0.953681,69.971581,0.000000
252422,-0.020599,0.900363,-0.236247,-0.069261,0.276719,-0.092379,-0.953989,69.221764,0.000343
252425,-0.020220,0.900415,-0.236383,-0.068409,0.276814,-0.091174,-0.954139,66.964417,0.000343
252429,-0.019713,0.900471,-0.236513,-0.067593,0.276436,-0.089850,-0.954432,66.356392,0.000343
252433,-0.019258,0.900534,-0.236621,-0.066551,0.276709,-0.088253,-0.954575,64.123421,0.000343
252436,-0.018897,0.900582,-0.236707,-0.065812,0.276655,-0.087435,-0.954718,62.514954,0.000343
252440,-0.018385,0.900644,-0.236830,-0.064868,0.276422,-0.085800,-0.954998,61.803589,0.000000
252443,-0.018033,0.900687,-0.236925,-0.064187,0.276324,-0.084879,-0.955155,59.593277,0.000000
252447,-0.017541,0.900758,-0.237111,-0.063142,0.276395,-0.083135,-0.955357,58.150635,0.000343
252450,-0.017159,0.900815,-0.237251,-0.062405,0.276176,-0.082208,-0.955549,56.853218,0.000343
252454,-0.016727,0.900858,-0.237404,-0.061525,0.276202,-0.080614,-0.955735,55.281487,0.000000
252457,-0.016454,0.900890,-0.237504,-0.060869,0.276286,-0.080005,-0.955803,53.871117,0.000000
252461,-0.016041,0.900919,-0.237620,-0.060195,0.276158,-0.078509,-0.956007,52.474480,0.000000
252465,-0.015682,0.900956,-0.237736,-0.059376,0.276264,-0.077596,-0.956102,51.237144,0.000343
252468,-0.015360,0.900993,-0.237842,-0.058710,0.276202,-0.076464,-0.956253,49.720345,0.000000
252472,-0.014828,0.901047,-0.238006,-0.057815,0.275755,-0.075189,-0.956537,48.353233,0.000000
252475,-0.014438,0.901088,-0.238143,-0.057027,0.275892,-0.073781,-0.956654,47.004662,0.000000
252479,-0.013952,0.901135,-0.238319,-0.056084,0.276007,-0.072540,-0.956772,45.792046,0.000343
252482,-0.013615,0.901155,-0.238419,-0.055364,0.275814,-0.071484,-0.956949,45.131493,0.000343
252486,-0.013248,0.901187,-0.238498,-0.054642,0.275845,-0.070499,-0.957055,43.681297,0.000343
252489,-0.012973,0.901205,-0.238556,-0.054119,0.275970,-0.069341,-0.957133,42.386627,0.000000
252493,-0.012509,0.901251,-0.238645,-0.053289,0.275548,-0.068229,-0.957381,41.132812,0.000343
252496,-0.012141,0.901280,-0.238725,-0.052547,0.275462,-0.067058,-0.957530,39.242134,0.000343
252500,-0.011674,0.901325,-0.238847,-0.051654,0.275557,-0.065979,-0.957626,37.971840,0.000000
252504,-0.011194,0.901345,-0.238989,-0.050896,0.275373,-0.064383,-0.957828,36.861534,0.000000
252507,-0.010881,0.901356,-0.239111,-0.050313,0.275415,-0.063586,-0.957900,36.271362,0.000343
252511,-0.010419,0.901402,-0.239295,-0.049349,0.275483,-0.062169,-0.958023,34.356651,0.000343
252514,-0.010112,0.901395,-0.239403,-0.048645,0.275536,-0.061228,-0.958105,33.864326,0.000000
252518,-0.009054,0.901468,-0.239753,-0.046614,0.275602,-0.057545,-0.958415,32.038536,0.000343
252521,-0.008606,0.901521,-0.239948,-0.045452,0.275535,-0.056667,-0.958542,30.907631,0.000000
252525,-0.008418,0.901488,-0.239934,-0.045553,0.275078,-0.055979,-0.958709,29.790802,0.000000
252528,-0.008171,0.901526,-0.240006,-0.044854,0.275149,-0.055509,-0.958749,29.395294,0.000343
252532,-0.007672,0.901538,-0.240099,-0.043839,0.275619,-0.053609,-0.958769,27.649498,0.000343
252536,-0.007341,0.901539,-0.240148,-0.043333,0.275096,-0.052867,-0.958984,26.608887,0.000000
252539,-0.007153,0.901556,-0.240192,-0.042943,0.275237,-0.052290,-0.958992,25.548363,0.000000
252543,-0.006796,0.901581,-0.240332,-0.042202,0.275414,-0.051299,-0.959028,24.514961,0.000000
252546,-0.006464,0.901600,-0.240470,-0.041536,0.275377,-0.050144,-0.959129,23.620949,0.000343
252550,-0.006152,0.901617,-0.240611,-0.040886,0.275244,-0.049419,-0.959232,22.558365,0.000000
252553,-0.005919,0.901625,-0.240691,-0.040466,0.275290,-0.048618,-0.959278,21.637917,0.000000
252557,-0.005541,0.901628,-0.240793,-0.039834,0.274726,-0.047877,-0.959503,20.718155,0.000343
252561,-0.005284,0.901628,-0.240840,-0.039336,0.275160,-0.046949,-0.959445,19.893150,0.000000
252564,-0.005010,0.901632,-0.240897,-0.038887,0.274998,-0.046211,-0.959546,19.004974,0.000000
252567,-0.004607,0.901635,-0.241002,-0.037988,0.274894,-0.044762,-0.959681,18.579254,0.000343
252571,-0.004122,0.901654,-0.241151,-0.036981,0.274778,-0.043460,-0.959813,17.235832,0.000000
252575,-0.003989,0.901647,-0.241200,-0.036654,0.274962,-0.042922,-0.959797,16.440010,0.000343
252578,-0.003829,0.901645,-0.241264,-0.036469,0.274737,-0.042564,-0.959884,15.749245,0.000343
252582,-0.003522,0.901673,-0.241410,-0.035759,0.274860,-0.041400,-0.959927,14.917030,0.000000
252585,-0.003325,0.901676,-0.241497,-0.035350,0.274840,-0.040899,-0.959969,14.190903,0.000000
252589,-0.003044,0.901680,-0.241608,-0.034855,0.274654,-0.039918,-0.960082,13.556786,0.000000
252592,-0.002876,0.901680,-0.241653,-0.034605,0.274636,-0.039592,-0.960110,13.225136,0.000343
252596,-0.002666,0.901673,-0.241697,-0.034110,0.274911,-0.038854,-0.960079,12.154312,0.000000
252599,-0.002441,0.901671,-0.241749,-0.033689,0.274726,-0.038366,-0.960166,11.531181,0.000000
252603,-0.002141,0.901655,-0.241807,-0.033097,0.274594,-0.037376,-0.960263,10.919380,0.000000
252607,-0.001375,0.901664,-0.242055,-0.031584,0.274775,-0.034936,-0.960354,10.388603,0.000000
252610,-0.000954,0.901697,-0.242225,-0.030699,0.274645,-0.033886,-0.960458,9.767876,0.000000
252614,-0.000926,0.901683,-0.242224,-0.030806,0.274647,-0.033994,-0.960450,9.218559,0.000343
252617,-0.000853,0.901702,-0.242261,-0.030466,0.274834,-0.033692,-0.960418,8.711815,0.000000
252621,-0.000610,0.901684,-0.242304,-0.030003,0.274627,-0.032922,-0.960519,8.158379,0.000343
252624,-0.000564,0.901667,-0.242295,-0.029891,0.274631,-0.032604,-0.960532,7.703133,0.000000
252628,-0.000495,0.901668,-0.242302,-0.029683,0.274769,-0.032563,-0.960500,7.244110,0.000000
252632,-0.000254,0.901672,-0.242376,-0.029285,0.274526,-0.031695,-0.960611,6.853065,0.000343
252635,-0.000116,0.901672,-0.242432,-0.029059,0.274606,-0.031340,-0.960607,6.624756,0.000000
252638,0.000018,0.901679,-0.242494,-0.028783,0.274662,-0.030813,-0.960616,5.953217,0.000000
252642,0.000192,0.901680,-0.242564,-0.028507,0.274348,-0.030532,-0.960723,5.555649,0.000000
252646,0.000255,0.901674,-0.242616,-0.028119,0.274496,-0.030064,-0.960707,5.176964,0.000000
252649,0.000286,0.901668,-0.242632,-0.028056,0.274607,-0.030067,-0.960677,4.805489,0.000343
252653,0.000415,0.901676,-0.242694,-0.027823,0.274301,-0.029467,-0.960790,4.485512,0.000000
252656,0.000490,0.901674,-0.242721,-0.027709,0.274220,-0.029459,-0.960816,4.324150,0.000000
252660,0.000558,0.901683,-0.242736,-0.027521,0.274602,-0.029037,-0.960725,3.877831,0.000000
252663,0.000650,0.901676,-0.242733,-0.027349,0.274379,-0.029052,-0.960794,3.720245,0.000343
252667,0.000787,0.901665,-0.242738,-0.027200,0.274221,-0.028491,-0.960860,3.462753,0.000000
252670,0.000869,0.901673,-0.242748,-0.027030,0.274278,-0.028450,-0.960850,3.160286,0.000000
252674,0.001026,0.901665,-0.242781,-0.026800,0.274064,-0.027854,-0.960934,2.767525,0.000000
252678,0.001078,0.901664,-0.242800,-0.026597,0.274246,-0.027840,-0.960889,2.546425,0.000343
252681,0.001109,0.901666,-0.242813,-0.026494,0.274429,-0.027517,-0.960848,2.317085,0.000000
252685,0.001191,0.901658,-0.242850,-0.026431,0.273938,-0.027424,-0.960993,2.135468,0.000000
252688,0.001218,0.901654,-0.242873,-0.026284,0.274007,-0.027064,-0.960988,1.948013,0.000000
252692,0.001204,0.901661,-0.242901,-0.026196,0.274281,-0.027375,-0.960903,1.737556,0.000000
252695,0.001299,0.901667,-0.242933,-0.026113,0.274240,-0.026924,-0.960930,1.568642,0.000000
252699,0.001403,0.901665,-0.242966,-0.025963,0.274041,-0.026924,-0.960990,1.419983,0.000000
252702,0.001437,0.901661,-0.242965,-0.025937,0.274266,-0.026575,-0.960937,1.342049,0.000000
252706,0.001484,0.901653,-0.242951,-0.025915,0.274017,-0.026625,-0.961007,1.114082,0.000000
252710,0.001474,0.901649,-0.242928,-0.025829,0.274277,-0.026407,-0.960941,1.006279,0.000000
252713,0.001469,0.901652,-0.242926,-0.025835,0.274322,-0.026618,-0.960922,0.866890,0.000000
252717,0.001559,0.901649,-0.242974,-0.025732,0.273990,-0.026029,-0.961036,0.756340,0.000000
252720,0.001570,0.901652,-0.243006,-0.025704,0.273999,-0.026172,-0.961030,0.714798,0.000000
252723,0.001583,0.901660,-0.243027,-0.025630,0.274148,-0.026113,-0.960991,0.625191,0.000000
252727,0.001594,0.901662,-0.243047,-0.025548,0.274200,-0.026128,-0.960978,0.497475,0.000000
252731,0.001633,0.901658,-0.243044,-0.025463,0.274122,-0.025791,-0.961012,0.428123,0.000000
252735,0.001638,0.901651,-0.243018,-0.025498,0.274194,-0.025896,-0.960988,0.378685,0.000000
252738,0.001685,0.901642,-0.243010,-0.025454,0.274088,-0.025597,-0.961027,0.315514,0.000000
252741,0.001728,0.901639,-0.243008,-0.025428,0.273915,-0.025700,-0.961074,0.276718,0.000000
252745,0.001714,0.901649,-0.242999,-0.025344,0.274396,-0.025605,-0.960942,0.203247,0.000000
252749,0.001778,0.901644,-0.243018,-0.025385,0.273907,-0.025620,-0.961080,0.165482,0.000000
252752,0.001781,0.901644,-0.243028,-0.025353,0.273997,-0.025358,-0.961062,0.118790,0.000343
252756,0.001719,0.901650,-0.243032,-0.025314,0.274246,-0.025838,-0.960979,0.092697,0.000000
252759,0.001746,0.901653,-0.243051,-0.025302,0.274199,-0.025522,-0.961001,0.070381,0.000000
252763,0.001735,0.901654,-0.243060,-0.025269,0.274049,-0.025671,-0.961041,0.059395,0.000000
252766,0.001715,0.901651,-0.243053,-0.025239,0.274271,-0.025498,-0.960983,0.031929,0.000000
252770,0.001749,0.901648,-0.243064,-0.025298,0.273956,-0.025621,-0.961068,0.015793,0.000000
252774,0.001732,0.901650,-0.243046,-0.025252,0.274218,-0.025560,-0.960996,0.002060,0.000000
252777,0.001716,0.901646,-0.243050,-0.025299,0.274278,-0.025799,-0.960972,-0.004807,0.000000
252781,0.001797,0.901642,-0.243082,-0.025253,0.273946,-0.025280,-0.961081,-0.012703,0.000000
252784,0.001797,0.901649,-0.243093,-0.025263,0.273916,-0.025543,-0.961082,-0.013046,0.000000
252788,0.001762,0.901661,-0.243094,-0.025200,0.274304,-0.025476,-0.960975,-0.013046,0.000000
252791,0.001770,0.901656,-0.243102,-0.025225,0.274138,-0.025647,-0.961017,-0.012703,0.000000
252795,0.001780,0.901650,-0.243087,-0.025191,0.274090,-0.025329,-0.961040,-0.012703,0.000000
252798,0.001751,0.901650,-0.243067,-0.025237,0.274241,-0.025650,-0.960988,-0.013046,0.000000
252802,0.001820,0.901642,-0.243057,-0.025246,0.274025,-0.025249,-0.961059,-0.013046,0.000000
252805,0.001837,0.901639,-0.243040,-0.025259,0.273897,-0.025415,-0.961091,-0.013046,0.000343
252809,0.001803,0.901643,-0.243010,-0.025224,0.274410,-0.025314,-0.960949,-0.012703,0.000000
252812,0.001792,0.901636,-0.243000,-0.025281,0.274342,-0.025556,-0.960960,-0.012703,0.000000
252816,0.001839,0.901630,-0.243014,-0.025265,0.274010,-0.025181,-0.961065,-0.012703,0.000000
252819,0.001794,0.901639,-0.243021,-0.025257,0.274105,-0.025397,-0.961033,-0.012360,0.000000
252823,0.001767,0.901636,-0.243055,-0.025240,0.274138,-0.025328,-0.961025,-0.012016,0.000000
252827,0.001757,0.901645,-0.243095,-0.025194,0.274091,-0.025614,-0.961033,-0.011330,0.000000
252830,0.001746,0.901651,-0.243113,-0.025148,0.274251,-0.025425,-0.960993,-0.009956,0.000000
252834,0.001779,0.901648,-0.243134,-0.025226,0.273915,-0.025578,-0.961083,-0.008583,0.000000
252837,0.001802,0.901646,-0.243128,-0.025186,0.273889,-0.025227,-0.961100,-0.005836,0.000000
252841,0.001732,0.901646,-0.243090,-0.025235,0.274275,-0.025754,-0.960975,-0.003433,0.000000
252844,0.001763,0.901645,-0.243072,-0.025222,0.274221,-0.025460,-0.960999,-0.001030,-0.000343
252848,0.001802,0.901636,-0.243065,-0.025253,0.273924,-0.025507,-0.961081,0.002060,0.000000
252852,0.001751,0.901641,-0.243041,-0.025217,0.274311,-0.025468,-0.960973,0.003777,0.000000
252855,0.001757,0.901645,-0.243049,-0.025257,0.274115,-0.025585,-0.961025,0.004807,0.000000
252859,0.001744,0.901645,-0.243055,-0.025186,0.274071,-0.025354,-0.961045,0.005493,0.000000
252862,0.001697,0.901648,-0.243050,-0.025211,0.274208,-0.025700,-0.960996,0.005836,0.000000
252866,0.001741,0.901643,-0.243071,-0.025193,0.274008,-0.025283,-0.961065,0.005836,0.000000
252869,0.001750,0.901643,-0.243069,-0.025226,0.273879,-0.025462,-0.961096,0.005836,0.000000
252873,0.001717,0.901648,-0.243051,-0.025155,0.274357,-0.025380,-0.960964,0.005836,0.000000
252876,0.001741,0.901645,-0.243041,-0.025247,0.274307,-0.025580,-0.960970,0.006180,0.000000
252880,0.001817,0.901634,-0.243035,-0.025215,0.273992,-0.025206,-0.961071,0.005836,0.000000
252883,0.001794,0.901637,-0.243022,-0.025218,0.274109,-0.025394,-0.961033,0.005836,0.000000
252887,0.001786,0.901637,-0.243019,-0.025267,0.274151,-0.025314,-0.961021,0.005493,0.000000
252891,0.001758,0.901640,-0.243033,-0.025230,0.274091,-0.025544,-0.961034,0.005836,0.000000
252894,0.001728,0.901644,-0.243047,-0.025182,0.274301,-0.025346,-0.960980,0.005836,0.000000
252898,0.001736,0.901642,-0.243079,-0.025250,0.273906,-0.025592,-0.961084,0.005836,0.000343
252901,0.001752,0.901643,-0.243088,-0.025195,0.273893,-0.025240,-0.961099,0.005493,0.000000
252905,0.001676,0.901654,-0.243073,-0.025239,0.274282,-0.025783,-0.960972,0.005836,0.000000
252908,0.001695,0.901648,-0.243062,-0.025214,0.274261,-0.025550,-0.960985,0.005836,0.000000
252912,0.001754,0.901640,-0.243057,-0.025220,0.273927,-0.025582,-0.961079,0.005836,0.000000
252916,0.001742,0.901643,-0.243023,-0.025250,0.274295,-0.025476,-0.960976,0.005836,0.000000
252919,0.001775,0.901637,-0.243022,-0.025280,0.274108,-0.025639,-0.961025,0.005836,0.000000
252923,0.001795,0.901639,-0.243016,-0.025186,0.274088,-0.025351,-0.961041,0.005836,0.000000
252926,0.001759,0.901642,-0.243011,-0.025283,0.274260,-0.025697,-0.960980,0.005493,0.000000
252930,0.001803,0.901638,-0.243041,-0.025251,0.273968,-0.025282,-0.961075,0.005836,0.000000
252933,0.001783,0.901637,-0.243049,-0.025258,0.273888,-0.025510,-0.961091,0.005493,0.000000
252937,0.001723,0.901647,-0.243049,-0.025199,0.274386,-0.025458,-0.960952,0.005836,0.000000
252940,0.001729,0.901648,-0.243061,-0.025220,0.274266,-0.025639,-0.960981,0.005150,0.000000
252944,0.001768,0.901642,-0.243061,-0.025240,0.274017,-0.025254,-0.961062,0.005493,0.000000
252948,0.001729,0.901645,-0.243045,-0.025203,0.274208,-0.025591,-0.960999,0.005493,0.000000
252951,0.001754,0.901638,-0.243037,-0.025243,0.274116,-0.025286,-0.961033,0.005150,0.000000
252954,0.001765,0.901632,-0.243028,-0.025291,0.273932,-0.025452,-0.961080,0.005150,0.000000
252958,0.001738,0.901640,-0.243027,-0.025220,0.274306,-0.025363,-0.960977,0.005150,0.000000
252962,0.001769,0.901634,-0.243045,-0.025298,0.273935,-0.025525,-0.961077,0.004807,0.000000
252965,0.001786,0.901632,-0.243054,-0.025270,0.273956,-0.025211,-0.961080,0.004807,0.000000
252969,0.001715,0.901647,-0.243051,-0.025256,0.274279,-0.025750,-0.960974,0.004463,0.000000
252972,0.001725,0.901641,-0.243058,-0.025240,0.274242,-0.025465,-0.960992,0.004463,0.000000
252976,0.001756,0.901641,-0.243066,-0.025216,0.273921,-0.025619,-0.961080,0.004120,0.000000
252979,0.001740,0.901640,-0.243053,-0.025183,0.274102,-0.025423,-0.961035,0.003433,0.000000
252983,0.001742,0.901640,-0.243044,-0.025284,0.274066,-0.025666,-0.961036,0.003777,-0.000343
252986,0.001775,0.901634,-0.243043,-0.025244,0.273937,-0.025362,-0.961082,0.003433,0.000000
252990,0.001715,0.901631,-0.243022,-0.025297,0.274256,-0.025716,-0.960980,0.003090,-0.000343
252994,0.001769,0.901632,-0.243028,-0.025270,0.273955,-0.025333,-0.961077,0.002403,0.000000
252997,0.001761,0.901630,-0.243031,-0.025301,0.273838,-0.025562,-0.961103,0.002060,-0.000343
253001,0.001712,0.901641,-0.243024,-0.025247,0.274365,-0.025536,-0.960955,0.001373,0.000000
253004,0.001721,0.901638,-0.243039,-0.025318,0.274259,-0.025694,-0.960979,0.001373,-0.000343
253008,0.001785,0.901636,-0.243057,-0.025216,0.274008,-0.025278,-0.961064,0.001030,-0.000343
253011,0.001760,0.901640,-0.243055,-0.025278,0.274129,-0.025642,-0.961019,0.000343,0.000000
253015,0.001775,0.901636,-0.243056,-0.025263,0.274083,-0.025315,-0.961041,0.000000,0.000000
253018,0.001788,0.901634,-0.243059,-0.025269,0.273888,-0.025518,-0.961091,0.000687,0.000000
253022,0.001730,0.901640,-0.243037,-0.025242,0.274316,-0.025369,-0.960973,-0.000343,0.000000
253025,0.001706,0.901639,-0.243031,-0.025285,0.274344,-0.025659,-0.960957,-0.000343,0.000000
253029,0.001760,0.901626,-0.243046,-0.025252,0.273953,-0.025254,-0.961080,-0.000343,-0.000343
253033,0.001683,0.901637,-0.243039,-0.025303,0.274285,-0.025756,-0.960971,-0.000687,0.000000
253036,0.001711,0.901637,-0.243048,-0.025276,0.274246,-0.025437,-0.960991,-0.000687,-0.000343
253040,0.001753,0.901635,-0.243067,-0.025269,0.273975,-0.025571,-0.961065,-0.000687,0.000000
253043,0.001758,0.901639,-0.243064,-0.025232,0.274150,-0.025368,-0.961021,-0.000687,0.000000
253047,0.001773,0.901635,-0.243065,-0.025273,0.274058,-0.025648,-0.961039,-0.001030,0.000000
253050,0.001812,0.901630,-0.243057,-0.025277,0.273968,-0.025293,-0.961074,-0.001030,0.000000
253054,0.001747,0.901636,-0.243031,-0.025299,0.274242,-0.025784,-0.960982,-0.001030,0.000000
253057,0.001749,0.901634,-0.243023,-0.025270,0.274314,-0.025562,-0.960968,-0.001373,0.000000
253061,0.001800,0.901630,-0.243034,-0.025335,0.273855,-0.025575,-0.961097,-0.001030,0.000000
253065,0.001729,0.901634,-0.243019,-0.025309,0.274396,-0.025568,-0.960944,-0.001030,-0.000343
253068,0.001725,0.901635,-0.243032,-0.025322,0.274196,-0.025768,-0.960995,-0.001030,0.000000
253072,0.001748,0.901637,-0.243044,-0.025260,0.274050,-0.025405,-0.961048,-0.001030,-0.000343
253075,0.001712,0.901634,-0.243045,-0.025299,0.274151,-0.025747,-0.961009,-0.001373,0.000000
253079,0.001748,0.901639,-0.243056,-0.025263,0.274062,-0.025377,-0.961045,-0.001030,0.000000
253082,0.001760,0.901630,-0.243053,-0.025283,0.273871,-0.025652,-0.961092,-0.001030,-0.000343
253086,0.001731,0.901639,-0.243035,-0.025246,0.274361,-0.025476,-0.960958,-0.001030,-0.000343
253089,0.001727,0.901642,-0.243032,-0.025274,0.274305,-0.025774,-0.960965,-0.001373,0.000000
253093,0.001789,0.901626,-0.243039,-0.025277,0.273961,-0.025258,-0.961077,-0.001373,-0.000343
253096,0.001763,0.901631,-0.243038,-0.025289,0.274032,-0.025508,-0.961050,-0.001030,0.000000
253100,0.001729,0.901632,-0.243042,-0.025259,0.274209,-0.025428,-0.961002,-0.001373,-0.000343
253104,0.001725,0.901634,-0.243058,-0.025278,0.273988,-0.025546,-0.961061,-0.001030,0.000000
253107,0.001691,0.901642,-0.243064,-0.025216,0.274204,-0.025430,-0.961004,-0.001373,0.000000
253111,0.001687,0.901640,-0.243068,-0.025284,0.274027,-0.025625,-0.961048,-0.001373,0.000000
253114,0.001710,0.901637,-0.243070,-0.025238,0.273924,-0.025336,-0.961086,-0.001373,0.000000
253118,0.001659,0.901638,-0.243045,-0.025318,0.274283,-0.025777,-0.960970,-0.001373,0.000000
253121,0.001683,0.901637,-0.243033,-0.025263,0.274314,-0.025497,-0.960970,-0.001373,-0.000343
253125,0.001765,0.901632,-0.243039,-0.025305,0.273853,-0.025576,-0.961098,-0.001373,0.000000
253128,0.001776,0.901632,-0.243030,-0.025268,0.274003,-0.025338,-0.961063,-0.001373,-0.000343
253132,0.001747,0.901627,-0.243022,-0.025357,0.274179,-0.025713,-0.961001,-0.001373,0.000000
253136,0.001767,0.901631,-0.243032,-0.025300,0.274074,-0.025461,-0.961039,-0.001373,0.000000
253139,0.001712,0.901634,-0.243032,-0.025300,0.274172,-0.025780,-0.961002,-0.001373,0.000000
253143,0.001746,0.901643,-0.243056,-0.025234,0.274006,-0.025525,-0.961058,-0.001373,0.000000
253146,0.001737,0.901633,-0.243063,-0.025254,0.273782,-0.025692,-0.961117,-0.001373,-0.000343
253149,0.001730,0.901625,-0.243052,-0.025281,0.273848,-0.025488,-0.961103,-0.001373,-0.000343
253153,0.001667,0.901641,-0.243024,-0.025278,0.274249,-0.025859,-0.960979,-0.001373,0.000000
253157,0.001722,0.901632,-0.243010,-0.025329,0.273990,-0.025299,-0.961066,-0.001373,-0.000343
253160,0.001697,0.901632,-0.242998,-0.025309,0.274025,-0.025681,-0.961047,-0.001373,0.000000
253164,0.001711,0.901634,-0.242990,-0.025280,0.274178,-0.025467,-0.961009,-0.001030,0.000000
253167,0.001739,0.901626,-0.242995,-0.025304,0.273988,-0.025658,-0.961058,-0.001373,0.000000
253171,0.001737,0.901632,-0.243004,-0.025242,0.274215,-0.025409,-0.961001,-0.001373,0.000000
253175,0.001762,0.901631,-0.243028,-0.025305,0.274003,-0.025495,-0.961058,-0.001030,0.000000
253178,0.001778,0.901634,-0.243040,-0.025297,0.273980,-0.025277,-0.961070,-0.001373,0.000000
253182,0.001722,0.901643,-0.243037,-0.025243,0.274256,-0.025721,-0.960981,-0.001030,-0.000343
253185,0.001723,0.901636,-0.243034,-0.025251,0.274304,-0.025502,-0.960973,-0.001373,-0.000343
253189,0.001765,0.901630,-0.243039,-0.025315,0.273861,-0.025590,-0.961095,-0.001373,0.000000
253192,0.001748,0.901637,-0.243031,-0.025279,0.274062,-0.025353,-0.961045,-0.001373,0.000000
253196,0.001700,0.901631,-0.243014,-0.025356,0.274149,-0.025741,-0.961008,-0.001373,-0.000343
253200,0.001715,0.901634,-0.243028,-0.025309,0.274069,-0.025602,-0.961036,-0.001373,-0.000343
253203,0.001674,0.901633,-0.243029,-0.025300,0.274177,-0.025766,-0.961001,-0.001373,0.000000
253207,0.001693,0.901633,-0.243046,-0.025310,0.273986,-0.025567,-0.961061,-0.001373,-0.000343
253210,0.001699,0.901639,-0.243055,-0.025303,0.273821,-0.025675,-0.961105,-0.001373,-0.000343
253214,0.001626,0.901647,-0.243040,-0.025297,0.274341,-0.025726,-0.960955,-0.001373,-0.000343
253217,0.001649,0.901649,-0.243046,-0.025287,0.274218,-0.025887,-0.960986,-0.001373,-0.000343
253221,0.001732,0.901632,-0.243045,-0.025270,0.273943,-0.025435,-0.961077,-0.001373,-0.000343
253224,0.001703,0.901634,-0.243019,-0.025321,0.274031,-0.025758,-0.961042,-0.001373,0.000000
253228,0.001725,0.901636,-0.243006,-0.025287,0.274130,-0.025502,-0.961022,-0.001030,-0.000343
253231,0.001728,0.901630,-0.242990,-0.025367,0.273936,-0.025706,-0.961070,-0.001373,0.000000
253235,0.001701,0.901636,-0.242977,-0.025307,0.274221,-0.025492,-0.960996,-0.001373,0.000000
253238,0.001678,0.901637,-0.242990,-0.025284,0.274240,-0.025842,-0.960981,-0.001030,0.000000
253242,0.001707,0.901627,-0.243015,-0.025329,0.273969,-0.025329,-0.961071,-0.001373,0.000000
253246,0.001654,0.901644,-0.243041,-0.025259,0.274269,-0.025695,-0.960978,-0.001373,0.000000
253249,0.001661,0.901655,-0.243053,-0.025282,0.274299,-0.025577,-0.960972,-0.001373,-0.000343
253253,0.001740,0.901639,-0.243078,-0.025294,0.273890,-0.025521,-0.961090,-0.001373,0.000000
253256,0.001762,0.901647,-0.243065,-0.025227,0.274096,-0.025395,-0.961036,-0.001030,0.000000
253260,0.001762,0.901634,-0.243024,-0.025345,0.274101,-0.025688,-0.961024,-0.001373,0.000000
253263,0.001823,0.901635,-0.243013,-0.025316,0.274018,-0.025312,-0.961058,-0.001030,-0.000343
253267,0.001765,0.901637,-0.242968,-0.025347,0.274233,-0.025703,-0.960986,-0.001373,0.000000
253271,0.001792,0.901625,-0.242971,-0.025352,0.273939,-0.025623,-0.961071,-0.001030,0.000000
253274,0.001797,0.901626,-0.242988,-0.025347,0.273819,-0.025574,-0.961107,-0.001373,-0.000343
253278,0.001677,0.901637,-0.242983,-0.025385,0.274334,-0.025767,-0.960954,-0.001030,0.000000
253281,0.001663,0.901642,-0.243015,-0.025322,0.274224,-0.025841,-0.960985,-0.001030,0.000000
253285,0.001688,0.901649,-0.243051,-0.025277,0.273987,-0.025561,-0.961061,-0.001373,0.000000
253288,0.001646,0.901647,-0.243053,-0.025300,0.274077,-0.025858,-0.961027,-0.001373,-0.000343
253292,0.001696,0.901648,-0.243066,-0.025246,0.274068,-0.025582,-0.961038,-0.001030,0.000000
253295,0.001731,0.901643,-0.243058,-0.025312,0.273873,-0.025739,-0.961088,-0.001373,0.000000
253299,0.001721,0.901640,-0.243018,-0.025293,0.274227,-0.025569,-0.960992,-0.001030,-0.000343
253302,0.001725,0.901643,-0.242998,-0.025331,0.274271,-0.025860,-0.960971,-0.001373,-0.000343
253306,0.001781,0.901627,-0.242979,-0.025380,0.273964,-0.025366,-0.961070,-0.001030,-0.000343
253310,0.001704,0.901632,-0.242966,-0.025306,0.274317,-0.025584,-0.960966,-0.001030,-0.000343
253313,0.001688,0.901630,-0.242978,-0.025337,0.274277,-0.025562,-0.960977,-0.001030,-0.000343
253317,0.001697,0.901635,-0.243013,-0.025357,0.273957,-0.025551,-0.961068,-0.001373,0.000000
253320,0.001681,0.901650,-0.243038,-0.025263,0.274132,-0.025489,-0.961022,-0.001030,0.000000
253324,0.001684,0.901647,-0.243057,-0.025308,0.274068,-0.025657,-0.961035,-0.001030,0.000000
253327,0.001733,0.901639,-0.243070,-0.025262,0.273969,-0.025405,-0.961071,-0.001030,-0.000343
253331,0.001718,0.901637,-0.243045,-0.025291,0.274274,-0.025710,-0.960975,-0.001030,-0.000343
253334,0.001715,0.901634,-0.243007,-0.025294,0.274350,-0.025551,-0.960958,-0.001030,-0.000343
253338,0.001797,0.901631,-0.242991,-0.025337,0.273838,-0.025536,-0.961103,-0.001373,0.000000
253341,0.001780,0.901625,-0.242972,-0.025322,0.274017,-0.025298,-0.961059,-0.001030,0.000000
253345,0.001701,0.901622,-0.242948,-0.025417,0.274220,-0.025784,-0.960985,-0.001030,0.000000
253348,0.001727,0.901625,-0.242978,-0.025293,0.274054,-0.025462,-0.961044,-0.001030,0.000000
253352,0.001660,0.901633,-0.242993,-0.025372,0.274135,-0.025817,-0.961010,-0.001030,-0.000343
253356,0.001653,0.901641,-0.243033,-0.025289,0.274019,-0.025667,-0.961049,-0.001030,0.000000
253359,0.001681,0.901649,-0.243063,-0.025279,0.273847,-0.025763,-0.961096,-0.000687,-0.000343
253363,0.001630,0.901646,-0.243047,-0.025286,0.274259,-0.025731,-0.960979,-0.000687,0.000000
253366,0.001652,0.901642,-0.243046,-0.025316,0.274276,-0.025918,-0.960968,-0.000687,0.000000
253370,0.001722,0.901624,-0.243029,-0.025322,0.273917,-0.025465,-0.961083,-0.000343,0.000000
253373,0.001706,0.901629,-0.243001,-0.025350,0.273968,-0.025751,-0.961060,-0.000687,0.000000
253377,0.001725,0.901638,-0.243001,-0.025319,0.274253,-0.025530,-0.960985,-0.000687,0.000000
253380,0.001738,0.901626,-0.242998,-0.025361,0.274000,-0.025718,-0.961051,-0.000687,0.000000
253384,0.001753,0.901636,-0.243018,-0.025278,0.274161,-0.025516,-0.961013,-0.000343,-0.000343
253388,0.001745,0.901632,-0.243029,-0.025263,0.273981,-0.025552,-0.961064,-0.000343,-0.000343
253391,0.001720,0.901632,-0.243014,-0.025328,0.273958,-0.025409,-0.961072,-0.000343,-0.000343
253395,0.001638,0.901642,-0.242998,-0.025289,0.274295,-0.025725,-0.960969,-0.000343,0.000000
253398,0.001623,0.901644,-0.242974,-0.025304,0.274378,-0.025610,-0.960948,-0.000343,0.000000
253402,0.001701,0.901624,-0.242988,-0.025345,0.273813,-0.025572,-0.961109,0.000000,0.000000
253405,0.001725,0.901629,-0.242989,-0.025298,0.274021,-0.025373,-0.961056,0.000000,-0.000343
253409,0.001702,0.901630,-0.242983,-0.025386,0.274199,-0.025765,-0.960993,0.000000,-0.000343
253413,0.001753,0.901641,-0.243014,-0.025308,0.273974,-0.025645,-0.961062,0.000000,-0.000343
253416,0.001725,0.901635,-0.243019,-0.025338,0.274157,-0.025706,-0.961007,0.000343,-0.000343
253420,0.001731,0.901631,-0.243041,-0.025349,0.273988,-0.025694,-0.961056,0.000343,0.000000
253423,0.001742,0.901636,-0.243061,-0.025322,0.273839,-0.025700,-0.961099,0.000343,0.000000
253423,0.001742,0.901636,-0.243061,-0.025322,0.273839,-0.025700,-0.961099,0.000343,0.000000
253423,0.001742,0.901636,-0.243061,-0.025322,0.273839,-0.025700,-0.961099,0.000343,0.000000
253423,0.001742,0.901636,-0.243061,-0.025322,0.273839,-0.025700,-0.961099,0.000343,0.000000
253423,0.001742,0.901636,-0.243061,-0.025322,0.273839,-0.025700,-0.961099,0.000343,0.000000
253423,0.001742,0.901636,-0.243061,-0.025322,0.273839,-0.025700,-0.961099,0.000343,0.000000
253423,0.001742,0.901636,-0.243061,-0.025322,0.273839,-0.025700,-0.961099,0.000343,0.000000
253423,0.001742,0.901636,-0.243061,-0.025322,0.273839,-0.025700,-0.961099,0.000343,0.000000
253423,0.001742,0.901636,-0.243061,-0.025322,0.273839,-0.025700,-0.961099,0.000343,0.000000
253423,0.001742,0.901636,-0.243061,-0.025322,0.273839,-0.025700,-0.961099,0.000343,0.000000
253423,0.001742,0.901636,-0.243061,-0.025322,0.273839,-0.025700,-0.961099,0.000343,0.000000
253423,0.001742,0.901636,-0.243061,-0.025322,0.273839,-0.025700,-0.961099,0.000343,0.000000
253423,0.001742,0.901636,-0.243061,-0.025322,0.273839,-0.025700,-0.961099,0.000343,0.000000
253423,0.001742,0.901636,-0.243061,-0.025322,0.273839,-0.025700,-0.961099,0.000343,0.000000
253423,0.001742,0.901636,-0.243061,-0.025322,0.273839,-0.025700,-0.961099,0.000343,0.000000
253423,0.001742,0.901636,-0.243061,-0.025322,0.273839,-0.025700,-0.961099,0.000343,0.000000
253423,0.001742,0.901636,-0.243061,-0.025322,0.273839,-0.025700,-0.961099,0.000343,0.000000
253423,0.001742,0.901636,-0.243061,-0.025322,0.273839,-0.025700,-0.961099,0.000343,0.000000
253423,0.001742,0.901636,-0.243061,-0.025322,0.273839,-0.025700,-0.961099,0.000343,0.000000
253423,0.001742,0.901636,-0.243061,-0.025322,0.273839,-0.025700,-0.961099,0.000343,0.000000
