0,0.000000,0.000000,0.000000,0.000000,0.000000,0.000000,0.000000,0.000000,0.000000
0,0.000000,0.000000,0.000000,0.000000,0.000000,0.000000,0.000000,0.000000,0.000000
0,0.000000,0.000000,0.000000,0.000000,0.000000,0.000000,0.000000,0.000000,0.000000
0,0.000000,0.000000,0.000000,0.000000,0.000000,0.000000,0.000000,0.000000,0.000000
0,0.000000,0.000000,0.000000,0.000000,0.000000,0.000000,0.000000,0.000000,0.000000
0,0.000000,0.000000,0.000000,0.000000,0.000000,0.000000,0.000000,0.000000,0.000000
0,0.000000,0.000000,0.000000,0.000000,0.000000,0.000000,0.000000,0.000000,0.000000
0,0.000000,0.000000,0.000000,0.000000,0.000000,0.000000,0.000000,0.000000,0.000000
0,0.000000,0.000000,0.000000,0.000000,0.000000,0.000000,0.000000,0.000000,0.000000
0,0.000000,0.000000,0.000000,0.000000,0.000000,0.000000,0.000000,0.000000,0.000000
0,0.000000,0.000000,0.000000,0.000000,0.000000,0.000000,0.000000,0.000000,0.000000
0,0.000000,0.000000,0.000000,0.000000,0.000000,0.000000,0.000000,0.000000,0.000000
0,0.000000,0.000000,0.000000,0.000000,0.000000,0.000000,0.000000,0.000000,0.000000
0,0.000000,0.000000,0.000000,0.000000,0.000000,0.000000,0.000000,0.000000,0.000000
0,0.000000,0.000000,0.000000,0.000000,0.000000,0.000000,0.000000,0.000000,0.000000
0,0.000000,0.000000,0.000000,0.000000,0.000000,0.000000,0.000000,0.000000,0.000000
0,0.000000,0.000000,0.000000,0.000000,0.000000,0.000000,0.000000,0.000000,0.000000
0,0.000000,0.000000,0.000000,0.000000,0.000000,0.000000,0.000000,0.000000,0.000000
0,0.000000,0.000000,0.000000,0.000000,0.000000,0.000000,0.000000,0.000000,0.000000
0,0.000000,0.000000,0.000000,0.000000,0.000000,0.000000,0.000000,0.000000,0.000000
0,0.000000,0.000000,0.000000,0.000000,0.000000,0.000000,0.000000,0.000000,0.000000
303226,-0.000139,0.901686,-0.242409,-0.028138,0.274531,-0.029509,-0.960713,-0.000343,-0.000343
303230,-0.000106,0.901689,-0.242433,-0.028132,0.274161,-0.029614,-0.960816,-0.000687,-0.000687
303234,-0.000144,0.901686,-0.242419,-0.028149,0.274434,-0.029853,-0.960730,-0.000687,-0.000343
303237,-0.000147,0.901685,-0.242418,-0.028151,0.274503,-0.029810,-0.960712,-0.000687,-0.000687
303240,-0.000119,0.901683,-0.242423,-0.028138,0.274516,-0.029549,-0.960717,-0.000343,-0.000687
303244,-0.000082,0.901682,-0.242432,-0.028149,0.274141,-0.029643,-0.960820,-0.000687,-0.000343
303248,-0.000132,0.901688,-0.242418,-0.028159,0.274502,-0.029777,-0.960713,-0.000343,-0.000687
303251,-0.000116,0.901682,-0.242432,-0.028143,0.274289,-0.029789,-0.960774,-0.000343,-0.000343
303255,-0.000129,0.901681,-0.242430,-0.028187,0.274392,-0.029657,-0.960747,-0.000687,-0.000687
303258,-0.000158,0.901682,-0.242432,-0.028147,0.274453,-0.029882,-0.960724,-0.000343,-0.000687
303262,-0.000101,0.901684,-0.242452,-0.028189,0.274204,-0.029597,-0.960803,-0.000687,-0.000687
303265,-0.000091,0.901689,-0.242450,-0.028141,0.274044,-0.029728,-0.960846,-0.000343,-0.000687
303269,-0.000140,0.901695,-0.242424,-0.028095,0.274586,-0.029733,-0.960692,-0.000343,-0.000687
303272,-0.000134,0.901681,-0.242410,-0.028173,0.274436,-0.029865,-0.960729,-0.000343,-0.000687
303276,-0.000082,0.901682,-0.242408,-0.028139,0.274264,-0.029450,-0.960792,-0.000687,-0.000687
303279,-0.000107,0.901679,-0.242395,-0.028180,0.274332,-0.029770,-0.960761,-0.000687,-0.000343
303283,-0.000097,0.901676,-0.242402,-0.028160,0.274314,-0.029485,-0.960776,-0.000343,-0.000343
303287,-0.000102,0.901679,-0.242409,-0.028106,0.274338,-0.029515,-0.960769,-0.000343,-0.000687
303290,-0.000133,0.901683,-0.242422,-0.028112,0.274526,-0.029560,-0.960714,-0.000343,-0.000687
303294,-0.000106,0.901682,-0.242444,-0.028151,0.274206,-0.029513,-0.960806,-0.000343,-0.000687
303297,-0.000105,0.901679,-0.242452,-0.028113,0.274164,-0.029357,-0.960824,-0.000343,-0.000687
303301,-0.000175,0.901683,-0.242441,-0.028133,0.274545,-0.029709,-0.960704,-0.000343,-0.000343
303304,-0.000158,0.901683,-0.242443,-0.028132,0.274487,-0.029535,-0.960725,-0.000343,-0.000687
303308,-0.000108,0.901684,-0.242453,-0.028119,0.274179,-0.029595,-0.960812,-0.000343,-0.000343
303311,-0.000121,0.901679,-0.242435,-0.028097,0.274376,-0.029471,-0.960760,-0.000343,-0.000343
303315,-0.000118,0.901680,-0.242438,-0.028153,0.274278,-0.029685,-0.960780,-0.000343,-0.000687
303319,-0.000116,0.901678,-0.242429,-0.028154,0.274356,-0.029714,-0.960757,-0.000343,-0.000687
303322,-0.000137,0.901681,-0.242424,-0.028149,0.274460,-0.029809,-0.960724,-0.000343,-0.000687
303326,-0.000086,0.901682,-0.242444,-0.028117,0.274093,-0.029644,-0.960835,-0.000343,-0.000687
303329,-0.000085,0.901683,-0.242447,-0.028128,0.274032,-0.029647,-0.960852,-0.000343,-0.000343
303333,-0.000174,0.901680,-0.242422,-0.028182,0.274569,-0.029832,-0.960691,-0.000687,-0.000687
303337,-0.000111,0.901680,-0.242441,-0.028072,0.274171,-0.029333,-0.960824,-0.000343,-0.000687
303340,-0.000136,0.901687,-0.242442,-0.028099,0.274246,-0.029594,-0.960793,-0.000343,-0.000343
303343,-0.000162,0.901687,-0.242435,-0.028121,0.274385,-0.029852,-0.960745,-0.000343,-0.000687
303347,-0.000136,0.901683,-0.242445,-0.028146,0.274265,-0.029581,-0.960787,-0.000343,-0.000687
303350,-0.000126,0.901688,-0.242447,-0.028131,0.274071,-0.029725,-0.960838,0.000000,-0.000687
303354,-0.000178,0.901686,-0.242432,-0.028111,0.274527,-0.029620,-0.960712,-0.000343,-0.000687
303358,-0.000118,0.901681,-0.242434,-0.028163,0.274211,-0.029379,-0.960808,-0.000343,-0.000687
303361,-0.000122,0.901674,-0.242430,-0.028188,0.274213,-0.029442,-0.960805,-0.000343,-0.000687
303365,-0.000163,0.901682,-0.242421,-0.028117,0.274512,-0.029611,-0.960716,-0.000343,-0.000343
303368,-0.000141,0.901684,-0.242429,-0.028111,0.274446,-0.029537,-0.960738,-0.000343,-0.000687
303372,-0.000107,0.901687,-0.242439,-0.028113,0.274217,-0.029500,-0.960804,-0.000343,-0.000687
303375,-0.000125,0.901688,-0.242435,-0.028096,0.274413,-0.029487,-0.960749,0.000000,-0.000343
303379,-0.000121,0.901681,-0.242434,-0.028169,0.274262,-0.029568,-0.960788,-0.000343,-0.000687
303382,-0.000106,0.901686,-0.242441,-0.028111,0.274166,-0.029376,-0.960823,0.000000,-0.000687
303386,-0.000176,0.901686,-0.242421,-0.028146,0.274505,-0.029748,-0.960713,0.000000,-0.000687
303390,-0.000127,0.901683,-0.242437,-0.028182,0.274093,-0.029706,-0.960831,0.000000,-0.000687
303393,-0.000110,0.901686,-0.242442,-0.028123,0.274076,-0.029639,-0.960840,0.000000,-0.000687
303397,-0.000173,0.901688,-0.242426,-0.028112,0.274485,-0.029865,-0.960716,-0.000343,-0.000687
303400,-0.000154,0.901681,-0.242430,-0.028171,0.274358,-0.029768,-0.960754,0.000000,-0.000687
303404,-0.000120,0.901693,-0.242445,-0.028107,0.274261,-0.029700,-0.960786,0.000000,-0.000687
303407,-0.000149,0.901678,-0.242435,-0.028143,0.274357,-0.029793,-0.960754,0.000000,-0.000687
303411,-0.000115,0.901686,-0.242446,-0.028125,0.274217,-0.029676,-0.960798,0.000000,-0.000687
303415,-0.000135,0.901687,-0.242435,-0.028122,0.274471,-0.029495,-0.960732,0.000343,-0.000687
303418,-0.000163,0.901689,-0.242423,-0.028153,0.274541,-0.029786,-0.960702,0.000343,-0.000687
303422,-0.000094,0.901686,-0.242447,-0.028121,0.274184,-0.029337,-0.960818,0.000000,-0.000343
303425,-0.000107,0.901686,-0.242441,-0.028099,0.274155,-0.029491,-0.960823,0.000343,-0.000687
303429,-0.000160,0.901683,-0.242421,-0.028130,0.274529,-0.029567,-0.960713,0.000343,-0.000687
303432,-0.000143,0.901684,-0.242429,-0.028129,0.274387,-0.029594,-0.960752,0.000000,-0.000343
303436,-0.000127,0.901691,-0.242434,-0.028083,0.274269,-0.029514,-0.960790,0.000343,-0.000343
303439,-0.000160,0.901689,-0.242424,-0.028109,0.274424,-0.029570,-0.960743,0.000343,0.000343
303443,-0.000130,0.901686,-0.242436,-0.028106,0.274246,-0.029492,-0.960796,0.000000,0.005836
303447,-0.000172,0.901683,-0.242418,-0.028153,0.274414,-0.029893,-0.960735,0.000343,0.032272
303450,-0.000168,0.901685,-0.242424,-0.028125,0.274553,-0.029657,-0.960703,0.000343,0.076904
303453,-0.000154,0.901690,-0.242424,-0.028115,0.274554,-0.029548,-0.960706,0.000343,0.136986
303457,-0.000091,0.901689,-0.242441,-0.028107,0.274117,-0.029516,-0.960832,0.000343,0.204277
303461,-0.000153,0.901687,-0.242430,-0.028145,0.274468,-0.029885,-0.960720,0.000343,0.285301
303464,-0.000137,0.901688,-0.242434,-0.028111,0.274322,-0.029721,-0.960767,0.000343,0.345383
303468,-0.000140,0.901681,-0.242435,-0.028174,0.274286,-0.029718,-0.960776,0.000687,0.409241
303471,-0.000164,0.901684,-0.242428,-0.028156,0.274471,-0.029720,-0.960723,0.000343,0.470352
303475,-0.000138,0.901687,-0.242445,-0.028165,0.274199,-0.029727,-0.960801,0.000343,0.515671
303478,-0.000117,0.901692,-0.242456,-0.028139,0.274087,-0.029680,-0.960835,0.000687,0.621758
303482,-0.000184,0.901688,-0.242437,-0.028146,0.274517,-0.029851,-0.960707,0.000343,0.672569
303485,-0.000178,0.901684,-0.242439,-0.028169,0.274453,-0.029885,-0.960723,0.000687,0.763893
303489,-0.000118,0.901688,-0.242453,-0.028108,0.274173,-0.029598,-0.960814,0.000343,0.878563
303493,-0.000160,0.901686,-0.242424,-0.028119,0.274521,-0.029543,-0.960716,0.000343,1.021385
303496,-0.000138,0.901684,-0.242431,-0.028160,0.274360,-0.029683,-0.960756,0.000343,1.211586
303500,-0.000114,0.901684,-0.242434,-0.028137,0.274355,-0.029423,-0.960766,0.000687,1.298790
303503,-0.000141,0.901687,-0.242430,-0.028105,0.274458,-0.029655,-0.960731,0.000687,1.430283
303507,-0.000085,0.901686,-0.242448,-0.028102,0.274246,-0.029423,-0.960799,0.000687,1.586838
303510,-0.000086,0.901688,-0.242453,-0.028064,0.274125,-0.029405,-0.960835,0.000687,1.749916
303514,-0.000154,0.901689,-0.242438,-0.028074,0.274565,-0.029602,-0.960703,0.000687,1.927757
303517,-0.000150,0.901688,-0.242438,-0.028086,0.274525,-0.029549,-0.960716,0.000687,2.126884
303521,-0.000109,0.901689,-0.242446,-0.028118,0.274160,-0.029445,-0.960822,0.000687,2.345924
303524,-0.000132,0.901687,-0.242438,-0.028104,0.274343,-0.029420,-0.960771,0.000687,2.567368
303528,-0.000139,0.901686,-0.242439,-0.028133,0.274321,-0.029612,-0.960770,0.000687,2.800140
303532,-0.000140,0.901687,-0.242444,-0.028125,0.274311,-0.029752,-0.960769,0.000687,3.181915
303535,-0.000149,0.901691,-0.242454,-0.028078,0.274483,-0.029712,-0.960723,0.000343,3.318901
303539,-0.000108,0.901696,-0.242470,-0.028103,0.274138,-0.029729,-0.960820,0.000687,3.625832
303542,-0.000088,0.901698,-0.242479,-0.028106,0.274103,-0.029579,-0.960835,0.000687,3.888130
303546,-0.000152,0.901704,-0.242468,-0.028049,0.274489,-0.029896,-0.960716,0.000687,4.189568
303549,-0.000146,0.901690,-0.242454,-0.028145,0.274429,-0.029800,-0.960733,0.000687,4.521217
303553,-0.000098,0.901696,-0.242467,-0.028083,0.274167,-0.029626,-0.960815,0.000687,4.858017
303557,-0.000135,0.901691,-0.242442,-0.028090,0.274479,-0.029517,-0.960729,0.000687,5.230179
303560,-0.000113,0.901694,-0.242450,-0.028094,0.274324,-0.029720,-0.960767,0.000687,5.595131
303564,-0.000095,0.901701,-0.242455,-0.028022,0.274319,-0.029422,-0.960780,0.000687,5.992012
303567,-0.000137,0.901694,-0.242446,-0.028115,0.274468,-0.029683,-0.960727,0.000687,6.626472
303571,-0.000087,0.901700,-0.242471,-0.028025,0.274182,-0.029352,-0.960821,0.000687,6.829376
303574,-0.000091,0.901701,-0.242476,-0.028048,0.274144,-0.029494,-0.960827,0.001030,7.283249
303578,-0.000159,0.901696,-0.242464,-0.028095,0.274580,-0.029618,-0.960697,0.001030,7.741585
303581,-0.000145,0.901701,-0.242475,-0.028051,0.274461,-0.029600,-0.960733,0.000687,8.231506
303585,-0.000098,0.901693,-0.242487,-0.028088,0.274162,-0.029456,-0.960822,0.000687,8.795586
303588,-0.000116,0.901694,-0.242481,-0.028059,0.274355,-0.029504,-0.960766,0.000687,9.259758
303592,-0.000094,0.901704,-0.242490,-0.027992,0.274259,-0.029580,-0.960793,0.001030,9.792595
303595,-0.000074,0.901700,-0.242486,-0.028037,0.274172,-0.029444,-0.960821,0.000687,10.378304
303599,-0.000127,0.901704,-0.242477,-0.028051,0.274486,-0.029626,-0.960725,0.000687,10.997314
303603,-0.000087,0.901703,-0.242494,-0.028051,0.274042,-0.029791,-0.960847,0.000687,11.607742
303606,-0.000081,0.901702,-0.242504,-0.028041,0.274041,-0.029568,-0.960854,0.000343,12.224350
303610,-0.000155,0.901702,-0.242496,-0.028058,0.274484,-0.029918,-0.960716,0.000687,12.855721
303613,-0.000146,0.901704,-0.242502,-0.028081,0.274389,-0.029777,-0.960747,0.000687,13.534470
303617,-0.000107,0.901715,-0.242515,-0.028017,0.274150,-0.029749,-0.960818,0.000687,14.245491
303620,-0.000126,0.901702,-0.242504,-0.028076,0.274332,-0.029766,-0.960764,0.000687,14.985695
303624,-0.000116,0.901709,-0.242507,-0.028073,0.274243,-0.029840,-0.960787,0.000687,15.741005
303628,-0.000105,0.901705,-0.242500,-0.028063,0.274355,-0.029559,-0.960764,0.000687,16.904526
303631,-0.000137,0.901704,-0.242488,-0.028101,0.274420,-0.029909,-0.960734,0.000687,17.402344
303635,-0.000082,0.901708,-0.242508,-0.028102,0.274176,-0.029564,-0.960814,0.000687,18.146324
303638,-0.000089,0.901709,-0.242510,-0.028154,0.274136,-0.029761,-0.960818,0.000687,19.016647
303642,-0.000150,0.901711,-0.242492,-0.028180,0.274565,-0.029830,-0.960693,0.000687,19.985847
303645,-0.000149,0.901707,-0.242503,-0.028197,0.274462,-0.029922,-0.960719,0.000687,20.814285
303648,-0.000137,0.901701,-0.242512,-0.028300,0.274263,-0.030119,-0.960766,0.000687,21.735077
303653,-0.000159,0.901712,-0.242512,-0.028261,0.274362,-0.030259,-0.960735,0.000687,22.756462
303656,-0.000124,0.901712,-0.242514,-0.028238,0.274243,-0.029971,-0.960778,0.000687,23.623009
303660,-0.000163,0.901712,-0.242495,-0.028334,0.274374,-0.030332,-0.960727,0.000687,24.711342
303663,-0.000180,0.901705,-0.242486,-0.028400,0.274559,-0.030192,-0.960677,0.000343,25.628014
303666,-0.000184,0.901704,-0.242481,-0.028392,0.274581,-0.030175,-0.960671,0.000687,26.677895
303670,-0.000138,0.901707,-0.242486,-0.028452,0.274155,-0.030231,-0.960789,0.000687,27.740479
303674,-0.000197,0.901708,-0.242484,-0.028543,0.274462,-0.030590,-0.960687,0.000687,28.811302
303677,-0.000190,0.901703,-0.242486,-0.028599,0.274396,-0.030524,-0.960707,0.000687,29.895859
303681,-0.000173,0.901713,-0.242490,-0.028560,0.274245,-0.030585,-0.960749,0.000687,31.012688
303684,-0.000192,0.901712,-0.242487,-0.028563,0.274428,-0.030600,-0.960696,0.000343,32.723465
303688,-0.000185,0.901705,-0.242474,-0.028660,0.274245,-0.030659,-0.960744,0.000687,33.437233
303691,-0.000166,0.901704,-0.242472,-0.028669,0.274126,-0.030606,-0.960779,0.000687,34.478188
303695,-0.000228,0.901700,-0.242442,-0.028718,0.274541,-0.030778,-0.960654,0.000687,35.657158
303698,-0.000234,0.901694,-0.242434,-0.028818,0.274537,-0.030854,-0.960649,0.000687,36.856041
303702,-0.000177,0.901695,-0.242451,-0.028745,0.274175,-0.030672,-0.960761,0.000687,38.092346
303706,-0.000242,0.901696,-0.242437,-0.028820,0.274600,-0.030629,-0.960638,0.000687,39.340324
303709,-0.000236,0.901690,-0.242447,-0.028859,0.274478,-0.030829,-0.960666,0.000687,40.610275
303713,-0.000210,0.901697,-0.242457,-0.028849,0.274325,-0.030608,-0.960717,0.000687,42.016182
303716,-0.000257,0.901687,-0.242438,-0.028940,0.274477,-0.030890,-0.960661,0.000687,43.167686
303720,-0.000235,0.901683,-0.242440,-0.028993,0.274318,-0.030736,-0.960710,0.000687,45.140419
303723,-0.000229,0.901685,-0.242429,-0.029022,0.274220,-0.030877,-0.960733,0.000687,45.784836
303727,-0.000292,0.901682,-0.242398,-0.029100,0.274647,-0.031036,-0.960603,0.000687,47.116241
303730,-0.000296,0.901682,-0.242388,-0.029190,0.274672,-0.031149,-0.960590,0.000343,48.474770
303734,-0.000256,0.901670,-0.242375,-0.029274,0.274205,-0.031073,-0.960723,0.000687,49.832954
303737,-0.000289,0.901667,-0.242362,-0.029333,0.274359,-0.031117,-0.960676,0.000687,51.199722
303741,-0.000342,0.901665,-0.242351,-0.029484,0.274462,-0.031568,-0.960627,0.000343,52.598419
303745,-0.000364,0.901655,-0.242338,-0.029641,0.274412,-0.031788,-0.960630,0.000343,54.008102
303748,-0.000393,0.901655,-0.242331,-0.029693,0.274565,-0.031813,-0.960583,0.000687,55.564041
303752,-0.000412,0.901644,-0.242313,-0.029915,0.274376,-0.032150,-0.960619,0.000687,56.840172
303755,-0.000412,0.901643,-0.242303,-0.030015,0.274272,-0.032180,-0.960645,0.000687,58.268394
303759,-0.000492,0.901636,-0.242270,-0.030219,0.274633,-0.032564,-0.960522,0.000687,59.713440
303762,-0.000513,0.901633,-0.242248,-0.030401,0.274634,-0.032787,-0.960509,0.000687,61.867104
303766,-0.000500,0.901622,-0.242229,-0.030584,0.274349,-0.032831,-0.960583,0.000687,62.758713
303769,-0.000552,0.901613,-0.242208,-0.030814,0.274453,-0.033237,-0.960532,0.000343,64.100075
303773,-0.000613,0.901612,-0.242178,-0.031104,0.274665,-0.033548,-0.960451,0.000687,65.610352
303777,-0.000637,0.901603,-0.242164,-0.031330,0.274498,-0.033682,-0.960487,0.000687,67.108269
303780,-0.000708,0.901600,-0.242137,-0.031625,0.274692,-0.034125,-0.960406,0.000343,68.612709
303784,-0.000732,0.901591,-0.242117,-0.031937,0.274544,-0.034363,-0.960429,0.000687,70.149422
303787,-0.000763,0.901580,-0.242093,-0.032215,0.274498,-0.034682,-0.960422,0.000687,71.669655
303791,-0.000872,0.901571,-0.242043,-0.032565,0.274918,-0.035214,-0.960271,0.000343,73.187828
303794,-0.000901,0.901560,-0.242017,-0.032824,0.274942,-0.035559,-0.960242,0.000343,74.718704
303798,-0.000907,0.901542,-0.241985,-0.033133,0.274501,-0.035908,-0.960345,0.000687,76.245804
303801,-0.000969,0.901535,-0.241956,-0.033447,0.274729,-0.036152,-0.960260,0.000687,77.780113
303805,-0.001047,0.901526,-0.241922,-0.033835,0.274818,-0.036850,-0.960194,0.000687,79.301720
303809,-0.001119,0.901519,-0.241898,-0.034207,0.274751,-0.037374,-0.960180,0.000343,80.857658
303812,-0.001185,0.901513,-0.241876,-0.034432,0.274947,-0.037618,-0.960106,0.000343,82.434540
303816,-0.001237,0.901506,-0.241851,-0.034791,0.274759,-0.038170,-0.960125,0.000343,84.011765
303819,-0.001271,0.901494,-0.241829,-0.035097,0.274697,-0.038365,-0.960124,0.000687,85.746231
303823,-0.001405,0.901491,-0.241783,-0.035528,0.275082,-0.039255,-0.959962,0.000687,87.152481
303826,-0.001474,0.901479,-0.241741,-0.035968,0.275087,-0.039854,-0.959919,0.000343,88.730049
303830,-0.001530,0.901453,-0.241687,-0.036662,0.274915,-0.040651,-0.959909,0.000343,90.310707
303834,-0.001724,0.901439,-0.241604,-0.037589,0.275388,-0.041990,-0.959680,0.000687,92.048264
303837,-0.001836,0.901420,-0.241550,-0.038341,0.275283,-0.043150,-0.959629,0.000687,93.507729
303841,-0.001966,0.901406,-0.241505,-0.039226,0.275176,-0.044176,-0.959577,0.000343,95.097656
303844,-0.002143,0.901394,-0.241450,-0.040171,0.275294,-0.045741,-0.959431,0.000687,96.683464
303848,-0.002339,0.901371,-0.241396,-0.041375,0.275199,-0.047399,-0.959326,0.000343,98.278542
303851,-0.002438,0.901361,-0.241367,-0.041997,0.275096,-0.048342,-0.959282,0.000687,100.622063
303855,-0.002646,0.901341,-0.241303,-0.042941,0.275582,-0.049697,-0.959031,0.000687,101.559677
303858,-0.002764,0.901331,-0.241265,-0.043609,0.275611,-0.050697,-0.958940,0.000343,102.983093
303862,-0.002830,0.901311,-0.241217,-0.044426,0.275364,-0.051782,-0.958916,0.000343,104.569588
303865,-0.002947,0.901293,-0.241165,-0.045095,0.275533,-0.052635,-0.958790,0.000687,106.161232
303869,-0.003098,0.901275,-0.241095,-0.046019,0.275588,-0.054191,-0.958643,0.000343,107.760773
303873,-0.003322,0.901252,-0.241018,-0.047533,0.275501,-0.056487,-0.958462,0.000343,109.534035
303876,-0.003519,0.901233,-0.240952,-0.048587,0.275619,-0.058048,-0.958282,0.000687,110.967751
303880,-0.003710,0.901216,-0.240893,-0.049837,0.275487,-0.059953,-0.958138,0.000343,112.534676
303883,-0.003842,0.901189,-0.240844,-0.050689,0.275420,-0.061067,-0.958042,0.000687,114.071732
303887,-0.004089,0.901169,-0.240774,-0.051815,0.275759,-0.062980,-0.957761,0.000343,115.663033
303890,-0.004235,0.901152,-0.240731,-0.052688,0.275777,-0.064302,-0.957620,0.000687,117.376900
303894,-0.004414,0.901135,-0.240663,-0.053928,0.275585,-0.065949,-0.957494,0.000343,119.529190
303897,-0.004598,0.901116,-0.240599,-0.054851,0.275610,-0.067483,-0.957328,0.000687,120.478134
303901,-0.004845,0.901089,-0.240505,-0.056177,0.275717,-0.069511,-0.957075,0.000343,121.876144
303904,-0.005009,0.901057,-0.240448,-0.057189,0.275613,-0.071152,-0.956924,0.000687,123.609238
303908,-0.005263,0.901033,-0.240351,-0.058413,0.275820,-0.072937,-0.956657,0.000343,124.991455
303912,-0.005465,0.901008,-0.240286,-0.059731,0.275676,-0.074843,-0.956469,0.000343,127.303391
303915,-0.005663,0.900991,-0.240238,-0.060769,0.275620,-0.076602,-0.956281,0.000343,128.214912
303919,-0.005952,0.900962,-0.240166,-0.062121,0.276116,-0.078658,-0.955884,0.000343,129.568291
303922,-0.006118,0.900939,-0.240124,-0.063055,0.276132,-0.080135,-0.955695,0.000687,131.068268
303926,-0.006262,0.900898,-0.240052,-0.064216,0.275674,-0.081667,-0.955621,0.000343,132.733727
303929,-0.006421,0.900876,-0.239993,-0.065070,0.275873,-0.082987,-0.955392,0.000343,134.822502
303933,-0.006656,0.900852,-0.239923,-0.066441,0.276103,-0.085354,-0.955022,0.000343,135.686302
303936,-0.006874,0.900821,-0.239857,-0.067933,0.275915,-0.087681,-0.954761,0.000343,137.045860
303940,-0.007270,0.900773,-0.239731,-0.069916,0.276103,-0.090850,-0.954267,0.000343,138.544121
303944,-0.007552,0.900730,-0.239651,-0.071599,0.275961,-0.093631,-0.953914,0.000343,140.135422
303947,-0.007781,0.900698,-0.239589,-0.072901,0.275935,-0.095474,-0.953640,0.000343,141.435585
303951,-0.008154,0.900664,-0.239521,-0.074921,0.276182,-0.098923,-0.953061,0.000343,142.890930
303954,-0.008449,0.900617,-0.239472,-0.076779,0.276214,-0.101693,-0.952612,0.000343,144.320869
303958,-0.008754,0.900566,-0.239418,-0.078675,0.275922,-0.104760,-0.952209,0.000343,146.417542
303961,-0.008945,0.900533,-0.239371,-0.079758,0.276031,-0.106455,-0.951900,0.000343,147.254562
303965,-0.009153,0.900490,-0.239305,-0.080971,0.276139,-0.108387,-0.951548,0.000000,148.479195
303968,-0.009271,0.900466,-0.239254,-0.081941,0.276065,-0.109554,-0.951353,0.000000,149.839439
303972,-0.009449,0.900422,-0.239181,-0.083011,0.276170,-0.111377,-0.951018,0.000000,151.204147
303975,-0.009594,0.900384,-0.239134,-0.084108,0.276195,-0.112996,-0.950723,0.000000,153.270264
303979,-0.009822,0.900326,-0.239064,-0.085774,0.275815,-0.115434,-0.950391,0.000000,154.067802
303982,-0.010006,0.900289,-0.239016,-0.086927,0.275770,-0.117331,-0.950067,0.000000,155.285568
303986,-0.010317,0.900237,-0.238943,-0.088253,0.276093,-0.119414,-0.949592,0.000000,156.595345
303990,-0.010468,0.900210,-0.238913,-0.089306,0.275764,-0.120987,-0.949390,-0.000343,157.872849
303993,-0.010650,0.900182,-0.238878,-0.090232,0.275861,-0.122517,-0.949078,0.000000,159.148293
303997,-0.010872,0.900138,-0.238833,-0.091528,0.275937,-0.124628,-0.948657,0.000000,160.533257
304000,-0.010968,0.900117,-0.238798,-0.092210,0.275765,-0.125707,-0.948498,-0.000343,161.642189
304004,-0.011132,0.900077,-0.238742,-0.093221,0.275937,-0.127275,-0.948140,0.000000,162.867508
304007,-0.011285,0.900035,-0.238678,-0.094129,0.275989,-0.128678,-0.947846,0.000000,164.053688
304011,-0.011407,0.900003,-0.238619,-0.095257,0.275650,-0.130316,-0.947608,0.000000,165.884285
304015,-0.011607,0.899956,-0.238563,-0.096169,0.275889,-0.131921,-0.947224,0.000000,166.571617
304018,-0.011714,0.899932,-0.238532,-0.096839,0.275889,-0.132861,-0.947025,0.000000,167.741661
304021,-0.011793,0.899916,-0.238510,-0.097374,0.275774,-0.133510,-0.946912,-0.000343,168.753433
304025,-0.011930,0.899887,-0.238491,-0.098194,0.275600,-0.134939,-0.946675,0.000000,169.869576
304029,-0.012166,0.899828,-0.238434,-0.099382,0.275754,-0.136855,-0.946231,0.000000,170.967178
304032,-0.012272,0.899799,-0.238412,-0.100216,0.275480,-0.138229,-0.946024,0.000000,172.166061
304036,-0.012460,0.899746,-0.238352,-0.101383,0.275609,-0.140044,-0.945594,0.000000,173.124619
304039,-0.012601,0.899704,-0.238304,-0.102212,0.275694,-0.141344,-0.945287,-0.000343,174.185486
304043,-0.012740,0.899675,-0.238237,-0.103342,0.275368,-0.143052,-0.945002,-0.000343,175.193825
304046,-0.012890,0.899637,-0.238183,-0.104218,0.275331,-0.144414,-0.944709,-0.000343,176.160965
304050,-0.013095,0.899583,-0.238141,-0.105092,0.275732,-0.145731,-0.944293,-0.000343,177.117119
304054,-0.013153,0.899567,-0.238136,-0.105763,0.275391,-0.146613,-0.944182,-0.000343,178.070183
304057,-0.013244,0.899542,-0.238132,-0.106265,0.275463,-0.147533,-0.943961,0.000000,179.004364
304061,-0.013348,0.899523,-0.238132,-0.106929,0.275536,-0.148464,-0.943718,0.000000,179.910049
304064,-0.013416,0.899507,-0.238107,-0.107477,0.275346,-0.149315,-0.943577,-0.000343,181.236305
304068,-0.013584,0.899454,-0.238042,-0.108382,0.275548,-0.150650,-0.943203,-0.000343,181.757126
304071,-0.013723,0.899411,-0.237981,-0.109112,0.275637,-0.151770,-0.942913,-0.000343,182.544365
304075,-0.013826,0.899374,-0.237911,-0.110092,0.275196,-0.153229,-0.942692,-0.000343,183.360443
304078,-0.013911,0.899354,-0.237875,-0.110762,0.275247,-0.154258,-0.942431,-0.000343,184.501648
304082,-0.014060,0.899303,-0.237830,-0.111517,0.275498,-0.155659,-0.942038,-0.000343,184.871063
304086,-0.014102,0.899285,-0.237818,-0.112061,0.275076,-0.156594,-0.941942,-0.000343,185.629807
304089,-0.014192,0.899253,-0.237801,-0.112488,0.275225,-0.157243,-0.941739,-0.000343,186.255684
304093,-0.014330,0.899218,-0.237784,-0.113111,0.275405,-0.158300,-0.941435,-0.000343,187.016830
304096,-0.014385,0.899209,-0.237779,-0.113512,0.275117,-0.158956,-0.941360,-0.000343,187.655067
304100,-0.014521,0.899165,-0.237757,-0.114181,0.275286,-0.159937,-0.941064,-0.000343,188.315277
304103,-0.014608,0.899137,-0.237738,-0.114599,0.275362,-0.160651,-0.940869,-0.000343,189.228859
304107,-0.014647,0.899130,-0.237718,-0.115197,0.274944,-0.161442,-0.940783,-0.000343,189.544373
304110,-0.014731,0.899099,-0.237686,-0.115679,0.274856,-0.162290,-0.940603,-0.000343,190.090942
304114,-0.014905,0.899053,-0.237644,-0.116368,0.275234,-0.163291,-0.940234,-0.000343,190.609016
304117,-0.014955,0.899036,-0.237629,-0.116833,0.275090,-0.163973,-0.940100,-0.000343,191.375313
304121,-0.015007,0.899030,-0.237611,-0.117306,0.274955,-0.164484,-0.939992,-0.000343,191.645508
304124,-0.015076,0.899007,-0.237602,-0.117666,0.275028,-0.165239,-0.939793,-0.000343,192.159119
304128,-0.015122,0.898989,-0.237591,-0.118180,0.274899,-0.165808,-0.939666,-0.000687,192.684059
304132,-0.015223,0.898952,-0.237553,-0.118655,0.275054,-0.166555,-0.939429,-0.000343,193.081284
304135,-0.015297,0.898930,-0.237529,-0.118966,0.275163,-0.167073,-0.939265,-0.000343,193.748703
304139,-0.015301,0.898919,-0.237504,-0.119339,0.274760,-0.167621,-0.939238,-0.000343,194.008942
304142,-0.015319,0.898907,-0.237494,-0.119550,0.274813,-0.167901,-0.939146,-0.000343,194.346085
304146,-0.015412,0.898875,-0.237474,-0.119910,0.275134,-0.168553,-0.938889,-0.000343,194.685631
304149,-0.015430,0.898863,-0.237475,-0.120050,0.274978,-0.168746,-0.938882,-0.000343,195.040970
304153,-0.015457,0.898860,-0.237470,-0.120386,0.274816,-0.169263,-0.938794,-0.000687,195.377083
304157,-0.015574,0.898831,-0.237457,-0.120656,0.274970,-0.169908,-0.938597,-0.000343,195.748901
304160,-0.015596,0.898829,-0.237466,-0.120865,0.274802,-0.170074,-0.938590,-0.000687,196.039009
304164,-0.015680,0.898809,-0.237467,-0.121107,0.274940,-0.170537,-0.938434,-0.000343,196.410484
304167,-0.015723,0.898800,-0.237467,-0.121302,0.275019,-0.170843,-0.938330,-0.000687,196.651497
304171,-0.015700,0.898807,-0.237470,-0.121533,0.274606,-0.171130,-0.938369,-0.000343,197.055244
304174,-0.015725,0.898794,-0.237450,-0.121762,0.274587,-0.171490,-0.938279,-0.000343,197.195663
304178,-0.015814,0.898762,-0.237408,-0.122065,0.275022,-0.171856,-0.938045,-0.000687,197.381744
304181,-0.015808,0.898753,-0.237393,-0.122226,0.274861,-0.172243,-0.938000,-0.000343,197.620010
304185,-0.015795,0.898754,-0.237367,-0.122426,0.274754,-0.172370,-0.937982,-0.000687,197.849007
304188,-0.015830,0.898741,-0.237364,-0.122578,0.274874,-0.172766,-0.937854,-0.000343,198.087959
304192,-0.015824,0.898744,-0.237366,-0.122713,0.274734,-0.172860,-0.937860,-0.000687,198.182373
304196,-0.015873,0.898730,-0.237357,-0.122890,0.274887,-0.173006,-0.937765,-0.000343,198.391800
304199,-0.015923,0.898719,-0.237358,-0.122973,0.274975,-0.173251,-0.937684,-0.000343,198.541145
304203,-0.015909,0.898725,-0.237366,-0.123126,0.274610,-0.173455,-0.937733,-0.000687,198.714523
304206,-0.015919,0.898729,-0.237363,-0.123211,0.274625,-0.173450,-0.937718,-0.000343,198.875542
304210,-0.015990,0.898700,-0.237353,-0.123350,0.274955,-0.173869,-0.937526,-0.000343,198.998451
304213,-0.015985,0.898705,-0.237349,-0.123409,0.274846,-0.173928,-0.937539,-0.000687,199.114838
304217,-0.015970,0.898702,-0.237342,-0.123467,0.274617,-0.174068,-0.937572,-0.000343,199.185219
304220,-0.016014,0.898689,-0.237330,-0.123579,0.274875,-0.174081,-0.937480,-0.000687,199.272423
304224,-0.016003,0.898688,-0.237329,-0.123687,0.274659,-0.174341,-0.937480,-0.000687,199.364433
304228,-0.016040,0.898673,-0.237331,-0.123752,0.274814,-0.174610,-0.937376,-0.000343,199.443398
304231,-0.016055,0.898672,-0.237341,-0.123805,0.274937,-0.174645,-0.937327,-0.001030,199.528542
304234,-0.016047,0.898680,-0.237352,-0.123819,0.274979,-0.174511,-0.937337,-0.000687,199.637375
304238,-0.016006,0.898692,-0.237359,-0.123834,0.274459,-0.174764,-0.937441,-0.000687,199.714966
304242,-0.016099,0.898662,-0.237338,-0.123984,0.274991,-0.174923,-0.937235,-0.000343,199.785690
304245,-0.016096,0.898661,-0.237331,-0.123988,0.274781,-0.174982,-0.937285,-0.000343,199.820709
304249,-0.016094,0.898663,-0.237314,-0.124079,0.274729,-0.174986,-0.937288,-0.000343,199.829292
304252,-0.016120,0.898657,-0.237314,-0.124096,0.274815,-0.175109,-0.937237,-0.000687,199.837875
304256,-0.016087,0.898663,-0.237327,-0.124095,0.274609,-0.175071,-0.937305,-0.000343,199.845085
304259,-0.016074,0.898667,-0.237335,-0.124106,0.274443,-0.175233,-0.937322,-0.000687,199.883194
304263,-0.016122,0.898657,-0.237341,-0.124127,0.274942,-0.175166,-0.937185,-0.000687,199.928513
304267,-0.016053,0.898670,-0.237346,-0.124179,0.274511,-0.175037,-0.937329,-0.000687,199.993744
304270,-0.016050,0.898672,-0.237343,-0.124177,0.274543,-0.175113,-0.937306,-0.000687,200.011253
304274,-0.016109,0.898647,-0.237321,-0.124256,0.274925,-0.175245,-0.937159,-0.000343,200.028076
304277,-0.016096,0.898650,-0.237312,-0.124266,0.274840,-0.175253,-0.937181,-0.000687,200.034943
304281,-0.016071,0.898653,-0.237305,-0.124281,0.274624,-0.175265,-0.937240,-0.000343,200.034943
304284,-0.016106,0.898648,-0.237298,-0.124297,0.274860,-0.175266,-0.937168,-0.000343,200.035286
304287,-0.016147,0.898637,-0.237307,-0.124330,0.274911,-0.175523,-0.937101,-0.000687,200.034943
304291,-0.016069,0.898664,-0.237342,-0.124266,0.274522,-0.175249,-0.937275,-0.000687,200.034943
304295,-0.016151,0.898640,-0.237353,-0.124367,0.274946,-0.175518,-0.937086,-0.000687,200.034256
304299,-0.016080,0.898672,-0.237376,-0.124273,0.274431,-0.175611,-0.937233,-0.000343,200.033226
304302,-0.016073,0.898668,-0.237365,-0.124287,0.274402,-0.175572,-0.937246,-0.000687,200.032196
304305,-0.016085,0.898658,-0.237342,-0.124351,0.274662,-0.175367,-0.937200,-0.000687,200.030136
304309,-0.016100,0.898639,-0.237314,-0.124395,0.274763,-0.175695,-0.937103,-0.000687,200.022583
304313,-0.016070,0.898636,-0.237286,-0.124444,0.274675,-0.175623,-0.937136,-0.000687,200.018806
304316,-0.016085,0.898627,-0.237285,-0.124451,0.274829,-0.175697,-0.937076,-0.000687,200.009880
304320,-0.016041,0.898648,-0.237300,-0.124431,0.274590,-0.175658,-0.937156,-0.000687,200.001297
304323,-0.016038,0.898651,-0.237316,-0.124380,0.274386,-0.175734,-0.937208,-0.000687,199.991684
304327,-0.016130,0.898632,-0.237338,-0.124469,0.274978,-0.175646,-0.937039,-0.000687,199.989281
304331,-0.016088,0.898659,-0.237357,-0.124434,0.274513,-0.175469,-0.937214,-0.000343,199.986877
304334,-0.016105,0.898661,-0.237360,-0.124398,0.274513,-0.175603,-0.937193,-0.000687,199.986534
304338,-0.016148,0.898636,-0.237350,-0.124499,0.274940,-0.175610,-0.937053,-0.000687,199.986534
304341,-0.016116,0.898643,-0.237344,-0.124469,0.274766,-0.175628,-0.937105,-0.000687,199.986534
304345,-0.016065,0.898644,-0.237334,-0.124459,0.274666,-0.175571,-0.937146,-0.000687,199.986534
304348,-0.016090,0.898632,-0.237324,-0.124460,0.274845,-0.175610,-0.937086,-0.000687,199.986534
304352,-0.016055,0.898638,-0.237330,-0.124490,0.274578,-0.175618,-0.937159,-0.000687,199.986534
304355,-0.016060,0.898647,-0.237349,-0.124451,0.274504,-0.175541,-0.937201,-0.000343,199.986877
304358,-0.016100,0.898643,-0.237358,-0.124454,0.274479,-0.175766,-0.937165,-0.000687,199.986877
304362,-0.016185,0.898636,-0.237382,-0.124470,0.274910,-0.175652,-0.937058,-0.000687,199.986877
304366,-0.016148,0.898656,-0.237396,-0.124445,0.274458,-0.175776,-0.937171,-0.000687,199.987221
304369,-0.016177,0.898652,-0.237389,-0.124473,0.274667,-0.175612,-0.937137,-0.000687,199.987221
304373,-0.016182,0.898642,-0.237366,-0.124512,0.274725,-0.175867,-0.937067,-0.000687,199.987221
304376,-0.016136,0.898647,-0.237343,-0.124479,0.274559,-0.175650,-0.937160,-0.000687,199.987564
304380,-0.016154,0.898625,-0.237304,-0.124566,0.274883,-0.175879,-0.937011,-0.000687,199.987564
304384,-0.016085,0.898639,-0.237288,-0.124521,0.274552,-0.175843,-0.937120,-0.000343,199.988251
304387,-0.016070,0.898641,-0.237277,-0.124499,0.274385,-0.175900,-0.937162,-0.000343,199.988251
304391,-0.016146,0.898621,-0.237279,-0.124565,0.274946,-0.175892,-0.936990,-0.000343,199.988594
304394,-0.016166,0.898621,-0.237292,-0.124561,0.274824,-0.176036,-0.936999,-0.000687,199.988937
304398,-0.016138,0.898647,-0.237322,-0.124519,0.274542,-0.175814,-0.937129,-0.000687,199.989281
304401,-0.016180,0.898641,-0.237339,-0.124517,0.274664,-0.175991,-0.937061,-0.000687,199.989624
304405,-0.016187,0.898643,-0.237355,-0.124511,0.274691,-0.175833,-0.937083,-0.000687,199.989967
304409,-0.016175,0.898645,-0.237353,-0.124536,0.274682,-0.175710,-0.937106,-0.000687,199.990311
304412,-0.016207,0.898629,-0.237345,-0.124549,0.274864,-0.175812,-0.937031,-0.000687,199.990997
304416,-0.016151,0.898639,-0.237330,-0.124523,0.274530,-0.175747,-0.937145,-0.000687,199.991684
304419,-0.016129,0.898645,-0.237322,-0.124529,0.274499,-0.175742,-0.937154,-0.000343,199.992027
304423,-0.016192,0.898612,-0.237303,-0.124602,0.274967,-0.175876,-0.936982,-0.000687,199.992714
304426,-0.016163,0.898623,-0.237309,-0.124584,0.274920,-0.175777,-0.937017,-0.000343,199.993057
304430,-0.016088,0.898650,-0.237319,-0.124503,0.274506,-0.175908,-0.937124,-0.000687,199.994087
304433,-0.016102,0.898646,-0.237318,-0.124561,0.274686,-0.175746,-0.937094,-0.000343,199.994431
304437,-0.016109,0.898637,-0.237318,-0.124519,0.274670,-0.175896,-0.937076,-0.000687,199.994774
304440,-0.016088,0.898645,-0.237317,-0.124516,0.274561,-0.175759,-0.937134,-0.000687,199.995117
304444,-0.016153,0.898620,-0.237293,-0.124607,0.274856,-0.176018,-0.936987,-0.000687,199.995804
304448,-0.016122,0.898639,-0.237285,-0.124522,0.274475,-0.176035,-0.937107,-0.000687,199.996147
304451,-0.016130,0.898636,-0.237280,-0.124565,0.274391,-0.176036,-0.937126,-0.000687,199.996490
304455,-0.016219,0.898612,-0.237279,-0.124632,0.274924,-0.176042,-0.936959,-0.000687,199.997177
304458,-0.016213,0.898613,-0.237292,-0.124641,0.274852,-0.176088,-0.936971,-0.000343,199.997864
304462,-0.016149,0.898641,-0.237325,-0.124552,0.274534,-0.175916,-0.937108,-0.000343,199.997864
304465,-0.016170,0.898633,-0.237341,-0.124531,0.274635,-0.176067,-0.937053,-0.000687,199.998207
304469,-0.016161,0.898633,-0.237355,-0.124575,0.274642,-0.175927,-0.937071,-0.000687,199.998550
304472,-0.016136,0.898645,-0.237362,-0.124521,0.274439,-0.176051,-0.937115,-0.000687,199.999237
304476,-0.016195,0.898621,-0.237350,-0.124620,0.274894,-0.175916,-0.936994,-0.000343,199.998894
304480,-0.016148,0.898635,-0.237340,-0.124563,0.274506,-0.175819,-0.937133,-0.000687,199.999580
304483,-0.016143,0.898643,-0.237340,-0.124561,0.274471,-0.175831,-0.937141,-0.000687,199.999924
304487,-0.016227,0.898615,-0.237321,-0.124631,0.274922,-0.175917,-0.936983,-0.000687,199.999924
304490,-0.016210,0.898629,-0.237324,-0.124604,0.274897,-0.175890,-0.937000,-0.000687,199.999924
304494,-0.016164,0.898642,-0.237320,-0.124579,0.274515,-0.175905,-0.937112,-0.001030,200.000267
304497,-0.016198,0.898628,-0.237312,-0.124598,0.274731,-0.175824,-0.937061,-0.000343,200.000267
304501,-0.016182,0.898626,-0.237308,-0.124585,0.274609,-0.175976,-0.937070,-0.000343,200.000610
304504,-0.016144,0.898638,-0.237307,-0.124581,0.274589,-0.175822,-0.937106,-0.000687,200.000954
304508,-0.016186,0.898615,-0.237304,-0.124623,0.274827,-0.176051,-0.936987,-0.000687,200.000954
304511,-0.016158,0.898617,-0.237312,-0.124597,0.274972,-0.175830,-0.936990,-0.000343,200.000954
304515,-0.016081,0.898639,-0.237318,-0.124549,0.274332,-0.176019,-0.937148,-0.000343,200.000610
304519,-0.016152,0.898613,-0.237313,-0.124624,0.274862,-0.176143,-0.936960,-0.000343,200.000954
304522,-0.016140,0.898624,-0.237316,-0.124592,0.274763,-0.176150,-0.936992,-0.000687,200.001297
304526,-0.016119,0.898638,-0.237309,-0.124627,0.274582,-0.176084,-0.937052,-0.000343,200.001297
304529,-0.016149,0.898628,-0.237301,-0.124585,0.274687,-0.176129,-0.937019,-0.000687,200.001297
304533,-0.016141,0.898626,-0.237304,-0.124586,0.274615,-0.176065,-0.937052,-0.000343,200.000954
304536,-0.016128,0.898636,-0.237303,-0.124599,0.274415,-0.176132,-0.937096,-0.000343,200.001297
304540,-0.016180,0.898623,-0.237308,-0.124654,0.274922,-0.176040,-0.936957,-0.000343,200.001297
304543,-0.016207,0.898612,-0.237308,-0.124663,0.274863,-0.176254,-0.936933,-0.000343,200.001297
304547,-0.016138,0.898642,-0.237322,-0.124574,0.274494,-0.175949,-0.937110,-0.000343,200.001297
304551,-0.016207,0.898618,-0.237319,-0.124651,0.274926,-0.175960,-0.936972,-0.000343,200.001297
304554,-0.016198,0.898621,-0.237317,-0.124645,0.274861,-0.176012,-0.936982,-0.000343,200.001297
304558,-0.016145,0.898638,-0.237324,-0.124581,0.274519,-0.175926,-0.937107,-0.000343,200.001297
304561,-0.016177,0.898628,-0.237319,-0.124598,0.274737,-0.175945,-0.937037,-0.000343,200.001297
304565,-0.016145,0.898631,-0.237320,-0.124621,0.274619,-0.176002,-0.937058,-0.000343,200.000954
304568,-0.016113,0.898642,-0.237324,-0.124580,0.274512,-0.175889,-0.937116,-0.000343,200.000954
304572,-0.016182,0.898615,-0.237306,-0.124652,0.274867,-0.176050,-0.936972,-0.000343,200.001297
304575,-0.016180,0.898618,-0.237306,-0.124660,0.274973,-0.175914,-0.936965,-0.000343,200.001297
304579,-0.016114,0.898642,-0.237304,-0.124636,0.274440,-0.176035,-0.937102,-0.000343,200.001297
304583,-0.016205,0.898611,-0.237295,-0.124675,0.274869,-0.176229,-0.936935,-0.000343,200.001297
304586,-0.016193,0.898616,-0.237297,-0.124623,0.274749,-0.176141,-0.936993,-0.000343,200.001297
304590,-0.016191,0.898620,-0.237304,-0.124658,0.274605,-0.176133,-0.937032,-0.000343,200.001297
304593,-0.016222,0.898618,-0.237310,-0.124651,0.274751,-0.176117,-0.936994,-0.000343,200.000954
304597,-0.016203,0.898632,-0.237329,-0.124640,0.274600,-0.176130,-0.937037,-0.000343,200.001297
304600,-0.016179,0.898642,-0.237339,-0.124604,0.274400,-0.176170,-0.937093,-0.000343,200.000954
304604,-0.016242,0.898618,-0.237340,-0.124647,0.274881,-0.176127,-0.936954,-0.000687,200.001297
304604,-0.016242,0.898618,-0.237340,-0.124647,0.274881,-0.176127,-0.936954,-0.000687,200.001297
304604,-0.016242,0.898618,-0.237340,-0.124647,0.274881,-0.176127,-0.936954,-0.000687,200.001297
304604,-0.016242,0.898618,-0.237340,-0.124647,0.274881,-0.176127,-0.936954,-0.000687,200.001297
304604,-0.016242,0.898618,-0.237340,-0.124647,0.274881,-0.176127,-0.936954,-0.000687,200.001297
