0,0.000000,0.000000,0.000000,0.000000,0.000000,0.000000,0.000000,0.000000,0.000000
0,0.000000,0.000000,0.000000,0.000000,0.000000,0.000000,0.000000,0.000000,0.000000
0,0.000000,0.000000,0.000000,0.000000,0.000000,0.000000,0.000000,0.000000,0.000000
0,0.000000,0.000000,0.000000,0.000000,0.000000,0.000000,0.000000,0.000000,0.000000
0,0.000000,0.000000,0.000000,0.000000,0.000000,0.000000,0.000000,0.000000,0.000000
0,0.000000,0.000000,0.000000,0.000000,0.000000,0.000000,0.000000,0.000000,0.000000
0,0.000000,0.000000,0.000000,0.000000,0.000000,0.000000,0.000000,0.000000,0.000000
0,0.000000,0.000000,0.000000,0.000000,0.000000,0.000000,0.000000,0.000000,0.000000
0,0.000000,0.000000,0.000000,0.000000,0.000000,0.000000,0.000000,0.000000,0.000000
0,0.000000,0.000000,0.000000,0.000000,0.000000,0.000000,0.000000,0.000000,0.000000
0,0.000000,0.000000,0.000000,0.000000,0.000000,0.000000,0.000000,0.000000,0.000000
0,0.000000,0.000000,0.000000,0.000000,0.000000,0.000000,0.000000,0.000000,0.000000
0,0.000000,0.000000,0.000000,0.000000,0.000000,0.000000,0.000000,0.000000,0.000000
0,0.000000,0.000000,0.000000,0.000000,0.000000,0.000000,0.000000,0.000000,0.000000
0,0.000000,0.000000,0.000000,0.000000,0.000000,0.000000,0.000000,0.000000,0.000000
0,0.000000,0.000000,0.000000,0.000000,0.000000,0.000000,0.000000,0.000000,0.000000
0,0.000000,0.000000,0.000000,0.000000,0.000000,0.000000,0.000000,0.000000,0.000000
0,0.000000,0.000000,0.000000,0.000000,0.000000,0.000000,0.000000,0.000000,0.000000
0,0.000000,0.000000,0.000000,0.000000,0.000000,0.000000,0.000000,0.000000,0.000000
0,0.000000,0.000000,0.000000,0.000000,0.000000,0.000000,0.000000,0.000000,0.000000
0,0.000000,0.000000,0.000000,0.000000,0.000000,0.000000,0.000000,0.000000,0.000000
0,0.000000,0.000000,0.000000,0.000000,0.000000,0.000000,0.000000,0.000000,0.000000
0,0.000000,0.000000,0.000000,0.000000,0.000000,0.000000,0.000000,0.000000,0.000000
0,0.000000,0.000000,0.000000,0.000000,0.000000,0.000000,0.000000,0.000000,0.000000
0,0.000000,0.000000,0.000000,0.000000,0.000000,0.000000,0.000000,0.000000,0.000000
0,0.000000,0.000000,0.000000,0.000000,0.000000,0.000000,0.000000,0.000000,0.000000
0,0.000000,0.000000,0.000000,0.000000,0.000000,0.000000,0.000000,0.000000,0.000000
0,0.000000,0.000000,0.000000,0.000000,0.000000,0.000000,0.000000,0.000000,0.000000
0,0.000000,0.000000,0.000000,0.000000,0.000000,0.000000,0.000000,0.000000,0.000000
240405,-0.024146,0.899787,-0.235031,-0.076293,0.277511,-0.103069,-0.952126,99.999962,0.000000
240409,-0.024119,0.899788,-0.235021,-0.076306,0.277566,-0.102763,-0.952142,99.999962,0.000343
240412,-0.024092,0.899782,-0.234999,-0.076323,0.277227,-0.103041,-0.952209,99.999962,0.000343
240416,-0.024110,0.899775,-0.234962,-0.076305,0.277627,-0.102794,-0.952121,99.999962,0.000343
240419,-0.024119,0.899769,-0.234949,-0.076328,0.277636,-0.103149,-0.952078,99.999962,0.000343
240423,-0.024038,0.899774,-0.234958,-0.076322,0.277280,-0.102639,-0.952237,99.999962,0.000343
240426,-0.024059,0.899779,-0.234961,-0.076336,0.277320,-0.102933,-0.952193,99.999962,0.000000
240430,-0.024104,0.899778,-0.234974,-0.076291,0.277576,-0.102793,-0.952137,99.999962,0.000343
240434,-0.024089,0.899776,-0.234995,-0.076340,0.277282,-0.102851,-0.952212,99.999962,0.000343
240437,-0.024117,0.899784,-0.235004,-0.076280,0.277495,-0.102753,-0.952166,99.999962,0.000343
240441,-0.024124,0.899782,-0.235010,-0.076347,0.277383,-0.102942,-0.952173,99.999962,0.000343
240444,-0.024097,0.899782,-0.235011,-0.076282,0.277281,-0.102708,-0.952233,99.999962,0.000343
240447,-0.024090,0.899783,-0.235010,-0.076287,0.277236,-0.102822,-0.952233,100.000305,0.000343
240451,-0.024143,0.899779,-0.234993,-0.076286,0.277795,-0.102833,-0.952069,100.000305,0.000343
240455,-0.024060,0.899774,-0.234985,-0.076324,0.277146,-0.102942,-0.952244,99.999962,0.000343
240458,-0.024058,0.899776,-0.234982,-0.076305,0.277344,-0.102706,-0.952213,99.999962,0.000343
240462,-0.024111,0.899772,-0.234973,-0.076335,0.277495,-0.103129,-0.952121,99.999962,0.000343
240465,-0.024073,0.899781,-0.234989,-0.076320,0.277378,-0.102740,-0.952198,99.999962,0.000343
240469,-0.024116,0.899780,-0.234994,-0.076295,0.277496,-0.103121,-0.952124,99.999962,0.000000
240473,-0.024093,0.899782,-0.235003,-0.076309,0.277314,-0.102892,-0.952201,99.999962,0.000000
240476,-0.024091,0.899775,-0.235007,-0.076314,0.277193,-0.103024,-0.952222,99.999962,0.000343
240480,-0.024162,0.899776,-0.234993,-0.076321,0.277789,-0.102979,-0.952052,99.999962,0.000343
240483,-0.024158,0.899770,-0.234979,-0.076321,0.277565,-0.103205,-0.952093,99.999962,0.000343
240487,-0.024080,0.899772,-0.234987,-0.076319,0.277283,-0.102736,-0.952226,99.999962,0.000343
240490,-0.024097,0.899771,-0.234982,-0.076327,0.277379,-0.103097,-0.952159,99.999962,0.000000
240494,-0.024104,0.899775,-0.234992,-0.076295,0.277495,-0.102839,-0.952155,99.999962,0.000343
240497,-0.024088,0.899771,-0.235005,-0.076323,0.277279,-0.103042,-0.952194,99.999962,0.000343
240501,-0.024121,0.899774,-0.235011,-0.076281,0.277542,-0.102803,-0.952147,99.999962,0.000343
240504,-0.024149,0.899774,-0.235016,-0.076308,0.277599,-0.103210,-0.952084,99.999962,0.000343
240508,-0.024079,0.899778,-0.235034,-0.076283,0.277247,-0.102622,-0.952252,99.999962,0.000343
240511,-0.024091,0.899780,-0.235026,-0.076325,0.277259,-0.102947,-0.952210,100.000305,0.000343
240515,-0.024141,0.899782,-0.235017,-0.076271,0.277743,-0.102805,-0.952088,99.999962,0.000343
240519,-0.024066,0.899776,-0.235000,-0.076308,0.277210,-0.102794,-0.952242,100.000305,0.000000
240522,-0.024083,0.899784,-0.234985,-0.076257,0.277521,-0.102677,-0.952168,99.999962,0.000343
240526,-0.024089,0.899773,-0.234959,-0.076326,0.277438,-0.102933,-0.952159,100.000305,0.000343
240529,-0.024069,0.899772,-0.234956,-0.076312,0.277309,-0.102681,-0.952225,99.999962,0.000343
240533,-0.024145,0.899774,-0.234960,-0.076320,0.277693,-0.103001,-0.952078,99.999619,0.000343
240536,-0.024155,0.899773,-0.234961,-0.076293,0.277712,-0.102830,-0.952093,99.999962,0.000343
240540,-0.024111,0.899778,-0.234994,-0.076337,0.277187,-0.102952,-0.952230,100.000305,0.000343
240544,-0.024193,0.899778,-0.235004,-0.076314,0.277639,-0.103178,-0.952075,99.999962,0.000000
240547,-0.024184,0.899779,-0.235021,-0.076302,0.277501,-0.103156,-0.952119,100.000305,0.000343
240551,-0.024122,0.899792,-0.235033,-0.076272,0.277275,-0.102960,-0.952208,99.999962,0.000343
240554,-0.024129,0.899784,-0.235019,-0.076294,0.277434,-0.103026,-0.952153,99.999962,0.000343
240558,-0.024101,0.899776,-0.234998,-0.076306,0.277386,-0.103002,-0.952169,99.999962,0.000343
240561,-0.024056,0.899775,-0.234984,-0.076345,0.277231,-0.102995,-0.952211,99.999962,0.000343
240565,-0.024111,0.899765,-0.234953,-0.076330,0.277613,-0.103025,-0.952098,99.999962,0.000000
240569,-0.024043,0.899768,-0.234964,-0.076338,0.277344,-0.102616,-0.952220,99.999962,0.000343
240572,-0.024054,0.899778,-0.234982,-0.076302,0.277247,-0.102792,-0.952232,99.999962,0.000343
240575,-0.024088,0.899775,-0.234994,-0.076307,0.277307,-0.103045,-0.952187,99.999962,0.000343
240579,-0.024143,0.899785,-0.235026,-0.076244,0.277624,-0.102957,-0.952109,99.999962,0.000343
240583,-0.024122,0.899788,-0.235045,-0.076242,0.277433,-0.102685,-0.952194,99.999962,0.000343
240586,-0.024162,0.899791,-0.235038,-0.076246,0.277608,-0.102862,-0.952124,99.999962,0.000000
240590,-0.024123,0.899793,-0.235032,-0.076264,0.277488,-0.102733,-0.952171,99.999962,0.000343
240593,-0.024085,0.899782,-0.235013,-0.076282,0.277249,-0.102749,-0.952238,99.999962,0.000000
240597,-0.024135,0.899772,-0.234990,-0.076284,0.277777,-0.102819,-0.952076,99.999962,0.000000
240600,-0.024116,0.899767,-0.234971,-0.076321,0.277723,-0.102875,-0.952083,99.999962,0.000343
240604,-0.024044,0.899776,-0.234978,-0.076309,0.277228,-0.102722,-0.952244,99.999962,0.000000
240607,-0.024080,0.899779,-0.234989,-0.076288,0.277504,-0.102666,-0.952172,99.999962,0.000343
240611,-0.024123,0.899780,-0.235009,-0.076285,0.277580,-0.102873,-0.952128,99.999962,0.000343
240615,-0.024125,0.899781,-0.235020,-0.076296,0.277347,-0.103058,-0.952175,99.999962,0.000000
240618,-0.024159,0.899787,-0.235035,-0.076242,0.277656,-0.102882,-0.952108,99.999619,0.000343
240622,-0.024131,0.899781,-0.235029,-0.076334,0.277275,-0.103060,-0.952192,99.995842,0.000343
240625,-0.024099,0.899782,-0.235019,-0.076301,0.277192,-0.102860,-0.952241,99.982796,0.000000
240629,-0.024167,0.899778,-0.234989,-0.076280,0.277688,-0.103208,-0.952060,99.961510,0.000343
240632,-0.024128,0.899770,-0.234968,-0.076332,0.277602,-0.103045,-0.952099,99.929581,0.000343
240636,-0.024056,0.899774,-0.234971,-0.076311,0.277238,-0.102968,-0.952215,99.889412,0.000000
240639,-0.024078,0.899771,-0.234970,-0.076309,0.277380,-0.102962,-0.952174,99.844093,0.000343
240643,-0.024099,0.899774,-0.234977,-0.076338,0.277443,-0.103094,-0.952140,99.804955,0.000343
240646,-0.024083,0.899778,-0.235002,-0.076315,0.277257,-0.102954,-0.952211,99.758606,0.000000
240650,-0.024167,0.899782,-0.235016,-0.076290,0.277660,-0.103072,-0.952082,99.717064,0.000343
240654,-0.024113,0.899791,-0.235042,-0.076256,0.277411,-0.102674,-0.952201,99.671059,0.000000
240657,-0.024121,0.899790,-0.235043,-0.076264,0.277296,-0.102883,-0.952211,99.615784,0.000343
240661,-0.024179,0.899783,-0.235019,-0.076244,0.277796,-0.102821,-0.952074,99.549522,0.000343
240664,-0.024158,0.899783,-0.235007,-0.076291,0.277686,-0.102992,-0.952083,99.470558,0.000000
240668,-0.024077,0.899777,-0.234990,-0.076290,0.277303,-0.102654,-0.952232,99.389534,0.000343
240671,-0.024101,0.899770,-0.234976,-0.076287,0.277487,-0.102919,-0.952150,99.281044,0.000343
240675,-0.024072,0.899774,-0.234985,-0.076305,0.277398,-0.102709,-0.952197,99.173927,0.000000
240679,-0.024095,0.899774,-0.234992,-0.076340,0.277491,-0.103064,-0.952129,99.057884,0.000000
240682,-0.024111,0.899776,-0.235008,-0.076295,0.277713,-0.102818,-0.952094,98.936348,0.000343
240685,-0.024137,0.899781,-0.235027,-0.076291,0.277810,-0.102899,-0.952057,98.822021,0.000000
240689,-0.024073,0.899786,-0.235049,-0.076254,0.277314,-0.102671,-0.952230,98.687096,0.000000
240693,-0.024147,0.899778,-0.235029,-0.076278,0.277568,-0.103203,-0.952096,98.528481,0.000343
240696,-0.024134,0.899782,-0.235024,-0.076284,0.277639,-0.102855,-0.952113,98.362656,0.000000
240700,-0.024114,0.899776,-0.235003,-0.076330,0.277345,-0.103001,-0.952179,98.182755,0.000343
240703,-0.024140,0.899775,-0.234998,-0.076285,0.277638,-0.102795,-0.952119,97.983627,0.000343
240707,-0.024114,0.899769,-0.234981,-0.076374,0.277320,-0.103052,-0.952177,97.799263,0.000000
240710,-0.024088,0.899772,-0.234985,-0.076310,0.277223,-0.102772,-0.952241,97.556534,0.000343
240714,-0.024176,0.899775,-0.234988,-0.076335,0.277675,-0.103168,-0.952064,97.331314,0.000343
240717,-0.024166,0.899778,-0.234994,-0.076286,0.277676,-0.103004,-0.952085,97.108841,0.000343
240721,-0.024096,0.899783,-0.235010,-0.076310,0.277247,-0.102992,-0.952210,96.857872,0.000343
240725,-0.024163,0.899782,-0.235008,-0.076304,0.277796,-0.102904,-0.952060,96.588364,0.000000
240728,-0.024146,0.899782,-0.235005,-0.076316,0.277583,-0.103102,-0.952099,96.338768,0.000000
240732,-0.024113,0.899779,-0.234989,-0.076272,0.277440,-0.102778,-0.952180,96.002312,0.000000
240735,-0.024159,0.899778,-0.234986,-0.076307,0.277634,-0.103124,-0.952083,95.685768,0.000343
240739,-0.024084,0.899778,-0.234991,-0.076287,0.277343,-0.102704,-0.952215,95.338326,0.000343
240742,-0.024071,0.899779,-0.235004,-0.076268,0.277163,-0.102872,-0.952251,94.986076,0.000343
240746,-0.024131,0.899781,-0.235012,-0.076220,0.277838,-0.102704,-0.952076,94.618034,0.000000
240750,-0.024039,0.899792,-0.235029,-0.076186,0.277202,-0.102684,-0.952266,94.252739,0.000000
240753,-0.024048,0.899795,-0.235027,-0.076120,0.277346,-0.102466,-0.952253,93.856201,0.000343
240757,-0.024096,0.899792,-0.235028,-0.076114,0.277650,-0.102750,-0.952134,93.484726,0.000343
240760,-0.024041,0.899795,-0.235024,-0.076118,0.277513,-0.102449,-0.952206,92.997208,0.000343
240764,-0.024022,0.899797,-0.235020,-0.076072,0.277542,-0.102623,-0.952183,92.532005,0.000000
240767,-0.024002,0.899799,-0.235027,-0.076001,0.277709,-0.102322,-0.952172,92.066460,0.000000
240771,-0.023898,0.899814,-0.235056,-0.075908,0.277302,-0.102409,-0.952289,91.571388,0.000000
240774,-0.023848,0.899819,-0.235068,-0.075836,0.277335,-0.101971,-0.952332,91.054688,0.000000
240778,-0.023853,0.899827,-0.235085,-0.075679,0.277610,-0.102252,-0.952234,90.519791,0.000343
240782,-0.023726,0.899840,-0.235127,-0.075549,0.277316,-0.101761,-0.952383,89.984207,0.000000
240785,-0.023675,0.899850,-0.235151,-0.075412,0.277332,-0.101638,-0.952402,89.452744,0.000000
240788,-0.023608,0.899872,-0.235182,-0.075246,0.277658,-0.101214,-0.952365,88.782921,0.000000
240792,-0.023468,0.899884,-0.235221,-0.075063,0.277531,-0.101055,-0.952434,88.152924,0.000000
240796,-0.023332,0.899899,-0.235250,-0.074801,0.277609,-0.100442,-0.952496,87.533226,0.000000
240799,-0.023246,0.899909,-0.235263,-0.074630,0.277685,-0.100293,-0.952503,86.915245,0.000000
240803,-0.023050,0.899926,-0.235295,-0.074374,0.277425,-0.099584,-0.952674,86.340179,0.000000
240806,-0.022939,0.899944,-0.235318,-0.074152,0.277360,-0.099393,-0.952730,85.601006,0.000000
240810,-0.022820,0.899966,-0.235354,-0.073839,0.277742,-0.098729,-0.952712,84.952126,0.000000
240813,-0.022694,0.899980,-0.235397,-0.073633,0.277614,-0.098527,-0.952786,84.181709,0.000000
240817,-0.022511,0.900011,-0.235465,-0.073273,0.277497,-0.097759,-0.952927,83.445625,0.000343
240821,-0.022345,0.900038,-0.235535,-0.072874,0.277536,-0.097270,-0.952996,82.704735,0.000000
240824,-0.022155,0.900063,-0.235600,-0.072590,0.277356,-0.096647,-0.953134,82.034225,0.000000
240827,-0.021980,0.900090,-0.235658,-0.072279,0.277183,-0.096320,-0.953241,81.193428,0.000000
240831,-0.021812,0.900114,-0.235707,-0.071887,0.277554,-0.095559,-0.953239,80.411339,0.000000
240835,-0.021524,0.900152,-0.235782,-0.071484,0.277198,-0.095019,-0.953427,79.612427,0.000343
240838,-0.021363,0.900170,-0.235816,-0.071218,0.277248,-0.094380,-0.953496,78.806648,0.000000
240842,-0.021189,0.900195,-0.235852,-0.070833,0.277292,-0.094199,-0.953530,77.991943,0.000343
240845,-0.021014,0.900213,-0.235894,-0.070593,0.277222,-0.093543,-0.953632,77.160416,0.000000
240849,-0.020795,0.900234,-0.235952,-0.070130,0.277187,-0.092915,-0.953738,76.396523,0.000000
240852,-0.020658,0.900253,-0.236001,-0.069791,0.277319,-0.092364,-0.953778,75.456161,0.000343
240856,-0.020407,0.900281,-0.236083,-0.069377,0.277031,-0.091897,-0.953937,74.597168,0.000000
240860,-0.020206,0.900313,-0.236150,-0.068920,0.277202,-0.091314,-0.953976,73.729248,0.000000
240863,-0.020043,0.900329,-0.236204,-0.068563,0.277204,-0.090775,-0.954053,72.850342,0.000000
240867,-0.019760,0.900364,-0.236282,-0.068133,0.276961,-0.089821,-0.954245,71.953583,0.000343
240870,-0.019576,0.900390,-0.236330,-0.067754,0.276937,-0.089304,-0.954327,71.136131,0.000000
240874,-0.019339,0.900423,-0.236409,-0.067187,0.277177,-0.088479,-0.954374,70.142899,0.000000
240877,-0.019095,0.900461,-0.236480,-0.066708,0.276967,-0.087887,-0.954524,69.224510,0.000000
240881,-0.018812,0.900510,-0.236575,-0.066045,0.277000,-0.087019,-0.954639,68.287239,0.000000
240884,-0.018617,0.900535,-0.236638,-0.065647,0.277063,-0.086578,-0.954689,67.361641,0.000000
240888,-0.018264,0.900586,-0.236741,-0.064992,0.276738,-0.085523,-0.954923,66.404457,0.000000
240892,-0.017970,0.900625,-0.236836,-0.064328,0.276979,-0.084415,-0.954997,65.448990,0.000000
240895,-0.017769,0.900651,-0.236881,-0.063974,0.276871,-0.083961,-0.955092,64.508629,0.000000
240898,-0.017582,0.900668,-0.236939,-0.063646,0.276698,-0.083549,-0.955200,63.660965,0.000000
240902,-0.017306,0.900689,-0.237009,-0.063170,0.276638,-0.082474,-0.955342,62.593575,0.000000
240906,-0.017050,0.900724,-0.237090,-0.062567,0.276649,-0.081640,-0.955450,61.631584,0.000000
240909,-0.016825,0.900746,-0.237153,-0.062172,0.276482,-0.081017,-0.955578,60.640411,0.000000
240913,-0.016558,0.900769,-0.237242,-0.061640,0.276691,-0.080166,-0.955624,59.655418,0.000000
240917,-0.016237,0.900807,-0.237357,-0.061012,0.276483,-0.079414,-0.955787,58.658752,0.000000
240920,-0.015970,0.900833,-0.237443,-0.060588,0.276429,-0.078484,-0.955906,57.671700,0.000000
240923,-0.015738,0.900860,-0.237525,-0.060064,0.276442,-0.077827,-0.955989,56.785927,0.000000
240927,-0.015474,0.900891,-0.237619,-0.059431,0.276546,-0.077155,-0.956053,55.688667,0.000000
240931,-0.015117,0.900922,-0.237710,-0.058825,0.276234,-0.076210,-0.956256,54.705391,-0.000343
240934,-0.014889,0.900945,-0.237773,-0.058377,0.276385,-0.075372,-0.956307,53.709755,0.000000
240938,-0.014559,0.900977,-0.237869,-0.057716,0.276333,-0.074532,-0.956428,52.713776,0.000000
240941,-0.014266,0.901000,-0.237959,-0.057185,0.276216,-0.073659,-0.956561,51.732903,0.000000
240945,-0.013987,0.901030,-0.238060,-0.056572,0.276381,-0.072890,-0.956609,50.724564,0.000000
240948,-0.013775,0.901051,-0.238129,-0.056187,0.276435,-0.072285,-0.956662,49.710388,0.000000
240952,-0.013426,0.901085,-0.238240,-0.055552,0.276028,-0.071354,-0.956886,48.692093,0.000000
240955,-0.013201,0.901104,-0.238306,-0.055073,0.275981,-0.070617,-0.956982,47.692337,0.000000
240959,-0.012940,0.901124,-0.238390,-0.054492,0.276265,-0.069738,-0.956998,46.695328,0.000000
240963,-0.012582,0.901157,-0.238493,-0.053806,0.276013,-0.068437,-0.957203,45.702095,0.000000
240966,-0.012323,0.901184,-0.238572,-0.053223,0.276033,-0.067882,-0.957270,44.738045,0.000000
240969,-0.012064,0.901215,-0.238656,-0.052630,0.276047,-0.067207,-0.957346,43.826180,0.000000
240973,-0.011681,0.901245,-0.238762,-0.052014,0.275639,-0.066123,-0.957573,42.743683,0.000000
240977,-0.011355,0.901267,-0.238864,-0.051336,0.276013,-0.064919,-0.957584,41.848984,0.000000
240980,-0.011080,0.901290,-0.238954,-0.050769,0.275925,-0.064268,-0.957683,40.767860,0.000000
240984,-0.010743,0.901291,-0.239065,-0.050204,0.275621,-0.063099,-0.957879,39.770508,0.000000
240988,-0.010493,0.901316,-0.239150,-0.049622,0.275855,-0.062596,-0.957874,38.783112,0.000000
240991,-0.010246,0.901327,-0.239227,-0.049125,0.275781,-0.061656,-0.957982,37.806358,0.000000
240994,-0.010019,0.901340,-0.239289,-0.048741,0.275604,-0.061035,-0.958093,36.918526,0.000000
240998,-0.009801,0.901353,-0.239344,-0.048371,0.275800,-0.060274,-0.958103,35.861778,0.000000
241001,-0.009616,0.901367,-0.239402,-0.048026,0.275842,-0.059752,-0.958141,35.026817,0.000000
241005,-0.009271,0.901381,-0.239510,-0.047462,0.275495,-0.058729,-0.958332,33.989639,0.000000
241009,-0.009021,0.901397,-0.239595,-0.046881,0.275693,-0.058213,-0.958336,33.058205,0.000000
241012,-0.008813,0.901399,-0.239657,-0.046429,0.275609,-0.057366,-0.958433,32.125053,0.000000
241016,-0.008481,0.901399,-0.239748,-0.045918,0.275142,-0.056564,-0.958639,31.174049,0.000000
241019,-0.008272,0.901406,-0.239809,-0.045428,0.275319,-0.055728,-0.958661,30.239868,0.000000
241023,-0.007991,0.901433,-0.239902,-0.044762,0.275272,-0.055022,-0.958746,29.332123,0.000000
241026,-0.007738,0.901447,-0.239973,-0.044359,0.275194,-0.054207,-0.958834,28.412361,0.000000
241030,-0.007459,0.901467,-0.240064,-0.043743,0.275382,-0.053535,-0.958846,27.504959,0.000000
241034,-0.007099,0.901489,-0.240163,-0.043105,0.275224,-0.052373,-0.958984,26.723213,0.000000
241037,-0.006878,0.901503,-0.240227,-0.042753,0.275095,-0.051905,-0.959063,25.758133,0.000000
241041,-0.006679,0.901504,-0.240284,-0.042245,0.275548,-0.051009,-0.959003,24.983940,0.000000
241044,-0.006495,0.901512,-0.240348,-0.041853,0.275368,-0.050681,-0.959089,24.041519,0.000000
241048,-0.006223,0.901510,-0.240422,-0.041378,0.275124,-0.049538,-0.959240,23.203468,0.000000
241051,-0.006067,0.901515,-0.240479,-0.040996,0.275158,-0.049234,-0.959262,22.382240,0.000000
241055,-0.005798,0.901525,-0.240557,-0.040520,0.275056,-0.048348,-0.959357,21.551056,0.000000
241059,-0.005510,0.901528,-0.240646,-0.039972,0.274969,-0.047595,-0.959442,20.810165,0.000000
241062,-0.005297,0.901540,-0.240712,-0.039525,0.275123,-0.046871,-0.959452,19.903107,0.000000
241065,-0.005102,0.901552,-0.240774,-0.039217,0.275077,-0.046414,-0.959500,19.186592,0.000000
241069,-0.004774,0.901541,-0.240867,-0.038712,0.274733,-0.045351,-0.959670,18.333778,0.000000
241073,-0.004581,0.901549,-0.240932,-0.038195,0.274938,-0.044979,-0.959649,17.586021,0.000000
241076,-0.004396,0.901548,-0.240981,-0.037877,0.274929,-0.044270,-0.959698,16.871223,0.000000
241080,-0.004168,0.901549,-0.241054,-0.037426,0.274643,-0.043685,-0.959824,16.150246,0.000000
241083,-0.004005,0.901563,-0.241118,-0.036962,0.274854,-0.042982,-0.959813,15.506172,-0.000343
241087,-0.003707,0.901575,-0.241228,-0.036405,0.274642,-0.042296,-0.959926,14.725113,0.000000
241090,-0.003474,0.901578,-0.241304,-0.035983,0.274540,-0.041293,-0.960015,14.086533,-0.000343
241094,-0.003263,0.901586,-0.241387,-0.035512,0.274777,-0.040870,-0.959982,13.338776,0.000000
241097,-0.003065,0.901596,-0.241443,-0.035140,0.274815,-0.040196,-0.960014,12.679939,0.000000
241101,-0.002771,0.901598,-0.241516,-0.034712,0.274290,-0.039702,-0.960200,12.057152,-0.000343
241105,-0.002635,0.901595,-0.241557,-0.034383,0.274804,-0.039127,-0.960088,11.454964,0.000000
241108,-0.002480,0.901588,-0.241589,-0.034081,0.274507,-0.038868,-0.960195,10.936890,0.000000
241112,-0.002265,0.901583,-0.241650,-0.033653,0.274408,-0.037934,-0.960275,10.290070,-0.000343
241115,-0.002142,0.901590,-0.241700,-0.033348,0.274517,-0.037743,-0.960262,9.747963,0.000000
241119,-0.001918,0.901590,-0.241778,-0.033020,0.274317,-0.036882,-0.960364,9.189034,0.000000
241122,-0.001765,0.901594,-0.241832,-0.032760,0.274124,-0.036604,-0.960439,8.621521,0.000000
241126,-0.001614,0.901606,-0.241885,-0.032331,0.274577,-0.035925,-0.960350,8.089371,0.000000
241129,-0.001479,0.901597,-0.241912,-0.032154,0.274492,-0.035719,-0.960388,7.623482,0.000000
241133,-0.001269,0.901588,-0.241954,-0.031715,0.274205,-0.034806,-0.960518,7.183685,0.000000
241137,-0.001172,0.901584,-0.241962,-0.031467,0.274431,-0.034604,-0.960469,6.756592,0.000000
241140,-0.001066,0.901586,-0.241986,-0.031260,0.274327,-0.034325,-0.960515,6.393013,0.000000
241143,-0.000970,0.901589,-0.242019,-0.031136,0.274140,-0.034197,-0.960577,5.941200,-0.000343
241147,-0.000910,0.901589,-0.242066,-0.030921,0.274571,-0.033758,-0.960476,5.548782,0.000000
241151,-0.000757,0.901589,-0.242139,-0.030676,0.274175,-0.033422,-0.960609,5.156021,-0.000343
241154,-0.000674,0.901589,-0.242185,-0.030441,0.274159,-0.033042,-0.960634,4.768066,0.000000
241158,-0.000636,0.901598,-0.242216,-0.030294,0.274532,-0.033074,-0.960531,4.439850,0.000000
241161,-0.000549,0.901596,-0.242243,-0.030136,0.274443,-0.032671,-0.960575,4.122276,0.000000
241165,-0.000436,0.901587,-0.242254,-0.030004,0.274189,-0.032510,-0.960658,3.860664,-0.000343
241168,-0.000392,0.901588,-0.242246,-0.029888,0.274431,-0.032170,-0.960604,3.536568,-0.000343
241172,-0.000311,0.901581,-0.242241,-0.029769,0.274215,-0.032242,-0.960667,3.256416,0.000000
241175,-0.000239,0.901579,-0.242244,-0.029676,0.274107,-0.031804,-0.960715,2.983131,-0.000343
241179,-0.000238,0.901581,-0.242253,-0.029564,0.274416,-0.031994,-0.960624,2.759285,-0.000343
241183,-0.000125,0.901585,-0.242296,-0.029448,0.273977,-0.031614,-0.960765,2.541618,0.000000
241186,-0.000096,0.901588,-0.242328,-0.029350,0.273950,-0.031585,-0.960777,2.309189,-0.000343
241190,-0.000108,0.901603,-0.242357,-0.029181,0.274372,-0.031425,-0.960667,2.104912,-0.000343
241193,-0.000052,0.901599,-0.242381,-0.029143,0.274197,-0.031316,-0.960722,1.907158,-0.000343
241197,0.000031,0.901598,-0.242402,-0.028979,0.274151,-0.030879,-0.960754,1.711464,-0.000343
241200,0.000059,0.901593,-0.242406,-0.028883,0.274233,-0.030971,-0.960730,1.539459,0.000000
241204,0.000181,0.901587,-0.242410,-0.028780,0.273981,-0.030547,-0.960819,1.381187,-0.000343
241208,0.000222,0.901588,-0.242398,-0.028632,0.274280,-0.030315,-0.960745,1.234245,-0.000343
241211,0.000246,0.901585,-0.242395,-0.028614,0.274355,-0.030314,-0.960724,1.114769,-0.000343
241214,0.000282,0.901586,-0.242407,-0.028496,0.274158,-0.030483,-0.960779,0.992203,0.000000
241218,0.000361,0.901582,-0.242436,-0.028344,0.273823,-0.029950,-0.960896,0.877533,-0.000343
241222,0.000320,0.901583,-0.242466,-0.028356,0.274213,-0.030011,-0.960782,0.757027,-0.000343
241225,0.000350,0.901591,-0.242503,-0.028265,0.274059,-0.029870,-0.960833,0.657463,-0.000343
241229,0.000368,0.901590,-0.242533,-0.028187,0.274078,-0.029804,-0.960832,0.556870,-0.000343
241233,0.000403,0.901596,-0.242544,-0.028110,0.273889,-0.030022,-0.960882,0.482025,-0.000343
241236,0.000457,0.901588,-0.242552,-0.028086,0.273856,-0.029625,-0.960904,0.413704,-0.000343
241239,0.000506,0.901583,-0.242533,-0.028003,0.273754,-0.029472,-0.960940,0.361176,0.000000
241243,0.000475,0.901585,-0.242506,-0.028053,0.274220,-0.029717,-0.960798,0.303841,0.000000
241246,0.000530,0.901587,-0.242494,-0.027946,0.274030,-0.029490,-0.960863,0.255432,-0.000343
241250,0.000587,0.901578,-0.242500,-0.027979,0.273725,-0.029491,-0.960949,0.204964,-0.000343
241254,0.000545,0.901585,-0.242506,-0.027927,0.274002,-0.029779,-0.960862,0.163765,0.000000
241257,0.000563,0.901575,-0.242525,-0.028038,0.273853,-0.029500,-0.960910,0.119133,-0.000343
241261,0.000529,0.901597,-0.242555,-0.027868,0.273929,-0.029633,-0.960889,0.094070,0.000000
241264,0.000497,0.901601,-0.242572,-0.027832,0.274146,-0.029573,-0.960830,0.064888,-0.000343
241268,0.000562,0.901597,-0.242594,-0.027872,0.273652,-0.029520,-0.960971,0.045662,-0.000343
241272,0.000508,0.901603,-0.242587,-0.027836,0.274306,-0.029308,-0.960793,0.026779,-0.000343
241275,0.000516,0.901601,-0.242580,-0.027871,0.274227,-0.029543,-0.960807,0.009956,-0.000343
241278,0.000558,0.901599,-0.242584,-0.027909,0.274050,-0.029544,-0.960856,-0.006523,-0.000343
241282,0.000612,0.901604,-0.242604,-0.027799,0.273848,-0.029364,-0.960923,-0.013733,-0.000343
241285,0.000603,0.901608,-0.242620,-0.027827,0.274017,-0.029532,-0.960868,-0.014420,-0.000343
241289,0.000643,0.901615,-0.242669,-0.027752,0.273748,-0.029363,-0.960953,-0.014420,0.000000
241293,0.000611,0.901622,-0.242700,-0.027784,0.274161,-0.029177,-0.960840,-0.014763,-0.000343
241296,0.000593,0.901634,-0.242709,-0.027773,0.274259,-0.029371,-0.960806,-0.014420,-0.000343
241300,0.000685,0.901627,-0.242700,-0.027713,0.273678,-0.029045,-0.960983,-0.014763,-0.000343
241303,0.000679,0.901629,-0.242660,-0.027729,0.273754,-0.029193,-0.960957,-0.014420,-0.000343
241307,0.000634,0.901614,-0.242593,-0.027795,0.274190,-0.029196,-0.960830,-0.014763,-0.000343
241310,0.000669,0.901609,-0.242555,-0.027792,0.273953,-0.029163,-0.960899,-0.014420,0.000000
241314,0.000701,0.901603,-0.242530,-0.027812,0.273867,-0.029077,-0.960926,-0.014076,-0.000343
241318,0.000695,0.901610,-0.242562,-0.027812,0.273879,-0.029420,-0.960912,-0.014076,-0.000343
241321,0.000730,0.901617,-0.242605,-0.027771,0.273755,-0.029139,-0.960957,-0.014076,-0.000343
241325,0.000679,0.901637,-0.242664,-0.027737,0.274025,-0.029557,-0.960868,-0.013390,-0.000343
241328,0.000676,0.901641,-0.242699,-0.027697,0.274141,-0.029361,-0.960842,-0.012360,-0.000343
241332,0.000745,0.901638,-0.242737,-0.027740,0.273620,-0.029406,-0.960988,-0.011330,-0.000343
241335,0.000767,0.901641,-0.242724,-0.027730,0.273723,-0.029239,-0.960964,-0.008926,0.000000
241339,0.000746,0.901636,-0.242682,-0.027766,0.274014,-0.029486,-0.960872,-0.006180,0.000000
241342,0.000805,0.901622,-0.242653,-0.027802,0.273881,-0.029271,-0.960916,-0.003777,-0.000343
241346,0.000802,0.901615,-0.242615,-0.027761,0.273886,-0.029336,-0.960914,-0.001030,-0.000343
241349,0.000767,0.901614,-0.242597,-0.027791,0.274083,-0.029321,-0.960857,0.002060,-0.000343
241353,0.000770,0.901616,-0.242615,-0.027798,0.273631,-0.029284,-0.960987,0.004120,-0.000343
241357,0.000655,0.901627,-0.242644,-0.027785,0.274259,-0.029103,-0.960814,0.005150,-0.000343
241360,0.000619,0.901638,-0.242680,-0.027761,0.274155,-0.029499,-0.960832,0.006180,-0.000343
241364,0.000691,0.901644,-0.242740,-0.027729,0.273772,-0.029038,-0.960956,0.006180,-0.000343
241367,0.000679,0.901648,-0.242747,-0.027700,0.273836,-0.029354,-0.960929,0.006523,-0.000343
241371,0.000701,0.901639,-0.242717,-0.027727,0.274070,-0.029197,-0.960867,0.006523,0.000000
241374,0.000763,0.901635,-0.242690,-0.027758,0.273792,-0.029247,-0.960943,0.006523,0.000000
241378,0.000794,0.901619,-0.242619,-0.027762,0.274025,-0.029040,-0.960883,0.006523,-0.000343
241381,0.000791,0.901618,-0.242584,-0.027755,0.274100,-0.029268,-0.960855,0.006866,0.000000
241385,0.000860,0.901605,-0.242584,-0.027786,0.273734,-0.028867,-0.960970,0.006866,-0.000343
241388,0.000824,0.901611,-0.242595,-0.027794,0.273757,-0.029045,-0.960958,0.006523,-0.000343
241392,0.000715,0.901625,-0.242627,-0.027781,0.274132,-0.029231,-0.960846,0.006523,-0.000343
241396,0.000697,0.901633,-0.242692,-0.027762,0.273654,-0.029410,-0.960977,0.006523,-0.000343
241399,0.000652,0.901636,-0.242719,-0.027742,0.273882,-0.029208,-0.960919,0.006523,-0.000343
241403,0.000631,0.901645,-0.242737,-0.027748,0.273975,-0.029556,-0.960882,0.006523,-0.000343
241406,0.000685,0.901637,-0.242739,-0.027717,0.273781,-0.029234,-0.960948,0.006523,-0.000343
241410,0.000701,0.901640,-0.242698,-0.027740,0.273989,-0.029527,-0.960879,0.006523,-0.000343
241413,0.000739,0.901634,-0.242666,-0.027743,0.274138,-0.029350,-0.960842,0.006523,-0.000343
241417,0.000835,0.901611,-0.242642,-0.027816,0.273587,-0.029334,-0.960997,0.006523,0.000000
241421,0.000788,0.901618,-0.242617,-0.027754,0.274121,-0.029169,-0.960852,0.006180,-0.000343
241424,0.000776,0.901619,-0.242632,-0.027816,0.274059,-0.029480,-0.960859,0.006523,-0.000343
241428,0.000800,0.901624,-0.242672,-0.027761,0.273783,-0.029039,-0.960952,0.006523,-0.000343
241431,0.000736,0.901636,-0.242701,-0.027754,0.273891,-0.029396,-0.960911,0.006180,-0.000343
241435,0.000702,0.901643,-0.242716,-0.027729,0.273904,-0.029176,-0.960914,0.006523,-0.000343
241438,0.000701,0.901639,-0.242717,-0.027713,0.273647,-0.029463,-0.960979,0.006180,-0.000343
241442,0.000659,0.901638,-0.242669,-0.027722,0.274136,-0.029242,-0.960847,0.006180,-0.000343
241445,0.000660,0.901635,-0.242635,-0.027740,0.274111,-0.029547,-0.960844,0.006180,-0.000343
241449,0.000788,0.901616,-0.242619,-0.027752,0.273688,-0.028964,-0.960982,0.006180,0.000000
241452,0.000802,0.901616,-0.242608,-0.027787,0.273753,-0.029233,-0.960954,0.005836,-0.000343
241456,0.000786,0.901617,-0.242610,-0.027760,0.274048,-0.029084,-0.960875,0.005493,-0.000343
241459,0.000809,0.901627,-0.242640,-0.027747,0.273838,-0.029269,-0.960930,0.005493,0.000000
241463,0.000771,0.901632,-0.242677,-0.027747,0.273961,-0.029032,-0.960902,0.005150,-0.000343
241467,0.000730,0.901634,-0.242728,-0.027778,0.273804,-0.029408,-0.960934,0.005150,0.000000
241470,0.000733,0.901641,-0.242752,-0.027721,0.273742,-0.029114,-0.960963,0.004807,-0.000343
241474,0.000637,0.901645,-0.242738,-0.027784,0.274108,-0.029579,-0.960842,0.004463,-0.000343
241477,0.000645,0.901645,-0.242723,-0.027692,0.274163,-0.029291,-0.960838,0.004120,-0.000343
241481,0.000721,0.901633,-0.242692,-0.027751,0.273573,-0.029436,-0.961000,0.004120,0.000000
241484,0.000727,0.901624,-0.242652,-0.027749,0.273764,-0.029143,-0.960955,0.004120,0.000000
241488,0.000701,0.901621,-0.242608,-0.027786,0.273946,-0.029489,-0.960891,0.003433,-0.000343
241491,0.000743,0.901614,-0.242599,-0.027820,0.273850,-0.029212,-0.960926,0.003090,-0.000343
241495,0.000733,0.901623,-0.242614,-0.027768,0.273896,-0.029456,-0.960907,0.002403,0.000000
241499,0.000757,0.901628,-0.242647,-0.027773,0.273797,-0.029196,-0.960943,0.002060,-0.000343
241502,0.000762,0.901630,-0.242679,-0.027783,0.273629,-0.029399,-0.960984,0.001717,-0.000343
241506,0.000705,0.901640,-0.242694,-0.027740,0.274171,-0.029303,-0.960834,0.001030,-0.000343
241509,0.000683,0.901640,-0.242705,-0.027763,0.274052,-0.029604,-0.960858,0.000687,-0.000343
241513,0.000751,0.901633,-0.242711,-0.027745,0.273724,-0.029100,-0.960967,0.000343,-0.000343
241516,0.000728,0.901634,-0.242700,-0.027779,0.273819,-0.029443,-0.960929,0.000343,-0.000343
241520,0.000701,0.901627,-0.242673,-0.027753,0.274006,-0.029212,-0.960884,-0.000343,-0.000343
241523,0.000715,0.901625,-0.242668,-0.027782,0.273724,-0.029406,-0.960957,-0.000687,-0.000343
241527,0.000675,0.901627,-0.242648,-0.027741,0.274013,-0.029198,-0.960882,-0.000687,-0.000343
241530,0.000631,0.901625,-0.242651,-0.027810,0.274136,-0.029532,-0.960835,-0.000687,-0.000343
241534,0.000701,0.901629,-0.242683,-0.027748,0.273710,-0.029036,-0.960973,-0.001030,-0.000343
241538,0.000614,0.901632,-0.242690,-0.027829,0.274175,-0.029427,-0.960827,-0.001030,-0.000343
241541,0.000632,0.901637,-0.242696,-0.027751,0.274229,-0.029219,-0.960820,-0.001030,-0.000343
241545,0.000708,0.901631,-0.242702,-0.027737,0.273626,-0.029318,-0.960989,-0.001030,0.000000
241549,0.000650,0.901631,-0.242666,-0.027796,0.274082,-0.029584,-0.960849,-0.001373,-0.000343
241552,0.000694,0.901627,-0.242658,-0.027811,0.273903,-0.029446,-0.960904,-0.001030,-0.000343
241555,0.000731,0.901620,-0.242645,-0.027753,0.273731,-0.029083,-0.960966,-0.001373,-0.000343
241559,0.000685,0.901624,-0.242629,-0.027790,0.274000,-0.029499,-0.960876,-0.001373,0.000000
241562,0.000670,0.901621,-0.242640,-0.027765,0.274180,-0.029263,-0.960832,-0.001373,-0.000343
241566,0.000714,0.901617,-0.242668,-0.027813,0.273597,-0.029381,-0.960993,-0.001373,-0.000343
241570,0.000638,0.901631,-0.242679,-0.027756,0.274125,-0.029446,-0.960842,-0.001717,-0.000343
241573,0.000641,0.901636,-0.242685,-0.027776,0.274012,-0.029621,-0.960869,-0.001373,-0.000343
241577,0.000684,0.901630,-0.242699,-0.027771,0.273784,-0.029292,-0.960944,-0.001717,0.000000
241580,0.000664,0.901629,-0.242690,-0.027755,0.273869,-0.029515,-0.960913,-0.001373,-0.000343
241584,0.000680,0.901626,-0.242670,-0.027792,0.273885,-0.029340,-0.960913,-0.001717,-0.000343
241587,0.000713,0.901620,-0.242662,-0.027815,0.273648,-0.029493,-0.960975,-0.001373,-0.000343
241591,0.000683,0.901618,-0.242640,-0.027767,0.274092,-0.029315,-0.960855,-0.001373,-0.000343
241595,0.000732,0.901613,-0.242646,-0.027814,0.273746,-0.029149,-0.960958,-0.001373,0.000000
241598,0.000746,0.901621,-0.242659,-0.027784,0.273698,-0.029133,-0.960973,-0.001717,0.000000
241602,0.000669,0.901630,-0.242664,-0.027757,0.274103,-0.029365,-0.960851,-0.001373,0.000000
241605,0.000667,0.901626,-0.242672,-0.027792,0.274092,-0.029310,-0.960855,-0.001373,-0.000343
241609,0.000699,0.901625,-0.242686,-0.027759,0.273731,-0.029244,-0.960961,-0.001373,-0.000343
241612,0.000659,0.901625,-0.242675,-0.027750,0.273973,-0.029222,-0.960893,-0.001373,-0.000343
241616,0.000667,0.901619,-0.242667,-0.027840,0.273872,-0.029334,-0.960915,-0.001717,-0.000343
241619,0.000691,0.901615,-0.242653,-0.027791,0.273738,-0.029118,-0.960962,-0.001373,-0.000343
241623,0.000635,0.901617,-0.242626,-0.027810,0.274104,-0.029480,-0.960846,-0.001717,-0.000343
241626,0.000649,0.901624,-0.242622,-0.027796,0.274217,-0.029242,-0.960821,-0.001373,-0.000343
241630,0.000714,0.901615,-0.242638,-0.027811,0.273633,-0.029339,-0.960984,-0.001373,0.000000
241634,0.000644,0.901623,-0.242635,-0.027821,0.274090,-0.029592,-0.960846,-0.001373,-0.000343
241637,0.000665,0.901624,-0.242660,-0.027807,0.273954,-0.029531,-0.960887,-0.001373,-0.000343
241641,0.000673,0.901625,-0.242680,-0.027797,0.273812,-0.029455,-0.960930,-0.001373,-0.000343
241644,0.000647,0.901627,-0.242691,-0.027823,0.274054,-0.029518,-0.960859,-0.001373,0.000000
241648,0.000680,0.901627,-0.242694,-0.027797,0.273767,-0.029476,-0.960942,-0.001373,0.000000
241651,0.000702,0.901620,-0.242691,-0.027822,0.273636,-0.029490,-0.960978,-0.001717,-0.000343
241655,0.000658,0.901632,-0.242660,-0.027777,0.274103,-0.029502,-0.960846,-0.001373,0.000000
241658,0.000655,0.901622,-0.242639,-0.027823,0.274034,-0.029643,-0.960860,-0.001373,-0.000343
241662,0.000729,0.901618,-0.242630,-0.027812,0.273720,-0.029225,-0.960963,-0.001373,0.000000
241665,0.000700,0.901613,-0.242621,-0.027825,0.273812,-0.029504,-0.960928,-0.001373,-0.000343
241669,0.000668,0.901616,-0.242614,-0.027840,0.273981,-0.029359,-0.960884,-0.001717,0.000000
241672,0.000693,0.901616,-0.242636,-0.027833,0.273727,-0.029533,-0.960951,-0.001373,0.000000
241676,0.000656,0.901622,-0.242644,-0.027776,0.274051,-0.029364,-0.960866,-0.001373,-0.000343
241680,0.000693,0.901621,-0.242662,-0.027792,0.273753,-0.029187,-0.960955,-0.001373,-0.000343
241683,0.000717,0.901624,-0.242676,-0.027778,0.273722,-0.029199,-0.960964,-0.001373,-0.000343
241687,0.000640,0.901624,-0.242650,-0.027808,0.274164,-0.029411,-0.960831,-0.001373,-0.000343
241690,0.000666,0.901623,-0.242652,-0.027773,0.274109,-0.029335,-0.960850,-0.001373,-0.000343
241694,0.000733,0.901614,-0.242655,-0.027811,0.273708,-0.029209,-0.960967,-0.001373,0.000000
241698,0.000663,0.901618,-0.242630,-0.027851,0.274009,-0.029654,-0.960866,-0.001373,-0.000343
241701,0.000698,0.901621,-0.242642,-0.027819,0.273900,-0.029368,-0.960907,-0.001373,0.000000
241704,0.000705,0.901616,-0.242644,-0.027786,0.273743,-0.029151,-0.960959,-0.001373,0.000000
241708,0.000652,0.901623,-0.242641,-0.027808,0.274064,-0.029512,-0.960856,-0.001373,0.000000
241712,0.000705,0.901622,-0.242664,-0.027819,0.273655,-0.029546,-0.960971,-0.001373,-0.000343
241715,0.000718,0.901619,-0.242657,-0.027829,0.273632,-0.029432,-0.960981,-0.001717,-0.000343
241719,0.000663,0.901630,-0.242647,-0.027823,0.274127,-0.029638,-0.960834,-0.001373,-0.000343
241722,0.000684,0.901625,-0.242640,-0.027818,0.273989,-0.029585,-0.960875,-0.001373,-0.000343
241726,0.000721,0.901615,-0.242627,-0.027838,0.273778,-0.029446,-0.960939,-0.001373,-0.000343
241729,0.000703,0.901617,-0.242620,-0.027818,0.273914,-0.029479,-0.960900,-0.001373,0.000000
241733,0.000697,0.901614,-0.242616,-0.027863,0.273836,-0.029484,-0.960921,-0.001373,0.000000
241736,0.000713,0.901609,-0.242627,-0.027867,0.273637,-0.029443,-0.960978,-0.001373,-0.000343
241740,0.000651,0.901628,-0.242632,-0.027779,0.274091,-0.029540,-0.960849,-0.001373,0.000000
241744,0.000695,0.901615,-0.242655,-0.027798,0.273715,-0.029206,-0.960965,-0.001717,-0.000343
241747,0.000704,0.901623,-0.242668,-0.027780,0.273685,-0.029350,-0.960970,-0.001373,-0.000343
241751,0.000637,0.901628,-0.242660,-0.027766,0.274128,-0.029372,-0.960844,-0.001373,-0.000343
241754,0.000651,0.901626,-0.242659,-0.027820,0.274039,-0.029453,-0.960865,-0.001373,-0.000343
241758,0.000699,0.901620,-0.242657,-0.027790,0.273788,-0.029199,-0.960945,-0.001717,-0.000343
241761,0.000665,0.901617,-0.242635,-0.027821,0.273984,-0.029359,-0.960883,-0.001373,0.000000
241765,0.000697,0.901613,-0.242633,-0.027814,0.273826,-0.029301,-0.960930,-0.001373,-0.000343
241768,0.000720,0.901613,-0.242633,-0.027827,0.273702,-0.029192,-0.960969,-0.001373,0.000000
241772,0.000647,0.901621,-0.242622,-0.027789,0.274120,-0.029410,-0.960844,-0.001717,-0.000343
241776,0.000712,0.901617,-0.242655,-0.027844,0.273606,-0.029513,-0.960986,-0.001373,-0.000343
241779,0.000716,0.901617,-0.242658,-0.027827,0.273682,-0.029286,-0.960972,-0.001717,-0.000343
241783,0.000644,0.901622,-0.242645,-0.027838,0.274061,-0.029718,-0.960850,-0.001373,0.000000
241786,0.000672,0.901617,-0.242650,-0.027797,0.273921,-0.029454,-0.960899,-0.001373,-0.000343
241790,0.000678,0.901617,-0.242633,-0.027867,0.273825,-0.029584,-0.960921,-0.001373,-0.000343
241794,0.000687,0.901618,-0.242624,-0.027830,0.273968,-0.029367,-0.960887,-0.001373,-0.000343
241797,0.000716,0.901614,-0.242624,-0.027861,0.273713,-0.029531,-0.960954,-0.001373,-0.000343
241800,0.000736,0.901610,-0.242621,-0.027865,0.273632,-0.029388,-0.960982,-0.001373,0.000000
241804,0.000682,0.901623,-0.242618,-0.027789,0.274066,-0.029661,-0.960852,-0.001373,-0.000343
241807,0.000675,0.901619,-0.242622,-0.027835,0.274014,-0.029593,-0.960867,-0.001373,-0.000343
241811,0.000704,0.901614,-0.242640,-0.027839,0.273702,-0.029488,-0.960959,-0.001373,0.000000
241815,0.000642,0.901625,-0.242630,-0.027777,0.274084,-0.029343,-0.960857,-0.001373,-0.000343
241818,0.000635,0.901615,-0.242632,-0.027838,0.273903,-0.029547,-0.960900,-0.001373,0.000000
241818,0.000635,0.901615,-0.242632,-0.027838,0.273903,-0.029547,-0.960900,-0.001373,0.000000
241818,0.000635,0.901615,-0.242632,-0.027838,0.273903,-0.029547,-0.960900,-0.001373,0.000000
241818,0.000635,0.901615,-0.242632,-0.027838,0.273903,-0.029547,-0.960900,-0.001373,0.000000
241818,0.000635,0.901615,-0.242632,-0.027838,0.273903,-0.029547,-0.960900,-0.001373,0.000000
241818,0.000635,0.901615,-0.242632,-0.027838,0.273903,-0.029547,-0.960900,-0.001373,0.000000
241818,0.000635,0.901615,-0.242632,-0.027838,0.273903,-0.029547,-0.960900,-0.001373,0.000000
241818,0.000635,0.901615,-0.242632,-0.027838,0.273903,-0.029547,-0.960900,-0.001373,0.000000
241818,0.000635,0.901615,-0.242632,-0.027838,0.273903,-0.029547,-0.960900,-0.001373,0.000000
241818,0.000635,0.901615,-0.242632,-0.027838,0.273903,-0.029547,-0.960900,-0.001373,0.000000
241818,0.000635,0.901615,-0.242632,-0.027838,0.273903,-0.029547,-0.960900,-0.001373,0.000000
241818,0.000635,0.901615,-0.242632,-0.027838,0.273903,-0.029547,-0.960900,-0.001373,0.000000
241818,0.000635,0.901615,-0.242632,-0.027838,0.273903,-0.029547,-0.960900,-0.001373,0.000000
241818,0.000635,0.901615,-0.242632,-0.027838,0.273903,-0.029547,-0.960900,-0.001373,0.000000
