0,0.000000,0.000000,0.000000,0.000000,0.000000,0.000000,0.000000,0.000000,0.000000
0,0.000000,0.000000,0.000000,0.000000,0.000000,0.000000,0.000000,0.000000,0.000000
0,0.000000,0.000000,0.000000,0.000000,0.000000,0.000000,0.000000,0.000000,0.000000
0,0.000000,0.000000,0.000000,0.000000,0.000000,0.000000,0.000000,0.000000,0.000000
0,0.000000,0.000000,0.000000,0.000000,0.000000,0.000000,0.000000,0.000000,0.000000
0,0.000000,0.000000,0.000000,0.000000,0.000000,0.000000,0.000000,0.000000,0.000000
0,0.000000,0.000000,0.000000,0.000000,0.000000,0.000000,0.000000,0.000000,0.000000
0,0.000000,0.000000,0.000000,0.000000,0.000000,0.000000,0.000000,0.000000,0.000000
0,0.000000,0.000000,0.000000,0.000000,0.000000,0.000000,0.000000,0.000000,0.000000
0,0.000000,0.000000,0.000000,0.000000,0.000000,0.000000,0.000000,0.000000,0.000000
0,0.000000,0.000000,0.000000,0.000000,0.000000,0.000000,0.000000,0.000000,0.000000
0,0.000000,0.000000,0.000000,0.000000,0.000000,0.000000,0.000000,0.000000,0.000000
0,0.000000,0.000000,0.000000,0.000000,0.000000,0.000000,0.000000,0.000000,0.000000
0,0.000000,0.000000,0.000000,0.000000,0.000000,0.000000,0.000000,0.000000,0.000000
0,0.000000,0.000000,0.000000,0.000000,0.000000,0.000000,0.000000,0.000000,0.000000
0,0.000000,0.000000,0.000000,0.000000,0.000000,0.000000,0.000000,0.000000,0.000000
0,0.000000,0.000000,0.000000,0.000000,0.000000,0.000000,0.000000,0.000000,0.000000
0,0.000000,0.000000,0.000000,0.000000,0.000000,0.000000,0.000000,0.000000,0.000000
0,0.000000,0.000000,0.000000,0.000000,0.000000,0.000000,0.000000,0.000000,0.000000
0,0.000000,0.000000,0.000000,0.000000,0.000000,0.000000,0.000000,0.000000,0.000000
0,0.000000,0.000000,0.000000,0.000000,0.000000,0.000000,0.000000,0.000000,0.000000
0,0.000000,0.000000,0.000000,0.000000,0.000000,0.000000,0.000000,0.000000,0.000000
0,0.000000,0.000000,0.000000,0.000000,0.000000,0.000000,0.000000,0.000000,0.000000
0,0.000000,0.000000,0.000000,0.000000,0.000000,0.000000,0.000000,0.000000,0.000000
0,0.000000,0.000000,0.000000,0.000000,0.000000,0.000000,0.000000,0.000000,0.000000
0,0.000000,0.000000,0.000000,0.000000,0.000000,0.000000,0.000000,0.000000,0.000000
0,0.000000,0.000000,0.000000,0.000000,0.000000,0.000000,0.000000,0.000000,0.000000
0,0.000000,0.000000,0.000000,0.000000,0.000000,0.000000,0.000000,0.000000,0.000000
0,0.000000,0.000000,0.000000,0.000000,0.000000,0.000000,0.000000,0.000000,0.000000
274080,-0.113699,0.848630,-0.210765,-0.266466,0.260210,-0.396500,-0.839091,400.000534,-0.000343
274084,-0.113684,0.848635,-0.210754,-0.266523,0.260241,-0.396331,-0.839144,400.000191,-0.000343
274087,-0.113701,0.848612,-0.210763,-0.266532,0.260290,-0.396371,-0.839107,400.000191,0.000000
274091,-0.113684,0.848643,-0.210776,-0.266475,0.260161,-0.396385,-0.839158,400.000191,-0.000343
274094,-0.113687,0.848652,-0.210782,-0.266484,0.260125,-0.396390,-0.839164,400.000191,0.000000
274098,-0.113719,0.848623,-0.210796,-0.266484,0.260334,-0.396443,-0.839074,400.000191,0.000000
274102,-0.113713,0.848650,-0.210794,-0.266402,0.260050,-0.396605,-0.839112,400.000534,0.000000
274105,-0.113725,0.848641,-0.210793,-0.266499,0.260168,-0.396422,-0.839131,400.000191,0.000000
274109,-0.113747,0.848614,-0.210792,-0.266549,0.260276,-0.396591,-0.839002,400.000191,-0.000343
274112,-0.113736,0.848626,-0.210783,-0.266528,0.260216,-0.396497,-0.839071,400.000191,0.000000
274116,-0.113732,0.848626,-0.210779,-0.266531,0.260240,-0.396513,-0.839055,400.000191,0.000000
274119,-0.113733,0.848618,-0.210776,-0.266478,0.260287,-0.396462,-0.839082,400.000191,-0.000343
274123,-0.113717,0.848639,-0.210771,-0.266414,0.260061,-0.396627,-0.839094,400.000191,-0.000343
274126,-0.113708,0.848648,-0.210770,-0.266454,0.260059,-0.396527,-0.839129,400.000191,0.000000
274130,-0.113735,0.848606,-0.210782,-0.266548,0.260300,-0.396529,-0.839024,400.000191,0.000000
274134,-0.113699,0.848651,-0.210785,-0.266480,0.260138,-0.396364,-0.839173,400.000191,0.000000
274137,-0.113713,0.848638,-0.210786,-0.266420,0.260109,-0.396496,-0.839140,400.000191,-0.000343
274141,-0.113725,0.848628,-0.210789,-0.266505,0.260277,-0.396406,-0.839103,400.000191,-0.000343
274144,-0.113729,0.848630,-0.210784,-0.266428,0.260126,-0.396607,-0.839079,400.000534,-0.000343
274148,-0.113726,0.848631,-0.210768,-0.266521,0.260312,-0.396317,-0.839129,400.000191,0.000000
274151,-0.113745,0.848605,-0.210774,-0.266523,0.260324,-0.396477,-0.839049,400.000191,-0.000343
274155,-0.113710,0.848641,-0.210776,-0.266479,0.260126,-0.396394,-0.839164,400.000191,-0.000343
274159,-0.113737,0.848615,-0.210789,-0.266474,0.260281,-0.396525,-0.839055,400.000191,-0.000343
274162,-0.113728,0.848618,-0.210793,-0.266520,0.260350,-0.396415,-0.839071,400.000191,-0.000343
274166,-0.113709,0.848647,-0.210790,-0.266402,0.260022,-0.396579,-0.839133,400.000191,0.000000
274169,-0.113711,0.848639,-0.210798,-0.266496,0.260189,-0.396346,-0.839161,400.000191,-0.000343
274173,-0.113726,0.848610,-0.210798,-0.266507,0.260242,-0.396559,-0.839041,400.000191,-0.000343
274176,-0.113703,0.848634,-0.210800,-0.266516,0.260175,-0.396374,-0.839146,400.000191,-0.000343
274180,-0.113718,0.848622,-0.210794,-0.266479,0.260213,-0.396559,-0.839058,400.000191,0.000000
274183,-0.113720,0.848617,-0.210792,-0.266536,0.260343,-0.396399,-0.839076,400.000191,0.000000
274187,-0.113708,0.848646,-0.210780,-0.266388,0.260018,-0.396626,-0.839116,400.000191,0.000000
274190,-0.113715,0.848645,-0.210778,-0.266432,0.260085,-0.396478,-0.839151,400.000534,0.000000
274194,-0.113756,0.848601,-0.210779,-0.266554,0.260299,-0.396600,-0.838988,400.000191,0.000000
274198,-0.113726,0.848644,-0.210784,-0.266483,0.260115,-0.396393,-0.839166,400.000191,-0.000343
274201,-0.113739,0.848629,-0.210788,-0.266457,0.260132,-0.396581,-0.839080,400.000191,-0.000343
274205,-0.113731,0.848629,-0.210806,-0.266449,0.260237,-0.396443,-0.839115,400.000191,0.000000
274208,-0.113722,0.848642,-0.210800,-0.266442,0.260105,-0.396622,-0.839074,400.000191,0.000000
274212,-0.113720,0.848627,-0.210795,-0.266537,0.260310,-0.396338,-0.839115,400.000191,0.000000
274215,-0.113730,0.848616,-0.210788,-0.266492,0.260294,-0.396541,-0.839038,400.000191,0.000000
274219,-0.113704,0.848649,-0.210778,-0.266487,0.260123,-0.396335,-0.839190,400.000191,0.000000
274223,-0.113737,0.848613,-0.210768,-0.266474,0.260293,-0.396512,-0.839057,400.000191,0.000000
274226,-0.113736,0.848616,-0.210766,-0.266520,0.260310,-0.396375,-0.839103,400.000191,-0.000343
274230,-0.113717,0.848641,-0.210757,-0.266470,0.260114,-0.396491,-0.839124,400.000191,0.000000
274233,-0.113722,0.848640,-0.210773,-0.266490,0.260228,-0.396331,-0.839158,400.000191,0.000000
274237,-0.113736,0.848623,-0.210786,-0.266516,0.260192,-0.396488,-0.839087,400.000534,0.000000
274240,-0.113715,0.848647,-0.210797,-0.266494,0.260181,-0.396357,-0.839159,400.000191,0.000000
274244,-0.113733,0.848628,-0.210806,-0.266494,0.260292,-0.396514,-0.839051,400.000191,0.000000
274247,-0.113739,0.848621,-0.210808,-0.266504,0.260336,-0.396388,-0.839093,400.000191,0.000000
274251,-0.113717,0.848645,-0.210798,-0.266409,0.260023,-0.396617,-0.839112,400.000191,0.000000
274254,-0.113717,0.848650,-0.210791,-0.266425,0.260126,-0.396414,-0.839171,400.000191,0.000000
274258,-0.113745,0.848605,-0.210789,-0.266516,0.260255,-0.396610,-0.839010,400.000191,-0.000343
274261,-0.113728,0.848628,-0.210791,-0.266508,0.260209,-0.396399,-0.839126,400.000191,0.000000
274265,-0.113725,0.848629,-0.210786,-0.266467,0.260167,-0.396546,-0.839083,400.000191,0.000000
274269,-0.113727,0.848634,-0.210793,-0.266460,0.260180,-0.396476,-0.839114,400.000191,0.000000
274272,-0.113724,0.848646,-0.210788,-0.266385,0.260052,-0.396616,-0.839111,400.000191,0.000000
274276,-0.113746,0.848617,-0.210788,-0.266544,0.260317,-0.396394,-0.839084,400.000191,0.000000
274279,-0.113754,0.848607,-0.210785,-0.266515,0.260334,-0.396597,-0.838992,399.998817,0.000000
274283,-0.113722,0.848649,-0.210778,-0.266483,0.260151,-0.396410,-0.839147,399.988861,0.000000
274286,-0.113731,0.848634,-0.210775,-0.266466,0.260109,-0.396592,-0.839079,399.957619,0.000000
274290,-0.113739,0.848630,-0.210784,-0.266497,0.260314,-0.396424,-0.839085,399.899940,0.000000
274293,-0.113735,0.848634,-0.210777,-0.266421,0.260151,-0.396641,-0.839057,399.839172,0.000000
274297,-0.113734,0.848636,-0.210780,-0.266535,0.260294,-0.396354,-0.839112,399.773598,0.000000
274300,-0.113749,0.848619,-0.210784,-0.266497,0.260305,-0.396519,-0.839043,399.720726,-0.000343
274304,-0.113724,0.848641,-0.210783,-0.266500,0.260153,-0.396372,-0.839159,399.674721,0.000000
274308,-0.113742,0.848617,-0.210785,-0.266495,0.260291,-0.396485,-0.839064,399.630089,0.000000
274311,-0.113736,0.848622,-0.210781,-0.266486,0.260369,-0.396400,-0.839083,399.587517,0.000000
274315,-0.113708,0.848646,-0.210771,-0.266441,0.260039,-0.396543,-0.839132,399.534302,0.000000
274318,-0.113701,0.848648,-0.210773,-0.266463,0.260184,-0.396346,-0.839173,399.458427,0.000000
274322,-0.113723,0.848615,-0.210768,-0.266522,0.260266,-0.396552,-0.839032,399.375687,0.000000
274325,-0.113709,0.848633,-0.210765,-0.266477,0.260222,-0.396392,-0.839135,399.260674,0.000000
274329,-0.113731,0.848625,-0.210770,-0.266478,0.260213,-0.396541,-0.839068,399.137764,0.000000
274332,-0.113749,0.848617,-0.210773,-0.266564,0.260397,-0.396364,-0.839067,399.013824,-0.000343
274336,-0.113741,0.848649,-0.210783,-0.266422,0.260047,-0.396637,-0.839091,398.863792,0.000000
274339,-0.113739,0.848652,-0.210792,-0.266394,0.260089,-0.396474,-0.839164,398.737450,0.000000
274343,-0.113781,0.848601,-0.210798,-0.266499,0.260267,-0.396617,-0.839008,398.600464,0.000000
274347,-0.113735,0.848647,-0.210795,-0.266451,0.260111,-0.396495,-0.839129,398.461075,0.000000
274350,-0.113736,0.848633,-0.210785,-0.266433,0.260139,-0.396565,-0.839093,398.284950,0.000000
274354,-0.113741,0.848620,-0.210784,-0.266494,0.260267,-0.396507,-0.839062,398.111916,0.000000
274357,-0.113723,0.848634,-0.210768,-0.266412,0.260097,-0.396643,-0.839076,397.925835,0.000000
274361,-0.113730,0.848619,-0.210759,-0.266529,0.260297,-0.396403,-0.839091,397.718468,0.000000
274364,-0.113751,0.848600,-0.210760,-0.266498,0.260285,-0.396584,-0.839019,397.486725,0.000000
274368,-0.113725,0.848642,-0.210764,-0.266466,0.260126,-0.396426,-0.839153,397.245369,0.000000
274372,-0.113763,0.848610,-0.210779,-0.266566,0.260364,-0.396477,-0.839023,396.988220,0.000000
274375,-0.113772,0.848615,-0.210796,-0.266520,0.260364,-0.396423,-0.839063,396.723862,0.000000
274379,-0.113753,0.848649,-0.210791,-0.266454,0.260138,-0.396526,-0.839105,396.450920,0.000000
274382,-0.113769,0.848638,-0.210800,-0.266466,0.260237,-0.396421,-0.839120,396.166649,0.000000
274386,-0.113777,0.848620,-0.210795,-0.266525,0.260248,-0.396526,-0.839049,395.907097,0.000000
274389,-0.113754,0.848637,-0.210787,-0.266506,0.260207,-0.396391,-0.839131,395.556221,0.000000
274393,-0.113763,0.848617,-0.210782,-0.266511,0.260280,-0.396526,-0.839043,395.223885,0.000000
274396,-0.113752,0.848623,-0.210778,-0.266493,0.260366,-0.396361,-0.839100,394.855843,0.000000
274400,-0.113721,0.848656,-0.210776,-0.266384,0.260057,-0.396517,-0.839157,394.482994,0.000000
274404,-0.113734,0.848633,-0.210783,-0.266490,0.260327,-0.396432,-0.839080,394.086456,0.000000
274407,-0.113733,0.848636,-0.210795,-0.266416,0.260286,-0.396462,-0.839102,393.688545,0.000000
274411,-0.113712,0.848671,-0.210798,-0.266420,0.260176,-0.396322,-0.839201,393.256302,-0.000343
274414,-0.113716,0.848672,-0.210803,-0.266344,0.260215,-0.396383,-0.839184,392.800369,0.000000
274417,-0.113715,0.848676,-0.210807,-0.266398,0.260373,-0.396254,-0.839178,392.352333,0.000000
274421,-0.113697,0.848709,-0.210807,-0.266217,0.260069,-0.396393,-0.839265,391.864471,0.000000
274425,-0.113688,0.848713,-0.210806,-0.266302,0.260368,-0.396069,-0.839298,391.409225,0.000000
274428,-0.113678,0.848720,-0.210803,-0.266220,0.260325,-0.396209,-0.839271,390.855446,0.000000
274432,-0.113625,0.848777,-0.210805,-0.266116,0.260117,-0.395971,-0.839481,390.311279,0.000000
274436,-0.113626,0.848775,-0.210818,-0.266139,0.260389,-0.395921,-0.839413,389.731750,0.000000
274439,-0.113619,0.848786,-0.210826,-0.266089,0.260351,-0.395910,-0.839446,389.196510,0.000000
274442,-0.113607,0.848797,-0.210828,-0.266008,0.260211,-0.396031,-0.839458,388.527718,0.000000
274446,-0.113603,0.848801,-0.210828,-0.266077,0.260312,-0.395830,-0.839499,387.920723,0.000000
274449,-0.113611,0.848803,-0.210822,-0.266029,0.260343,-0.395879,-0.839482,387.280083,0.000000
274453,-0.113560,0.848860,-0.210831,-0.265965,0.260253,-0.395638,-0.839644,386.602364,0.000000
274457,-0.113547,0.848869,-0.210823,-0.265935,0.260390,-0.395651,-0.839605,385.945587,-0.000343
274460,-0.113516,0.848904,-0.210831,-0.265862,0.260490,-0.395488,-0.839674,385.156631,-0.000343
274464,-0.113447,0.848983,-0.210837,-0.265693,0.260227,-0.395401,-0.839849,384.485779,0.000000
274467,-0.113419,0.849013,-0.210843,-0.265641,0.260344,-0.395174,-0.839937,383.647728,0.000000
274471,-0.113387,0.849059,-0.210859,-0.265514,0.260470,-0.395126,-0.839961,382.852592,0.000000
274474,-0.113331,0.849130,-0.210876,-0.265356,0.260473,-0.394831,-0.840148,382.114449,0.000000
274478,-0.113273,0.849211,-0.210899,-0.265177,0.260496,-0.394593,-0.840309,381.168594,0.000000
274482,-0.113169,0.849340,-0.210922,-0.264864,0.260478,-0.394243,-0.840578,380.371399,0.000000
274485,-0.113077,0.849442,-0.210938,-0.264625,0.260384,-0.393949,-0.840820,379.384003,-0.000343
274489,-0.112951,0.849575,-0.210966,-0.264450,0.260735,-0.393286,-0.841077,378.451881,0.000000
274492,-0.112915,0.849525,-0.211155,-0.262499,0.258419,-0.392087,-0.842960,377.599068,0.000000
274496,-0.112722,0.849731,-0.211162,-0.262275,0.258371,-0.391340,-0.843392,376.543694,-0.000343
274499,-0.112612,0.849850,-0.211181,-0.262037,0.258477,-0.390984,-0.843598,375.545998,0.000343
274503,-0.112446,0.850040,-0.211219,-0.261726,0.258673,-0.390305,-0.843949,374.530106,0.000000
274506,-0.112311,0.850205,-0.211241,-0.261458,0.258694,-0.389907,-0.844210,373.598328,0.000000
274510,-0.112138,0.850415,-0.211277,-0.261195,0.259032,-0.388949,-0.844629,372.532997,0.000000
274514,-0.111933,0.850660,-0.211320,-0.260787,0.259196,-0.388241,-0.845030,371.317635,0.000000
274517,-0.111737,0.850901,-0.211369,-0.260256,0.259150,-0.387642,-0.845483,370.189819,0.000000
274521,-0.111513,0.851158,-0.211424,-0.259884,0.259554,-0.386798,-0.845860,369.047585,0.000000
274524,-0.111340,0.851349,-0.211462,-0.259506,0.259725,-0.386191,-0.846201,367.997017,0.000000
274528,-0.111084,0.851648,-0.211507,-0.259006,0.259802,-0.385434,-0.846676,366.700630,0.000000
274531,-0.110894,0.851861,-0.211550,-0.258661,0.260056,-0.384641,-0.847064,365.500374,0.000000
274535,-0.110654,0.852141,-0.211600,-0.258160,0.260276,-0.383861,-0.847503,364.269562,0.000000
274538,-0.110433,0.852390,-0.211643,-0.257751,0.260388,-0.383026,-0.847971,363.023643,0.000000
274542,-0.110158,0.852712,-0.211709,-0.257108,0.260636,-0.382099,-0.848507,361.907158,0.000000
274545,-0.109952,0.852943,-0.211765,-0.256602,0.260895,-0.381253,-0.848961,360.640297,0.000000
274549,-0.109649,0.853273,-0.211810,-0.256015,0.260896,-0.380513,-0.849470,359.208984,0.000000
274553,-0.109400,0.853539,-0.211862,-0.255548,0.261346,-0.379459,-0.849944,358.005981,-0.000343
274556,-0.109176,0.853789,-0.211905,-0.255007,0.261412,-0.378795,-0.850382,356.525230,0.000000
274560,-0.108838,0.854169,-0.211968,-0.254265,0.261404,-0.377521,-0.851173,355.155029,0.000000
274563,-0.108591,0.854435,-0.212035,-0.253616,0.261443,-0.376651,-0.851740,353.774529,0.000000
274567,-0.108255,0.854795,-0.212123,-0.252771,0.261578,-0.375414,-0.852496,352.523460,0.000000
274570,-0.107971,0.855099,-0.212195,-0.252048,0.261613,-0.374458,-0.853119,350.976105,0.000000
274574,-0.107628,0.855462,-0.212291,-0.251227,0.261827,-0.372819,-0.854013,349.554749,-0.000343
274578,-0.107274,0.855820,-0.212366,-0.250403,0.261793,-0.371688,-0.854758,348.123436,0.000000
274581,-0.106999,0.856087,-0.212419,-0.249799,0.261898,-0.370631,-0.855361,346.673584,0.000000
274584,-0.106716,0.856378,-0.212485,-0.249065,0.261961,-0.369755,-0.855935,345.201416,0.000000
274588,-0.106360,0.856731,-0.212532,-0.248482,0.262661,-0.368443,-0.856455,343.708649,0.000000
274592,-0.105967,0.857120,-0.212605,-0.247614,0.262527,-0.367129,-0.857312,342.350807,0.000000
274595,-0.105649,0.857429,-0.212708,-0.246588,0.262393,-0.365779,-0.858225,340.678139,0.000000
274599,-0.105280,0.857793,-0.212809,-0.245673,0.262434,-0.364592,-0.858980,339.145889,0.000000
274602,-0.105018,0.858052,-0.212870,-0.245121,0.262527,-0.363594,-0.859532,337.603340,0.000000
274606,-0.104600,0.858410,-0.212894,-0.244397,0.263779,-0.362149,-0.859965,336.055641,-0.000343
274609,-0.104349,0.858673,-0.212959,-0.243828,0.263997,-0.360986,-0.860548,334.492149,0.000000
274613,-0.104001,0.859010,-0.213036,-0.243030,0.263745,-0.359845,-0.861328,332.921791,0.000000
274616,-0.103749,0.859256,-0.213085,-0.242518,0.264045,-0.358769,-0.861829,331.326027,0.000000
274620,-0.103371,0.859624,-0.213176,-0.241634,0.264497,-0.357482,-0.862474,329.733353,0.000000
274624,-0.102945,0.860017,-0.213284,-0.240701,0.264558,-0.355827,-0.863400,328.113213,0.000000
274627,-0.102678,0.860256,-0.213354,-0.240117,0.264654,-0.354918,-0.863907,326.636925,0.000000
274631,-0.102234,0.860668,-0.213462,-0.239211,0.264929,-0.353367,-0.864709,324.833107,-0.000343
274634,-0.101890,0.860986,-0.213537,-0.238407,0.264687,-0.352403,-0.865399,323.369179,0.000000
274638,-0.101444,0.861374,-0.213613,-0.237444,0.264770,-0.350649,-0.866350,321.559525,0.000000
274641,-0.101072,0.861711,-0.213691,-0.236542,0.264598,-0.349474,-0.867124,320.064354,0.000000
274645,-0.100465,0.862243,-0.213778,-0.235425,0.264458,-0.347363,-0.868318,318.227921,0.000000
274648,-0.100027,0.862661,-0.213886,-0.234428,0.264646,-0.345921,-0.869106,316.545296,0.000000
274652,-0.099582,0.863028,-0.214000,-0.233453,0.264870,-0.344321,-0.869935,314.877090,-0.000343
274656,-0.099230,0.863342,-0.214090,-0.232766,0.264950,-0.343161,-0.870553,313.172493,-0.000343
274659,-0.098929,0.863609,-0.214163,-0.232058,0.265152,-0.341994,-0.871139,311.480942,-0.000343
274663,-0.098504,0.864009,-0.214262,-0.230942,0.265197,-0.340579,-0.871976,309.781494,0.000000
274666,-0.098196,0.864299,-0.214347,-0.230134,0.265213,-0.339308,-0.872680,308.070374,0.000000
274670,-0.097774,0.864668,-0.214469,-0.228886,0.265297,-0.337816,-0.873561,306.348953,0.000000
274673,-0.097458,0.864959,-0.214559,-0.228282,0.265560,-0.336668,-0.874082,304.782372,0.000000
274677,-0.097111,0.865241,-0.214629,-0.227673,0.265450,-0.335641,-0.874670,302.889977,0.000000
274680,-0.096859,0.865452,-0.214693,-0.227138,0.265636,-0.334661,-0.875127,301.162720,0.000000
274684,-0.096426,0.865813,-0.214773,-0.226327,0.265839,-0.333351,-0.875776,299.446449,0.000000
274688,-0.095982,0.866245,-0.214898,-0.225250,0.265813,-0.331764,-0.876663,297.713013,0.000000
274691,-0.095660,0.866528,-0.214978,-0.224509,0.265964,-0.330662,-0.877224,296.146431,-0.000343
274694,-0.095280,0.866846,-0.215097,-0.223570,0.266081,-0.329101,-0.878015,294.224510,0.000000
274698,-0.094818,0.867213,-0.215223,-0.222467,0.266090,-0.327578,-0.878861,292.471504,0.000000
274702,-0.094497,0.867482,-0.215322,-0.221863,0.266562,-0.326422,-0.879301,290.718842,-0.000343
274705,-0.094202,0.867735,-0.215404,-0.221190,0.266609,-0.325580,-0.879768,289.150543,0.000000
274709,-0.093707,0.868144,-0.215512,-0.220166,0.266805,-0.323908,-0.880583,287.235146,-0.000343
274712,-0.093344,0.868456,-0.215599,-0.219258,0.266919,-0.322843,-0.881166,285.485229,0.000000
274716,-0.092878,0.868840,-0.215698,-0.218411,0.267052,-0.321444,-0.881847,283.735313,0.000000
274719,-0.092539,0.869116,-0.215778,-0.217695,0.267098,-0.320387,-0.882394,282.149849,0.000000
274723,-0.092047,0.869506,-0.215896,-0.216624,0.267570,-0.318500,-0.883198,280.224838,0.000000
274727,-0.091594,0.869844,-0.216031,-0.215289,0.267196,-0.316859,-0.884227,278.474579,0.000000
274730,-0.091333,0.870050,-0.216099,-0.214792,0.267343,-0.315909,-0.884643,276.907997,0.000000
274733,-0.091033,0.870297,-0.216193,-0.214120,0.267524,-0.315058,-0.885055,274.977150,0.000000
274737,-0.090574,0.870678,-0.216329,-0.213022,0.267951,-0.313507,-0.885741,273.231697,0.000000
274741,-0.090061,0.871096,-0.216476,-0.211738,0.267951,-0.311817,-0.886645,271.476974,-0.000343
274744,-0.089617,0.871456,-0.216587,-0.210852,0.268254,-0.310276,-0.887305,269.895973,0.000000
274748,-0.088974,0.871943,-0.216779,-0.209258,0.268071,-0.308420,-0.888384,268.140907,-0.000343
274751,-0.088623,0.872155,-0.216876,-0.208431,0.267995,-0.306926,-0.889119,266.227226,0.000000
274755,-0.088242,0.872411,-0.216992,-0.207608,0.268226,-0.305869,-0.889605,264.652748,0.000000
274758,-0.087862,0.872689,-0.217084,-0.206777,0.268465,-0.304453,-0.890212,262.726707,0.000000
274762,-0.087330,0.873107,-0.217233,-0.205588,0.268431,-0.302634,-0.891118,260.991211,-0.000343
274765,-0.086947,0.873417,-0.217340,-0.204581,0.268514,-0.301229,-0.891800,259.242668,0.000000
274769,-0.086412,0.873823,-0.217506,-0.203347,0.268860,-0.299569,-0.892537,257.475243,0.000000
274773,-0.085821,0.874243,-0.217686,-0.201854,0.268789,-0.297569,-0.893566,255.727043,0.000000
274776,-0.085433,0.874535,-0.217829,-0.200888,0.268869,-0.296326,-0.894172,254.153938,-0.000343
274780,-0.084867,0.874929,-0.217975,-0.199716,0.268923,-0.294493,-0.895024,252.225151,0.000000
274783,-0.084415,0.875248,-0.218066,-0.198835,0.268894,-0.293116,-0.895681,250.485878,0.000000
274787,-0.083838,0.875667,-0.218213,-0.197536,0.269326,-0.290896,-0.896562,248.744888,0.000000
274790,-0.083403,0.875971,-0.218319,-0.196542,0.269335,-0.289511,-0.897225,247.147408,0.000000
274794,-0.082825,0.876370,-0.218455,-0.195373,0.269262,-0.287428,-0.898172,245.214500,0.000000
274798,-0.082386,0.876684,-0.218589,-0.194297,0.269399,-0.285927,-0.898843,243.467331,0.000000
274801,-0.081989,0.876961,-0.218703,-0.193444,0.269432,-0.284589,-0.899441,241.731834,0.000000
274804,-0.081519,0.877287,-0.218852,-0.192431,0.269442,-0.283198,-0.900095,239.975395,0.000000
274808,-0.080983,0.877632,-0.218987,-0.191384,0.269672,-0.281229,-0.900866,238.403664,0.000000
274812,-0.080539,0.878095,-0.219151,-0.190695,0.269293,-0.279304,-0.901724,236.482086,0.000000
274815,-0.080032,0.878422,-0.219310,-0.189466,0.269235,-0.277415,-0.902583,234.719810,0.000000
274819,-0.079491,0.878773,-0.219459,-0.188192,0.269561,-0.275645,-0.903294,232.963715,-0.000343
274822,-0.079028,0.879052,-0.219547,-0.187326,0.269702,-0.273814,-0.903989,231.232681,0.000000
274826,-0.078238,0.879559,-0.219746,-0.185610,0.269717,-0.271375,-0.905073,229.645844,0.000000
274830,-0.077486,0.880018,-0.219945,-0.183960,0.270151,-0.268942,-0.906006,227.712593,-0.000343
274833,-0.076944,0.880334,-0.220105,-0.182655,0.269946,-0.267220,-0.906841,225.965424,0.000000
274837,-0.076282,0.880726,-0.220287,-0.181320,0.270081,-0.264998,-0.907720,224.235077,-0.000343
274840,-0.075810,0.881019,-0.220440,-0.180254,0.270242,-0.263358,-0.908361,222.656136,0.000000
274844,-0.075174,0.881398,-0.220615,-0.178824,0.270172,-0.261346,-0.909246,220.918236,0.000000
274847,-0.074754,0.881645,-0.220734,-0.177980,0.270280,-0.259910,-0.909790,219.002495,0.000000
274851,-0.074161,0.881998,-0.220902,-0.176683,0.270825,-0.257703,-0.910509,217.210693,0.000000
274854,-0.073600,0.882331,-0.221050,-0.175490,0.270874,-0.256006,-0.911203,215.614243,-0.000343
274858,-0.072793,0.882792,-0.221270,-0.173731,0.270831,-0.253360,-0.912292,213.694038,0.000000
274861,-0.072310,0.883052,-0.221390,-0.172761,0.270928,-0.252016,-0.912820,211.956139,0.000000
274865,-0.071690,0.883398,-0.221584,-0.171396,0.271103,-0.249912,-0.913603,210.222359,0.000000
274869,-0.071020,0.883778,-0.221769,-0.169920,0.271356,-0.247711,-0.914403,208.654404,0.000000
274872,-0.070539,0.884050,-0.221915,-0.168882,0.271630,-0.246054,-0.914961,206.736259,-0.000343
274876,-0.069922,0.884376,-0.222067,-0.167657,0.271447,-0.244215,-0.915733,204.984627,0.000000
274879,-0.069477,0.884608,-0.222189,-0.166789,0.271608,-0.242749,-0.916233,203.415298,0.000000
274883,-0.068894,0.884921,-0.222361,-0.165521,0.271814,-0.241030,-0.916856,201.687698,0.000000
274886,-0.068422,0.885170,-0.222494,-0.164513,0.271933,-0.239333,-0.917446,199.734192,-0.000343
274890,-0.067686,0.885556,-0.222689,-0.162924,0.271971,-0.236992,-0.918326,197.962990,0.000000
274893,-0.067099,0.885865,-0.222854,-0.161599,0.272147,-0.234937,-0.919036,196.377182,-0.000343
274897,-0.066472,0.886180,-0.223021,-0.160351,0.272084,-0.233286,-0.919693,194.625549,0.000000
274900,-0.066065,0.886378,-0.223119,-0.159563,0.272118,-0.231860,-0.920181,192.703285,0.000000
274904,-0.065427,0.886693,-0.223304,-0.158182,0.272365,-0.230065,-0.920796,190.979805,0.000000
274908,-0.064739,0.887041,-0.223508,-0.156785,0.272392,-0.227738,-0.921605,189.414253,0.000000
274911,-0.064274,0.887276,-0.223641,-0.155778,0.272432,-0.226128,-0.922161,187.493019,0.000000
274915,-0.063676,0.887556,-0.223836,-0.154578,0.272981,-0.224194,-0.922672,185.735207,-0.000343
274918,-0.063210,0.887781,-0.223976,-0.153620,0.273029,-0.222816,-0.923152,184.162445,0.000000
274922,-0.062589,0.888060,-0.224142,-0.152395,0.273050,-0.220756,-0.923843,182.216835,0.000000
274925,-0.062142,0.888257,-0.224256,-0.151503,0.273131,-0.219430,-0.924282,180.466576,-0.000343
274929,-0.061457,0.888579,-0.224413,-0.150155,0.273026,-0.217131,-0.925076,178.712540,0.000000
274932,-0.060945,0.888815,-0.224540,-0.149090,0.273070,-0.215500,-0.925616,177.143211,0.000000
274936,-0.060350,0.889076,-0.224703,-0.147836,0.273479,-0.213580,-0.926141,175.214081,0.000000
274940,-0.059779,0.889316,-0.224857,-0.146796,0.273212,-0.212081,-0.926730,173.652306,-0.000343
274943,-0.059408,0.889485,-0.224975,-0.145944,0.273419,-0.210850,-0.927084,171.735191,-0.000343
274946,-0.058953,0.889681,-0.225099,-0.145017,0.273612,-0.209470,-0.927485,169.994545,0.000000
274950,-0.058214,0.890014,-0.225308,-0.143412,0.273653,-0.207048,-0.928266,168.242226,0.000000
274954,-0.057588,0.890259,-0.225460,-0.142214,0.273724,-0.205073,-0.928868,166.666031,0.000000
274957,-0.057168,0.890425,-0.225588,-0.141330,0.273918,-0.203761,-0.929234,164.719048,0.000000
274961,-0.056507,0.890696,-0.225772,-0.140112,0.273814,-0.201873,-0.929861,162.968102,-0.000343
274964,-0.056084,0.890862,-0.225877,-0.139306,0.273911,-0.200394,-0.930274,161.215096,0.000000
274968,-0.055475,0.891109,-0.226038,-0.137972,0.274186,-0.198531,-0.930791,159.470673,-0.000343
274971,-0.054907,0.891357,-0.226203,-0.136839,0.274309,-0.196619,-0.931327,157.723846,-0.000343
274975,-0.054259,0.891610,-0.226412,-0.135616,0.274261,-0.194676,-0.931928,155.977364,0.000000
274979,-0.053729,0.891837,-0.226616,-0.134434,0.274535,-0.192961,-0.932376,154.224014,-0.000343
274982,-0.053224,0.892049,-0.226793,-0.133313,0.274411,-0.191478,-0.932879,152.486801,-0.000343
274986,-0.052562,0.892317,-0.226992,-0.131857,0.274522,-0.189291,-0.933499,150.728989,-0.000343
274989,-0.052046,0.892511,-0.227112,-0.130783,0.274599,-0.187852,-0.933918,148.981476,-0.000343
274993,-0.051322,0.892767,-0.227255,-0.129432,0.274352,-0.185589,-0.934631,147.403221,-0.000343
274996,-0.050871,0.892910,-0.227344,-0.128635,0.274413,-0.184301,-0.934978,145.478554,0.000000
275000,-0.050170,0.893161,-0.227524,-0.127287,0.275007,-0.182040,-0.935431,143.716621,-0.000343
275004,-0.049465,0.893399,-0.227695,-0.126050,0.274783,-0.180034,-0.936052,141.973228,0.000000
275007,-0.049091,0.893520,-0.227794,-0.125298,0.274909,-0.178732,-0.936366,140.400124,0.000000
275011,-0.048429,0.893758,-0.228025,-0.123873,0.275134,-0.176736,-0.936868,138.478546,-0.000343
275014,-0.047812,0.893995,-0.228233,-0.122521,0.275149,-0.174488,-0.937462,136.908188,0.000000
275018,-0.047191,0.894225,-0.228485,-0.121035,0.275134,-0.172598,-0.938010,134.983177,-0.000343
275021,-0.046837,0.894341,-0.228620,-0.120382,0.275185,-0.171586,-0.938264,133.214722,0.000000
275025,-0.046239,0.894545,-0.228812,-0.119237,0.274974,-0.169878,-0.938783,131.476822,-0.000343
275028,-0.045698,0.894730,-0.228948,-0.118172,0.275151,-0.167937,-0.939215,129.735146,-0.000343
275032,-0.044979,0.894947,-0.229117,-0.116569,0.275429,-0.165964,-0.939684,127.986946,-0.000343
275035,-0.044356,0.895128,-0.229241,-0.115430,0.275429,-0.164002,-0.940169,126.418648,-0.000343
275039,-0.043606,0.895347,-0.229421,-0.114078,0.275342,-0.162110,-0.940688,124.476814,-0.000343
275043,-0.042976,0.895508,-0.229582,-0.112924,0.275455,-0.160244,-0.941114,122.707329,-0.000343
275046,-0.042450,0.895660,-0.229720,-0.112116,0.275490,-0.158622,-0.941475,121.121864,0.000000
275050,-0.041757,0.895878,-0.229951,-0.110592,0.275653,-0.156275,-0.942000,119.216766,0.000000
275053,-0.041286,0.896029,-0.230121,-0.109593,0.275756,-0.154874,-0.942317,117.651558,-0.000343
275057,-0.040655,0.896236,-0.230360,-0.108179,0.275456,-0.152636,-0.942933,115.735130,0.000000
275060,-0.040224,0.896374,-0.230532,-0.107267,0.275578,-0.151372,-0.943206,113.992424,-0.000343
275064,-0.039628,0.896560,-0.230740,-0.106120,0.275981,-0.149435,-0.943527,112.249718,0.000000
275067,-0.039117,0.896683,-0.230864,-0.105164,0.275787,-0.148240,-0.943879,110.472679,-0.000343
275071,-0.038384,0.896872,-0.231013,-0.103637,0.275807,-0.145691,-0.944438,108.904037,-0.000343
275074,-0.037820,0.897003,-0.231117,-0.102624,0.275943,-0.144230,-0.944733,106.968384,0.000000
275078,-0.037029,0.897183,-0.231271,-0.101169,0.275706,-0.141791,-0.945329,105.399399,-0.000343
275082,-0.036373,0.897349,-0.231445,-0.099993,0.275842,-0.139945,-0.945689,103.476448,-0.000343
275085,-0.035959,0.897449,-0.231565,-0.099177,0.276000,-0.138735,-0.945907,101.930122,-0.000343
275088,-0.035544,0.897545,-0.231707,-0.098409,0.275998,-0.137618,-0.946151,100.019531,-0.000343
275092,-0.034893,0.897714,-0.231912,-0.097104,0.275926,-0.135399,-0.946627,98.295021,0.000000
275096,-0.034257,0.897874,-0.232137,-0.095683,0.276003,-0.133416,-0.947031,96.744232,0.000000
275099,-0.033745,0.898005,-0.232319,-0.094750,0.276007,-0.131809,-0.947349,94.836044,-0.000343
275103,-0.033088,0.898156,-0.232557,-0.093358,0.276134,-0.129773,-0.947731,93.110504,-0.000343
275107,-0.032436,0.898298,-0.232737,-0.092163,0.275981,-0.128010,-0.948132,91.401787,-0.000343
275110,-0.031975,0.898388,-0.232840,-0.091326,0.275916,-0.126636,-0.948416,89.855118,-0.000343
275114,-0.031349,0.898511,-0.232961,-0.090029,0.276079,-0.124659,-0.948755,87.979889,-0.000343
275117,-0.030834,0.898617,-0.233071,-0.089053,0.276087,-0.123079,-0.949051,86.291771,0.000000
275121,-0.029575,0.898860,-0.233417,-0.086559,0.276285,-0.118851,-0.949763,84.588890,-0.000343
275124,-0.028876,0.899044,-0.233696,-0.084883,0.276195,-0.117037,-0.950165,83.074493,0.000000
275128,-0.028506,0.899081,-0.233780,-0.084544,0.276232,-0.116054,-0.950305,81.254883,-0.000343
275131,-0.028136,0.899182,-0.233937,-0.083722,0.276190,-0.115048,-0.950512,79.594231,0.000000
275135,-0.027326,0.899335,-0.234190,-0.081897,0.276256,-0.112224,-0.950990,78.104897,0.000000
275138,-0.026879,0.899409,-0.234317,-0.081061,0.276052,-0.111108,-0.951251,76.291809,0.000000
275142,-0.026395,0.899488,-0.234431,-0.080327,0.275915,-0.109514,-0.951538,74.807625,-0.000343
275145,-0.025939,0.899562,-0.234565,-0.079496,0.275848,-0.108236,-0.951774,73.176155,-0.000343
275149,-0.024960,0.899761,-0.234892,-0.076987,0.276496,-0.104811,-0.952175,71.388817,0.000000
275153,-0.023774,0.899997,-0.235292,-0.074682,0.275965,-0.101708,-0.952849,69.921799,-0.000343
275156,-0.023451,0.900009,-0.235387,-0.074406,0.276077,-0.100753,-0.952940,68.160210,-0.000343
275160,-0.023083,0.900044,-0.235504,-0.073732,0.276173,-0.099737,-0.953071,66.750870,-0.000343
275163,-0.022603,0.900122,-0.235656,-0.072823,0.276037,-0.097862,-0.953375,65.183601,-0.000343
275167,-0.022118,0.900201,-0.235787,-0.071727,0.276073,-0.096254,-0.953611,63.474197,0.000000
275170,-0.021891,0.900227,-0.235824,-0.071301,0.276090,-0.095503,-0.953714,61.937828,-0.000343
275174,-0.021397,0.900284,-0.235929,-0.070530,0.275837,-0.094165,-0.953977,60.530891,0.000000
275177,-0.020927,0.900324,-0.236061,-0.069362,0.276283,-0.092408,-0.954105,58.841743,-0.000343
275181,-0.019470,0.900532,-0.236514,-0.066527,0.276149,-0.088127,-0.954751,57.468109,-0.000343
275185,-0.018635,0.900670,-0.236806,-0.065096,0.275725,-0.086316,-0.955138,55.804024,-0.000343
275188,-0.018451,0.900661,-0.236833,-0.065031,0.275728,-0.086039,-0.955166,54.318466,-0.000343
275192,-0.017988,0.900738,-0.236993,-0.063991,0.275887,-0.084626,-0.955317,52.862091,0.000000
275195,-0.017553,0.900802,-0.237112,-0.062773,0.275769,-0.083090,-0.955566,51.438675,-0.000343
275199,-0.017303,0.900820,-0.237166,-0.062221,0.275764,-0.081963,-0.955701,50.023155,-0.000343
275202,-0.017093,0.900853,-0.237227,-0.061617,0.275679,-0.081328,-0.955819,48.611069,-0.000343
275206,-0.016575,0.900918,-0.237451,-0.060452,0.275711,-0.079428,-0.956044,47.340431,-0.000343
275209,-0.016109,0.900978,-0.237646,-0.059522,0.275728,-0.078241,-0.956195,45.793076,0.000000
275213,-0.014971,0.901096,-0.238021,-0.057301,0.275821,-0.074814,-0.956579,44.400215,0.000000
275217,-0.013971,0.901201,-0.238359,-0.055638,0.275417,-0.072491,-0.956972,43.015938,0.000000
275220,-0.013804,0.901186,-0.238357,-0.055362,0.275630,-0.072024,-0.956962,41.812935,0.000000
275224,-0.013497,0.901188,-0.238357,-0.054907,0.275642,-0.071234,-0.957044,40.516548,0.000000
275227,-0.013063,0.901216,-0.238416,-0.054002,0.275536,-0.069544,-0.957250,39.127464,-0.000343
275231,-0.012719,0.901231,-0.238452,-0.053243,0.275708,-0.068383,-0.957327,37.852364,0.000000
275234,-0.012506,0.901246,-0.238521,-0.052824,0.275617,-0.067536,-0.957436,36.597519,0.000000
275238,-0.012030,0.901306,-0.238737,-0.051756,0.275264,-0.066220,-0.957688,35.471077,-0.000343
275241,-0.011636,0.901349,-0.238923,-0.051046,0.275283,-0.064916,-0.957810,34.118729,0.000000
275245,-0.011154,0.901403,-0.239171,-0.050113,0.275403,-0.063735,-0.957904,33.035545,-0.000343
275249,-0.010580,0.901431,-0.239371,-0.049053,0.275063,-0.062097,-0.958164,31.728859,0.000000
275252,-0.010285,0.901436,-0.239449,-0.048397,0.275333,-0.061051,-0.958187,30.691338,-0.000343
275256,-0.009861,0.901440,-0.239467,-0.047804,0.275310,-0.059809,-0.958302,29.454002,-0.000343
275259,-0.009526,0.901460,-0.239518,-0.047159,0.275051,-0.058796,-0.958471,28.334084,-0.000343
275263,-0.009088,0.901460,-0.239563,-0.046400,0.275219,-0.057640,-0.958530,27.371407,-0.000343
275266,-0.008755,0.901476,-0.239663,-0.045715,0.275186,-0.056647,-0.958631,26.205826,-0.000343
275270,-0.008310,0.901487,-0.239815,-0.044947,0.274896,-0.055251,-0.958832,25.178261,-0.000343
275273,-0.008021,0.901527,-0.239972,-0.044230,0.274870,-0.054447,-0.958919,24.145203,0.000000
275277,-0.007652,0.901565,-0.240168,-0.043429,0.274959,-0.053390,-0.958990,23.234367,0.000000
275280,-0.007418,0.901585,-0.240272,-0.042949,0.274887,-0.052715,-0.959069,22.185173,0.000000
275284,-0.007211,0.901600,-0.240346,-0.042346,0.275132,-0.051814,-0.959075,21.232452,-0.000343
275288,-0.006453,0.901600,-0.240488,-0.040582,0.275231,-0.048939,-0.959274,20.301361,-0.000343
275291,-0.005621,0.901654,-0.240780,-0.038791,0.274813,-0.046717,-0.959579,19.507599,-0.000343
275295,-0.005314,0.901646,-0.240812,-0.038484,0.275176,-0.046016,-0.959521,18.628006,-0.000343
275298,-0.005198,0.901616,-0.240814,-0.038849,0.275221,-0.045916,-0.959498,17.716141,-0.000343
275302,-0.004646,0.901652,-0.241002,-0.037746,0.274753,-0.044485,-0.959743,16.997910,-0.000343
275305,-0.004360,0.901643,-0.241082,-0.037226,0.274817,-0.043472,-0.959792,16.213074,0.000000
275309,-0.004298,0.901652,-0.241137,-0.036908,0.274758,-0.043302,-0.959829,15.383263,-0.000343
275312,-0.004208,0.901646,-0.241175,-0.036609,0.274721,-0.042743,-0.959876,14.634132,-0.000343
275316,-0.004072,0.901652,-0.241260,-0.036013,0.275040,-0.042103,-0.959835,13.909721,0.000000
275319,-0.003895,0.901674,-0.241331,-0.035600,0.275139,-0.041484,-0.959849,13.269424,0.000000
275323,-0.003529,0.901675,-0.241437,-0.035126,0.274535,-0.040664,-0.960075,12.530594,0.000000
275326,-0.003282,0.901688,-0.241484,-0.034673,0.274562,-0.039919,-0.960115,11.895447,-0.000343
275330,-0.003014,0.901687,-0.241527,-0.034210,0.274852,-0.039392,-0.960070,11.277809,0.000000
275334,-0.002714,0.901673,-0.241578,-0.033799,0.274588,-0.038584,-0.960193,10.668068,-0.000343
275337,-0.002537,0.901683,-0.241632,-0.033383,0.274590,-0.038061,-0.960228,10.130768,-0.000343
275341,-0.002362,0.901681,-0.241695,-0.033006,0.274471,-0.037567,-0.960294,9.526520,0.000000
275344,-0.002285,0.901677,-0.241764,-0.032723,0.274421,-0.037125,-0.960335,8.995743,0.000000
275348,-0.002200,0.901685,-0.241852,-0.032358,0.274674,-0.036707,-0.960291,8.485222,0.000000
275351,-0.002058,0.901699,-0.241940,-0.032092,0.274584,-0.036323,-0.960341,7.966805,-0.000343
275355,-0.001796,0.901704,-0.242049,-0.031692,0.274210,-0.035384,-0.960496,7.474480,-0.000343
275359,-0.001627,0.901707,-0.242090,-0.031317,0.274646,-0.034872,-0.960403,7.045326,0.000000
275362,-0.001475,0.901702,-0.242093,-0.031200,0.274632,-0.034648,-0.960418,6.650162,0.000000
275366,-0.001234,0.901689,-0.242093,-0.030847,0.274292,-0.033949,-0.960552,6.240921,0.000000
275369,-0.001128,0.901682,-0.242078,-0.030654,0.274416,-0.033721,-0.960531,5.802841,-0.000343
275373,-0.000999,0.901679,-0.242090,-0.030416,0.274392,-0.033265,-0.960561,5.443726,0.000000
275376,-0.000924,0.901675,-0.242132,-0.030254,0.274310,-0.032945,-0.960601,5.070877,-0.000343
275380,-0.000871,0.901688,-0.242211,-0.029989,0.274639,-0.032727,-0.960522,4.665413,0.000000
275383,-0.000796,0.901700,-0.242289,-0.029797,0.274643,-0.032515,-0.960534,4.343719,-0.000343
275387,-0.000605,0.901695,-0.242388,-0.029467,0.274369,-0.031828,-0.960646,4.027519,0.000000
275390,-0.000534,0.901708,-0.242441,-0.029200,0.274499,-0.031540,-0.960626,3.762474,-0.000343
275394,-0.000454,0.901700,-0.242446,-0.029046,0.274545,-0.031381,-0.960623,3.444557,-0.000343
275398,-0.000320,0.901698,-0.242460,-0.028853,0.274345,-0.031155,-0.960693,3.177452,-0.000343
275401,-0.000235,0.901693,-0.242446,-0.028711,0.274571,-0.030757,-0.960646,2.907600,-0.000343
275405,-0.000121,0.901699,-0.242464,-0.028564,0.274376,-0.030657,-0.960709,2.668648,-0.000343
275408,-0.000032,0.901694,-0.242474,-0.028428,0.274248,-0.030237,-0.960763,2.448578,-0.000343
275412,-0.000022,0.901707,-0.242494,-0.028225,0.274493,-0.030361,-0.960695,2.247734,-0.000343
275415,0.000015,0.901704,-0.242522,-0.028161,0.274516,-0.030136,-0.960698,2.044830,0.000000
275419,0.000088,0.901709,-0.242567,-0.027998,0.274196,-0.029887,-0.960802,1.843987,-0.000343
275422,0.000131,0.901717,-0.242590,-0.027910,0.274322,-0.029696,-0.960774,1.671638,0.000000
275426,0.000217,0.901716,-0.242618,-0.027726,0.274338,-0.029630,-0.960777,1.483841,-0.000343
275429,0.000313,0.901710,-0.242617,-0.027651,0.274111,-0.029412,-0.960850,1.335869,-0.000343
275433,0.000391,0.901709,-0.242588,-0.027536,0.274374,-0.029290,-0.960782,1.188927,-0.000343
275437,0.000521,0.901699,-0.242568,-0.027453,0.274148,-0.028855,-0.960862,1.061211,-0.000343
275440,0.000582,0.901698,-0.242563,-0.027362,0.273927,-0.028939,-0.960926,0.963364,-0.000343
275444,0.000567,0.901697,-0.242583,-0.027324,0.274470,-0.028680,-0.960779,0.837364,-0.000343
275447,0.000578,0.901697,-0.242615,-0.027298,0.274396,-0.028765,-0.960799,0.725784,0.000000
275451,0.000619,0.901705,-0.242695,-0.027129,0.274119,-0.028378,-0.960894,0.624161,-0.000343
275454,0.000582,0.901719,-0.242737,-0.027055,0.274204,-0.028556,-0.960867,0.545540,0.000000
275458,0.000567,0.901725,-0.242781,-0.026954,0.274172,-0.028397,-0.960883,0.461769,-0.000343
275461,0.000588,0.901724,-0.242795,-0.026951,0.274035,-0.028392,-0.960923,0.401688,0.000000
275465,0.000570,0.901716,-0.242768,-0.026906,0.274384,-0.028311,-0.960827,0.344009,-0.000343
275469,0.000681,0.901705,-0.242738,-0.026882,0.273888,-0.028400,-0.960966,0.281868,-0.000343
275472,0.000747,0.901698,-0.242717,-0.026873,0.273967,-0.027995,-0.960956,0.241699,0.000000
275476,0.000744,0.901699,-0.242673,-0.026829,0.274218,-0.028393,-0.960874,0.186424,-0.000343
275479,0.000791,0.901697,-0.242683,-0.026800,0.274181,-0.028101,-0.960894,0.150375,-0.000343
275483,0.000827,0.901693,-0.242715,-0.026792,0.273916,-0.028172,-0.960967,0.107460,-0.000343
275486,0.000807,0.901707,-0.242739,-0.026703,0.274071,-0.027986,-0.960931,0.083771,0.000000
275490,0.000784,0.901715,-0.242778,-0.026694,0.273983,-0.028226,-0.960950,0.058022,0.000000
275493,0.000778,0.901712,-0.242792,-0.026673,0.273896,-0.027954,-0.960983,0.039139,-0.000343
275497,0.000704,0.901719,-0.242773,-0.026668,0.274263,-0.028293,-0.960869,0.022316,-0.000343
275500,0.000712,0.901712,-0.242753,-0.026669,0.274288,-0.028087,-0.960867,0.009270,-0.000343
275504,0.000800,0.901693,-0.242730,-0.026708,0.273817,-0.028063,-0.961001,-0.005493,0.000000
275508,0.000784,0.901701,-0.242707,-0.026680,0.274428,-0.027896,-0.960833,-0.010300,0.000000
275511,0.000820,0.901693,-0.242712,-0.026672,0.274133,-0.028085,-0.960912,-0.010643,0.000000
275515,0.000880,0.901698,-0.242747,-0.026592,0.273982,-0.027630,-0.960970,-0.010643,-0.000343
275518,0.000847,0.901707,-0.242771,-0.026601,0.274110,-0.028041,-0.960921,-0.010643,0.000000
275522,0.000852,0.901709,-0.242812,-0.026597,0.274021,-0.027733,-0.960956,-0.010986,-0.000343
275525,0.000842,0.901709,-0.242841,-0.026592,0.273851,-0.027944,-0.960998,-0.010643,0.000000
275529,0.000775,0.901723,-0.242835,-0.026568,0.274405,-0.027831,-0.960844,-0.010643,-0.000343
275533,0.000854,0.901710,-0.242833,-0.026595,0.273861,-0.027842,-0.960998,-0.010643,-0.000343
275536,0.000880,0.901704,-0.242809,-0.026536,0.273953,-0.027562,-0.960982,-0.010643,-0.000343
275540,0.000846,0.901705,-0.242766,-0.026585,0.274189,-0.028013,-0.960900,-0.010300,-0.000343
275543,0.000883,0.901700,-0.242753,-0.026582,0.274110,-0.027700,-0.960932,-0.010643,-0.000343
275547,0.000889,0.901694,-0.242736,-0.026611,0.273978,-0.027872,-0.960964,-0.010643,0.000000
275550,0.000853,0.901700,-0.242735,-0.026601,0.274269,-0.027666,-0.960887,-0.010300,0.000000
275554,0.000857,0.901695,-0.242757,-0.026628,0.273950,-0.027915,-0.960970,-0.010300,-0.000343
275557,0.000865,0.901698,-0.242771,-0.026612,0.273939,-0.027591,-0.960983,-0.009613,0.000000
275561,0.000798,0.901713,-0.242777,-0.026586,0.274215,-0.028160,-0.960888,-0.008926,-0.000343
275564,0.000814,0.901711,-0.242794,-0.026510,0.274194,-0.027853,-0.960905,-0.008240,-0.000343
275568,0.000867,0.901704,-0.242807,-0.026578,0.273849,-0.027933,-0.961000,-0.007210,-0.000343
275571,0.000880,0.901708,-0.242797,-0.026517,0.274006,-0.027724,-0.960963,-0.006180,-0.000343
275575,0.000865,0.901701,-0.242780,-0.026610,0.274066,-0.028007,-0.960935,-0.004120,-0.000343
275579,0.000867,0.901704,-0.242769,-0.026571,0.274062,-0.027790,-0.960943,-0.001717,-0.000343
275582,0.000824,0.901706,-0.242768,-0.026599,0.274211,-0.028040,-0.960893,0.000343,-0.000343
275586,0.000850,0.901700,-0.242779,-0.026613,0.273936,-0.027726,-0.960980,0.002060,0.000000
275589,0.000838,0.901702,-0.242802,-0.026568,0.273783,-0.027975,-0.961017,0.003433,0.000000
275593,0.000776,0.901718,-0.242808,-0.026532,0.274373,-0.027826,-0.960854,0.004463,-0.000343
275596,0.000772,0.901714,-0.242819,-0.026608,0.274284,-0.028090,-0.960870,0.005150,0.000000
275600,0.000838,0.901709,-0.242823,-0.026554,0.273995,-0.027629,-0.960967,0.005150,0.000000
275603,0.000812,0.901711,-0.242803,-0.026560,0.274057,-0.027989,-0.960939,0.005493,0.000000
275607,0.000829,0.901699,-0.242782,-0.026576,0.274086,-0.027648,-0.960940,0.005493,-0.000343
275611,0.000832,0.901699,-0.242759,-0.026579,0.274093,-0.027783,-0.960934,0.005493,-0.000343
275614,0.000811,0.901696,-0.242745,-0.026579,0.274298,-0.027768,-0.960876,0.005493,0.000000
275618,0.000864,0.901694,-0.242773,-0.026624,0.273908,-0.027724,-0.960988,0.005493,0.000000
275621,0.000865,0.901697,-0.242787,-0.026557,0.273938,-0.027537,-0.960986,0.005493,-0.000343
275625,0.000794,0.901708,-0.242796,-0.026594,0.274261,-0.028025,-0.960879,0.005493,0.000000
275628,0.000815,0.901710,-0.242818,-0.026517,0.274174,-0.027752,-0.960914,0.005493,-0.000343
275632,0.000822,0.901705,-0.242825,-0.026561,0.273936,-0.027875,-0.960977,0.005493,0.000000
275636,0.000794,0.901710,-0.242811,-0.026561,0.274146,-0.028061,-0.960912,0.005493,-0.000343
275639,0.000819,0.901700,-0.242803,-0.026598,0.273986,-0.027943,-0.960960,0.005493,-0.000343
275643,0.000808,0.901703,-0.242775,-0.026585,0.274105,-0.027953,-0.960926,0.005493,-0.000343
275646,0.000804,0.901707,-0.242767,-0.026601,0.274280,-0.028032,-0.960873,0.005836,0.000000
275650,0.000868,0.901691,-0.242765,-0.026619,0.273849,-0.027821,-0.961002,0.005493,0.000000
275653,0.000865,0.901695,-0.242769,-0.026618,0.273822,-0.027938,-0.961006,0.005150,0.000000
275656,0.000858,0.901698,-0.242773,-0.026535,0.273973,-0.027699,-0.960972,0.005150,-0.000343
275660,0.000803,0.901704,-0.242774,-0.026627,0.274161,-0.028073,-0.960905,0.005150,-0.000343
275664,0.000830,0.901709,-0.242776,-0.026564,0.274078,-0.027788,-0.960939,0.005493,-0.000343
275667,0.000797,0.901707,-0.242767,-0.026568,0.274132,-0.028102,-0.960914,0.005150,0.000000
275671,0.000835,0.901701,-0.242755,-0.026595,0.273939,-0.027765,-0.960978,0.005493,-0.000343
275674,0.000853,0.901698,-0.242751,-0.026598,0.273785,-0.027950,-0.961017,0.005493,-0.000343
275678,0.000796,0.901701,-0.242724,-0.026582,0.274275,-0.027837,-0.960881,0.005493,-0.000343
275682,0.000865,0.901696,-0.242738,-0.026590,0.273888,-0.027602,-0.960998,0.005150,0.000000
275685,0.000852,0.901699,-0.242746,-0.026580,0.273948,-0.027615,-0.960981,0.005150,0.000000
275689,0.000802,0.901707,-0.242759,-0.026587,0.274203,-0.027922,-0.960899,0.005150,0.000000
275692,0.000816,0.901709,-0.242786,-0.026530,0.274043,-0.027757,-0.960951,0.005150,0.000000
275696,0.000788,0.901702,-0.242794,-0.026593,0.274056,-0.027811,-0.960944,0.004807,-0.000343
275699,0.000765,0.901713,-0.242785,-0.026524,0.274240,-0.027838,-0.960892,0.005150,0.000000
275703,0.000797,0.901699,-0.242793,-0.026585,0.273934,-0.027814,-0.960978,0.005150,0.000000
275706,0.000807,0.901699,-0.242773,-0.026581,0.273906,-0.027609,-0.960993,0.004807,0.000000
275710,0.000760,0.901708,-0.242749,-0.026606,0.274278,-0.028000,-0.960875,0.004807,-0.000343
275713,0.000786,0.901700,-0.242737,-0.026549,0.274209,-0.027774,-0.960902,0.004463,-0.000343
275717,0.000816,0.901691,-0.242734,-0.026631,0.273902,-0.027872,-0.960985,0.004463,0.000000
275721,0.000772,0.901702,-0.242732,-0.026594,0.274138,-0.028071,-0.960913,0.004463,0.000000
275724,0.000782,0.901698,-0.242739,-0.026601,0.274005,-0.028002,-0.960952,0.004120,0.000000
275728,0.000748,0.901703,-0.242745,-0.026588,0.274147,-0.027970,-0.960913,0.004120,-0.000343
275731,0.000724,0.901707,-0.242753,-0.026596,0.274275,-0.028120,-0.960872,0.004120,0.000000
275735,0.000766,0.901693,-0.242756,-0.026615,0.273835,-0.027922,-0.961003,0.003433,0.000000
275738,0.000775,0.901697,-0.242759,-0.026604,0.273793,-0.028042,-0.961012,0.003433,-0.000343
275742,0.000731,0.901705,-0.242753,-0.026635,0.274363,-0.027977,-0.960850,0.003090,0.000000
275745,0.000753,0.901696,-0.242754,-0.026628,0.274123,-0.028156,-0.960914,0.003090,0.000000
275749,0.000812,0.901698,-0.242775,-0.026560,0.273989,-0.027803,-0.960964,0.002403,0.000000
275753,0.000786,0.901696,-0.242781,-0.026608,0.274223,-0.027774,-0.960897,0.002747,0.000000
275756,0.000802,0.901699,-0.242793,-0.026608,0.273994,-0.027839,-0.960960,0.002060,0.000000
275760,0.000772,0.901706,-0.242794,-0.026514,0.274182,-0.027789,-0.960911,0.001717,0.000000
275763,0.000740,0.901711,-0.242782,-0.026562,0.274340,-0.027916,-0.960860,0.001030,0.000000
275767,0.000802,0.901694,-0.242781,-0.026597,0.273926,-0.027704,-0.960984,0.000687,0.000000
275770,0.000804,0.901701,-0.242764,-0.026632,0.273977,-0.027665,-0.960969,0.000687,-0.000343
275774,0.000755,0.901701,-0.242732,-0.026619,0.274306,-0.027852,-0.960871,0.000687,-0.000343
275777,0.000791,0.901700,-0.242722,-0.026558,0.274122,-0.027793,-0.960926,0.000000,-0.000343
275781,0.000811,0.901689,-0.242712,-0.026630,0.273989,-0.027800,-0.960962,0.000000,0.000000
275785,0.000792,0.901692,-0.242712,-0.026657,0.274080,-0.028131,-0.960926,-0.000343,0.000000
275788,0.000824,0.901689,-0.242726,-0.026604,0.273957,-0.027794,-0.960972,-0.000343,-0.000343
275792,0.000783,0.901698,-0.242731,-0.026597,0.274121,-0.028169,-0.960914,-0.000687,0.000000
275795,0.000764,0.901705,-0.242746,-0.026601,0.274281,-0.028012,-0.960873,-0.000687,0.000000
275799,0.000821,0.901697,-0.242768,-0.026603,0.273822,-0.028002,-0.961005,-0.000687,0.000343
275802,0.000823,0.901697,-0.242770,-0.026588,0.273857,-0.027909,-0.960998,-0.000687,0.000000
275806,0.000768,0.901703,-0.242756,-0.026635,0.274292,-0.028128,-0.960866,-0.000687,0.000000
275809,0.000804,0.901698,-0.242756,-0.026626,0.274034,-0.028029,-0.960943,-0.001030,0.000000
275813,0.000809,0.901698,-0.242749,-0.026582,0.274008,-0.028007,-0.960952,-0.001030,-0.000343
275816,0.000784,0.901701,-0.242743,-0.026592,0.274142,-0.028099,-0.960911,-0.001030,-0.000343
275820,0.000819,0.901697,-0.242762,-0.026617,0.273865,-0.027919,-0.960994,-0.001030,0.000000
275824,0.000770,0.901709,-0.242752,-0.026538,0.274214,-0.027806,-0.960900,-0.001030,-0.000343
275827,0.000732,0.901705,-0.242759,-0.026618,0.274344,-0.028055,-0.960854,-0.001030,-0.000343
275831,0.000801,0.901696,-0.242770,-0.026587,0.273950,-0.027628,-0.960979,-0.001030,0.000000
275834,0.000786,0.901699,-0.242764,-0.026601,0.273979,-0.027867,-0.960964,-0.001030,0.000000
275838,0.000777,0.901701,-0.242745,-0.026553,0.274164,-0.027852,-0.960913,-0.001030,-0.000343
275841,0.000819,0.901697,-0.242747,-0.026595,0.274014,-0.027892,-0.960953,-0.001373,0.000000
275845,0.000830,0.901697,-0.242728,-0.026548,0.274075,-0.027734,-0.960942,-0.001373,0.000000
275848,0.000812,0.901701,-0.242719,-0.026566,0.274216,-0.027905,-0.960896,-0.001373,0.000000
275852,0.000850,0.901680,-0.242723,-0.026587,0.273901,-0.027653,-0.960993,-0.001030,0.000000
275856,0.000751,0.901694,-0.242715,-0.026636,0.274249,-0.028120,-0.960878,-0.001030,-0.000343
275859,0.000744,0.901699,-0.242729,-0.026629,0.274339,-0.027907,-0.960859,-0.001030,0.000000
275863,0.000766,0.901693,-0.242751,-0.026661,0.273843,-0.028048,-0.960996,-0.001030,0.000000
275866,0.000750,0.901696,-0.242757,-0.026593,0.273968,-0.027860,-0.960967,-0.001373,-0.000343
275870,0.000715,0.901701,-0.242761,-0.026608,0.274092,-0.028234,-0.960921,-0.001373,0.000000
275873,0.000744,0.901696,-0.242760,-0.026602,0.273975,-0.027940,-0.960963,-0.001373,0.000000
275877,0.000731,0.901702,-0.242761,-0.026604,0.274171,-0.028121,-0.960901,-0.001373,0.000000
275880,0.000748,0.901700,-0.242750,-0.026577,0.274222,-0.028029,-0.960890,-0.001373,0.000000
275884,0.000819,0.901691,-0.242760,-0.026626,0.273792,-0.028052,-0.961011,-0.001373,0.000000
275887,0.000833,0.901687,-0.242764,-0.026593,0.273803,-0.027840,-0.961015,-0.001030,0.000000
275891,0.000759,0.901696,-0.242744,-0.026638,0.274199,-0.028217,-0.960890,-0.001373,0.000000
275895,0.000813,0.901700,-0.242755,-0.026570,0.273940,-0.027656,-0.960982,-0.001030,0.000000
275898,0.000779,0.901703,-0.242745,-0.026571,0.273983,-0.027974,-0.960960,-0.001373,0.000000
275898,0.000779,0.901703,-0.242745,-0.026571,0.273983,-0.027974,-0.960960,-0.001373,0.000000
275898,0.000779,0.901703,-0.242745,-0.026571,0.273983,-0.027974,-0.960960,-0.001373,0.000000
275898,0.000779,0.901703,-0.242745,-0.026571,0.273983,-0.027974,-0.960960,-0.001373,0.000000
275898,0.000779,0.901703,-0.242745,-0.026571,0.273983,-0.027974,-0.960960,-0.001373,0.000000
275898,0.000779,0.901703,-0.242745,-0.026571,0.273983,-0.027974,-0.960960,-0.001373,0.000000
275898,0.000779,0.901703,-0.242745,-0.026571,0.273983,-0.027974,-0.960960,-0.001373,0.000000
275898,0.000779,0.901703,-0.242745,-0.026571,0.273983,-0.027974,-0.960960,-0.001373,0.000000
275898,0.000779,0.901703,-0.242745,-0.026571,0.273983,-0.027974,-0.960960,-0.001373,0.000000
275898,0.000779,0.901703,-0.242745,-0.026571,0.273983,-0.027974,-0.960960,-0.001373,0.000000
275898,0.000779,0.901703,-0.242745,-0.026571,0.273983,-0.027974,-0.960960,-0.001373,0.000000
