0,0.000000,0.000000,0.000000,0.000000,0.000000,0.000000,0.000000,0.000000,0.000000
0,0.000000,0.000000,0.000000,0.000000,0.000000,0.000000,0.000000,0.000000,0.000000
0,0.000000,0.000000,0.000000,0.000000,0.000000,0.000000,0.000000,0.000000,0.000000
0,0.000000,0.000000,0.000000,0.000000,0.000000,0.000000,0.000000,0.000000,0.000000
0,0.000000,0.000000,0.000000,0.000000,0.000000,0.000000,0.000000,0.000000,0.000000
0,0.000000,0.000000,0.000000,0.000000,0.000000,0.000000,0.000000,0.000000,0.000000
0,0.000000,0.000000,0.000000,0.000000,0.000000,0.000000,0.000000,0.000000,0.000000
0,0.000000,0.000000,0.000000,0.000000,0.000000,0.000000,0.000000,0.000000,0.000000
0,0.000000,0.000000,0.000000,0.000000,0.000000,0.000000,0.000000,0.000000,0.000000
0,0.000000,0.000000,0.000000,0.000000,0.000000,0.000000,0.000000,0.000000,0.000000
0,0.000000,0.000000,0.000000,0.000000,0.000000,0.000000,0.000000,0.000000,0.000000
0,0.000000,0.000000,0.000000,0.000000,0.000000,0.000000,0.000000,0.000000,0.000000
0,0.000000,0.000000,0.000000,0.000000,0.000000,0.000000,0.000000,0.000000,0.000000
0,0.000000,0.000000,0.000000,0.000000,0.000000,0.000000,0.000000,0.000000,0.000000
0,0.000000,0.000000,0.000000,0.000000,0.000000,0.000000,0.000000,0.000000,0.000000
0,0.000000,0.000000,0.000000,0.000000,0.000000,0.000000,0.000000,0.000000,0.000000
0,0.000000,0.000000,0.000000,0.000000,0.000000,0.000000,0.000000,0.000000,0.000000
0,0.000000,0.000000,0.000000,0.000000,0.000000,0.000000,0.000000,0.000000,0.000000
0,0.000000,0.000000,0.000000,0.000000,0.000000,0.000000,0.000000,0.000000,0.000000
0,0.000000,0.000000,0.000000,0.000000,0.000000,0.000000,0.000000,0.000000,0.000000
0,0.000000,0.000000,0.000000,0.000000,0.000000,0.000000,0.000000,0.000000,0.000000
0,0.000000,0.000000,0.000000,0.000000,0.000000,0.000000,0.000000,0.000000,0.000000
0,0.000000,0.000000,0.000000,0.000000,0.000000,0.000000,0.000000,0.000000,0.000000
0,0.000000,0.000000,0.000000,0.000000,0.000000,0.000000,0.000000,0.000000,0.000000
0,0.000000,0.000000,0.000000,0.000000,0.000000,0.000000,0.000000,0.000000,0.000000
257992,0.001567,0.901612,-0.243010,-0.025674,0.274023,-0.026303,-0.961021,0.000687,-0.000343
257996,0.001581,0.901620,-0.242998,-0.025603,0.274253,-0.026052,-0.960964,0.000687,0.000000
257999,0.001568,0.901613,-0.242994,-0.025617,0.274290,-0.026349,-0.960945,0.000687,-0.000343
258003,0.001634,0.901610,-0.243003,-0.025603,0.273974,-0.025873,-0.961048,0.000687,-0.000343
258006,0.001613,0.901618,-0.242997,-0.025632,0.273926,-0.026102,-0.961055,0.000687,-0.000343
258010,0.001535,0.901614,-0.242985,-0.025604,0.274377,-0.026094,-0.960927,0.000687,-0.000343
258014,0.001578,0.901612,-0.243006,-0.025629,0.273911,-0.026139,-0.961058,0.000687,-0.000343
258017,0.001567,0.901623,-0.243009,-0.025563,0.274083,-0.025976,-0.961015,0.000687,-0.000343
258021,0.001553,0.901620,-0.243006,-0.025625,0.274171,-0.026303,-0.960980,0.000687,-0.000343
258024,0.001599,0.901621,-0.243012,-0.025579,0.274064,-0.025975,-0.961020,0.000687,-0.000343
258028,0.001561,0.901613,-0.242983,-0.025632,0.274233,-0.026348,-0.960961,0.000687,-0.000343
258031,0.001562,0.901616,-0.242963,-0.025605,0.274400,-0.026051,-0.960922,0.000687,-0.000343
258035,0.001614,0.901606,-0.242963,-0.025686,0.273874,-0.026220,-0.961065,0.000687,-0.000343
258038,0.001606,0.901604,-0.242957,-0.025626,0.273947,-0.025932,-0.961053,0.000687,-0.000343
258042,0.001533,0.901615,-0.242958,-0.025640,0.274259,-0.026424,-0.960951,0.000687,-0.000343
258046,0.001571,0.901614,-0.242986,-0.025628,0.273972,-0.026038,-0.961043,0.000687,-0.000343
258049,0.001532,0.901616,-0.242997,-0.025647,0.274065,-0.026300,-0.961009,0.001030,-0.000343
258053,0.001513,0.901620,-0.243012,-0.025565,0.274149,-0.026163,-0.960991,0.000687,-0.000343
258056,0.001526,0.901617,-0.243019,-0.025630,0.273967,-0.026350,-0.961037,0.000687,-0.000343
258060,0.001502,0.901615,-0.243012,-0.025577,0.274245,-0.026116,-0.960965,0.001030,-0.000343
258063,0.001482,0.901616,-0.243002,-0.025574,0.274212,-0.026473,-0.960964,0.000687,-0.000343
258067,0.001545,0.901604,-0.243009,-0.025594,0.273962,-0.025942,-0.961050,0.000687,-0.000343
258070,0.001534,0.901603,-0.243006,-0.025627,0.273911,-0.026230,-0.961056,0.000687,0.000000
258074,0.001492,0.901612,-0.243003,-0.025602,0.274358,-0.026110,-0.960932,0.000687,0.000000
258078,0.001547,0.901606,-0.243030,-0.025593,0.273903,-0.026092,-0.961063,0.000687,0.000000
258081,0.001536,0.901613,-0.243039,-0.025550,0.274089,-0.025989,-0.961013,0.000343,-0.000343
258085,0.001516,0.901610,-0.243039,-0.025592,0.274138,-0.026218,-0.960992,0.000687,-0.000343
258088,0.001548,0.901611,-0.243040,-0.025599,0.274033,-0.025948,-0.961029,0.000687,-0.000343
258092,0.001509,0.901615,-0.243009,-0.025608,0.274272,-0.026251,-0.960953,0.000687,-0.000343
258095,0.001493,0.901607,-0.242985,-0.025641,0.274415,-0.026116,-0.960915,0.001030,-0.000343
258099,0.001556,0.901603,-0.242988,-0.025639,0.273864,-0.026142,-0.961071,0.000343,-0.000343
258102,0.001557,0.901604,-0.242982,-0.025608,0.273995,-0.025906,-0.961041,0.000687,0.000000
258106,0.001481,0.901606,-0.242979,-0.025680,0.274289,-0.026415,-0.960941,0.000687,-0.000343
258109,0.001512,0.901612,-0.243002,-0.025620,0.274183,-0.026033,-0.960984,0.000687,-0.000343
258113,0.001501,0.901613,-0.243029,-0.025615,0.274077,-0.026345,-0.961006,0.000687,-0.000343
258117,0.001493,0.901619,-0.243044,-0.025611,0.274152,-0.026277,-0.960986,0.000687,0.000000
258120,0.001518,0.901613,-0.243055,-0.025612,0.273952,-0.026295,-0.961043,0.000687,-0.000343
258124,0.001502,0.901617,-0.243032,-0.025621,0.274239,-0.026256,-0.960962,0.000343,-0.000343
258127,0.001499,0.901615,-0.243013,-0.025637,0.274275,-0.026477,-0.960945,0.000687,0.000000
258131,0.001573,0.901605,-0.243006,-0.025612,0.273917,-0.026048,-0.961059,0.000687,0.000000
258134,0.001559,0.901600,-0.242989,-0.025673,0.273923,-0.026248,-0.961051,0.000343,-0.000343
258138,0.001506,0.901601,-0.242976,-0.025656,0.274335,-0.026152,-0.960936,0.000687,0.000000
258141,0.001503,0.901601,-0.242987,-0.025663,0.274137,-0.026347,-0.960987,0.001030,-0.000343
258145,0.001507,0.901608,-0.243012,-0.025600,0.274113,-0.026067,-0.961003,0.000687,-0.000343
258149,0.001490,0.901616,-0.243043,-0.025594,0.274163,-0.026120,-0.960988,0.000687,-0.000343
258152,0.001493,0.901609,-0.243061,-0.025585,0.274010,-0.026042,-0.961034,0.000687,-0.000343
258155,0.001494,0.901612,-0.243067,-0.025640,0.273865,-0.026256,-0.961068,0.000687,-0.000343
258159,0.001441,0.901615,-0.243048,-0.025582,0.274410,-0.026136,-0.960917,0.000687,0.000000
258163,0.001518,0.901605,-0.243045,-0.025599,0.273868,-0.026087,-0.961073,0.000687,0.000000
258166,0.001532,0.901604,-0.243029,-0.025619,0.274015,-0.025869,-0.961036,0.000687,0.000000
258170,0.001499,0.901609,-0.243005,-0.025648,0.274269,-0.026265,-0.960952,0.000687,0.000000
258173,0.001532,0.901602,-0.243006,-0.025659,0.274173,-0.026005,-0.960986,0.000687,0.000000
258177,0.001529,0.901607,-0.243009,-0.025611,0.274048,-0.026150,-0.961019,0.000687,-0.000343
258180,0.001496,0.901606,-0.243004,-0.025603,0.274309,-0.026031,-0.960948,0.000687,-0.000343
258184,0.001502,0.901605,-0.243020,-0.025644,0.273955,-0.026197,-0.961044,0.000687,0.000000
258188,0.001443,0.901615,-0.243014,-0.025594,0.274205,-0.026449,-0.960967,0.000687,0.000000
258191,0.001421,0.901614,-0.243015,-0.025636,0.274279,-0.026470,-0.960944,0.000687,-0.000343
258195,0.001491,0.901611,-0.243036,-0.025626,0.273894,-0.026182,-0.961062,0.000687,0.000000
258198,0.001495,0.901606,-0.243035,-0.025649,0.273906,-0.026232,-0.961056,0.004463,0.000000
258202,0.001465,0.901612,-0.243015,-0.025635,0.274320,-0.026270,-0.960938,0.021286,0.000000
258205,0.001497,0.901610,-0.243015,-0.025645,0.274105,-0.026320,-0.960998,0.053558,0.000000
258209,0.001506,0.901609,-0.243010,-0.025617,0.274124,-0.026150,-0.960997,0.099220,-0.000343
258212,0.001479,0.901606,-0.243002,-0.025643,0.274228,-0.026426,-0.960960,0.149002,-0.000343
258216,0.001522,0.901608,-0.243018,-0.025591,0.273934,-0.026090,-0.961054,0.196381,-0.000343
258220,0.001463,0.901607,-0.243013,-0.025616,0.274317,-0.026105,-0.960944,0.240669,-0.000343
258223,0.001450,0.901615,-0.243017,-0.025587,0.274380,-0.026228,-0.960923,0.284615,-0.000343
258226,0.001448,0.901614,-0.243021,-0.025652,0.274278,-0.026446,-0.960944,0.325470,0.000000
258230,0.001506,0.901610,-0.243029,-0.025618,0.274019,-0.025997,-0.961032,0.379028,0.000000
258234,0.001475,0.901612,-0.243017,-0.025626,0.274290,-0.026188,-0.960949,0.434990,-0.000343
258237,0.001500,0.901607,-0.243016,-0.025610,0.274122,-0.025985,-0.961003,0.507774,-0.000343
258241,0.001501,0.901602,-0.243008,-0.025655,0.274123,-0.026096,-0.960998,0.601158,-0.000343
258245,0.001490,0.901604,-0.243010,-0.025662,0.274099,-0.026359,-0.960998,0.703812,-0.000343
258248,0.001509,0.901602,-0.243019,-0.025632,0.273923,-0.026079,-0.961056,0.819855,-0.000343
258252,0.001444,0.901611,-0.243021,-0.025628,0.274234,-0.026445,-0.960958,0.938301,-0.000343
258255,0.001428,0.901616,-0.243030,-0.025639,0.274318,-0.026398,-0.960935,1.060524,-0.000343
258259,0.001473,0.901607,-0.243051,-0.025644,0.273858,-0.026272,-0.961069,1.190643,-0.000343
258262,0.001473,0.901610,-0.243051,-0.025614,0.273922,-0.026224,-0.961053,1.324539,0.000000
258266,0.001428,0.901611,-0.243029,-0.025644,0.274267,-0.026446,-0.960948,1.449165,-0.000343
258269,0.001461,0.901604,-0.243025,-0.025628,0.274110,-0.026353,-0.960996,1.620140,-0.000343
258273,0.001479,0.901606,-0.243008,-0.025662,0.274146,-0.026257,-0.960987,1.790771,0.000000
258276,0.001463,0.901605,-0.242993,-0.025703,0.274294,-0.026403,-0.960940,1.979599,0.000000
258280,0.001510,0.901600,-0.243006,-0.025668,0.273975,-0.026152,-0.961038,2.182159,0.000000
258283,0.001506,0.901602,-0.243016,-0.025683,0.273867,-0.026273,-0.961066,2.408752,-0.000343
258287,0.001419,0.901607,-0.243004,-0.025667,0.274367,-0.026339,-0.960922,2.624702,-0.000343
258290,0.001414,0.901614,-0.243020,-0.025641,0.274236,-0.026572,-0.960953,2.886314,-0.000343
258294,0.001434,0.901609,-0.243034,-0.025608,0.274012,-0.026178,-0.961029,3.141747,0.000000
258298,0.001393,0.901610,-0.243023,-0.025629,0.274257,-0.026245,-0.960957,3.403358,0.000000
258301,0.001412,0.901610,-0.243024,-0.025665,0.274096,-0.026315,-0.961000,3.675270,0.000000
258305,0.001406,0.901605,-0.243000,-0.025677,0.274155,-0.026285,-0.960983,3.959541,-0.000343
258308,0.001385,0.901607,-0.242984,-0.025733,0.274315,-0.026363,-0.960934,4.239349,-0.000343
258312,0.001425,0.901602,-0.242978,-0.025790,0.274010,-0.026216,-0.961023,4.610138,-0.000343
258315,0.001416,0.901603,-0.242973,-0.025775,0.273977,-0.026241,-0.961033,4.963417,0.000000
258319,0.001334,0.901612,-0.242967,-0.025822,0.274302,-0.026623,-0.960928,5.341072,0.000000
258322,0.001312,0.901614,-0.242974,-0.025849,0.274261,-0.026610,-0.960940,5.724564,-0.000343
258326,0.001294,0.901615,-0.242985,-0.025915,0.273944,-0.026649,-0.961027,6.122818,-0.000343
258330,0.001195,0.901620,-0.242978,-0.025983,0.274201,-0.027148,-0.960938,6.531372,0.000000
258333,0.001190,0.901616,-0.242977,-0.025999,0.274056,-0.026997,-0.960983,6.917610,0.000000
258337,0.001145,0.901622,-0.242956,-0.026076,0.274115,-0.027298,-0.960956,7.419891,-0.000343
258340,0.001108,0.901622,-0.242938,-0.026071,0.274255,-0.027303,-0.960916,7.875481,-0.000343
258344,0.001125,0.901616,-0.242930,-0.026188,0.273888,-0.027383,-0.961015,8.370209,0.000000
258347,0.001111,0.901614,-0.242913,-0.026224,0.273784,-0.027339,-0.961045,8.895836,-0.000343
258351,0.001008,0.901626,-0.242885,-0.026331,0.274280,-0.027699,-0.960890,9.431419,0.000000
258354,0.000986,0.901626,-0.242876,-0.026442,0.274177,-0.027803,-0.960914,9.915504,0.000000
258358,0.000953,0.901625,-0.242870,-0.026517,0.273993,-0.027852,-0.960963,10.549965,-0.000343
258362,0.000865,0.901632,-0.242850,-0.026606,0.274241,-0.027912,-0.960888,11.162453,-0.000343
258365,0.000824,0.901632,-0.242847,-0.026688,0.274004,-0.028179,-0.960945,11.798286,0.000000
258369,0.000740,0.901631,-0.242828,-0.026835,0.274163,-0.028288,-0.960893,12.440300,0.000000
258372,0.000645,0.901634,-0.242813,-0.026983,0.274375,-0.028623,-0.960818,13.092270,0.000000
258376,0.000597,0.901629,-0.242804,-0.027191,0.274106,-0.028684,-0.960887,13.760719,0.000000
258379,0.000498,0.901632,-0.242777,-0.027382,0.274055,-0.029035,-0.960886,14.390373,-0.000343
258383,0.000283,0.901635,-0.242711,-0.027699,0.274509,-0.029618,-0.960729,15.206795,0.000000
258386,0.000179,0.901631,-0.242682,-0.027942,0.274449,-0.029942,-0.960729,15.979958,0.000000
258390,0.000097,0.901626,-0.242644,-0.028209,0.274246,-0.030151,-0.960773,16.775093,0.000000
258393,0.000007,0.901636,-0.242616,-0.028320,0.274462,-0.030440,-0.960699,17.582588,0.000000
258397,-0.000055,0.901634,-0.242600,-0.028527,0.274368,-0.030692,-0.960711,18.409309,0.000000
258401,-0.000280,0.901635,-0.242539,-0.029015,0.274484,-0.031643,-0.960633,19.179382,-0.000343
258404,-0.000498,0.901636,-0.242466,-0.029436,0.274702,-0.032185,-0.960540,20.160255,0.000000
258408,-0.000702,0.901628,-0.242393,-0.029982,0.274285,-0.032994,-0.960615,21.071091,0.000000
258411,-0.000891,0.901628,-0.242323,-0.030293,0.274271,-0.033257,-0.960600,21.995316,0.000000
258415,-0.001237,0.901622,-0.242207,-0.030925,0.274667,-0.034314,-0.960429,22.964859,0.000000
258418,-0.001448,0.901614,-0.242137,-0.031321,0.274593,-0.034760,-0.960421,23.952942,-0.000343
258422,-0.001710,0.901614,-0.242051,-0.031897,0.274459,-0.035618,-0.960409,24.955444,0.000000
258425,-0.001943,0.901616,-0.241983,-0.032357,0.274661,-0.036252,-0.960312,25.998116,0.000000
258429,-0.002250,0.901605,-0.241874,-0.033053,0.274599,-0.037371,-0.960264,26.952553,0.000000
258433,-0.002613,0.901599,-0.241751,-0.033743,0.274911,-0.038181,-0.960118,28.149376,0.000000
258436,-0.002885,0.901597,-0.241655,-0.034284,0.275019,-0.039057,-0.960033,29.247322,0.000000
258440,-0.003161,0.901587,-0.241553,-0.034904,0.274819,-0.039584,-0.960047,30.369301,-0.000343
258443,-0.003404,0.901584,-0.241469,-0.035363,0.274783,-0.040439,-0.960005,31.530418,0.000000
258447,-0.003810,0.901580,-0.241344,-0.036044,0.275204,-0.041569,-0.959810,32.701149,0.000000
258450,-0.004079,0.901571,-0.241263,-0.036618,0.275095,-0.042568,-0.959776,33.768196,0.000000
258454,-0.004369,0.901554,-0.241155,-0.037329,0.275000,-0.043362,-0.959740,35.098572,0.000000
258457,-0.004677,0.901562,-0.241062,-0.037926,0.275089,-0.044397,-0.959644,36.325264,-0.000343
258461,-0.005113,0.901546,-0.240916,-0.038879,0.275093,-0.045674,-0.959545,37.586288,0.000000
258464,-0.005423,0.901538,-0.240828,-0.039418,0.275127,-0.046643,-0.959466,38.868599,0.000000
258468,-0.005890,0.901533,-0.240692,-0.040117,0.275661,-0.047813,-0.959227,40.170822,0.000000
258472,-0.006271,0.901513,-0.240561,-0.040964,0.275290,-0.049146,-0.959230,41.488838,0.000000
258475,-0.006571,0.901504,-0.240478,-0.041535,0.275431,-0.049807,-0.959131,42.815437,0.000000
258479,-0.006994,0.901504,-0.240377,-0.042348,0.275788,-0.051342,-0.958912,44.020157,0.000000
258482,-0.007271,0.901491,-0.240298,-0.042920,0.275686,-0.052158,-0.958872,45.523567,0.000000
258486,-0.007711,0.901464,-0.240163,-0.043901,0.275520,-0.053542,-0.958799,46.904411,0.000000
258490,-0.008192,0.901443,-0.239993,-0.044801,0.275643,-0.054910,-0.958644,48.305855,0.000000
258493,-0.008549,0.901406,-0.239863,-0.045604,0.275616,-0.056064,-0.958547,49.726524,0.000000
258496,-0.008886,0.901387,-0.239732,-0.046270,0.275696,-0.056878,-0.958444,51.161270,0.000000
258500,-0.009403,0.901381,-0.239568,-0.047152,0.276082,-0.058416,-0.958198,52.611809,0.000000
258503,-0.009743,0.901358,-0.239470,-0.047769,0.276106,-0.059310,-0.958105,53.929138,0.000000
258507,-0.010130,0.901339,-0.239392,-0.048498,0.275847,-0.060508,-0.958068,55.560265,0.000000
258511,-0.010644,0.901321,-0.239275,-0.049314,0.276241,-0.061953,-0.957821,57.050629,0.000000
258511,-0.010644,0.901321,-0.239275,-0.049314,0.276241,-0.061953,-0.957821,58.558159,0.000000
258511,-0.010644,0.901321,-0.239275,-0.049314,0.276241,-0.061953,-0.957821,60.080452,0.000000
258511,-0.010644,0.901321,-0.239275,-0.049314,0.276241,-0.061953,-0.957821,61.610641,0.000000
258511,-0.010644,0.901321,-0.239275,-0.049314,0.276241,-0.061953,-0.957821,63.160400,0.000000
258511,-0.010644,0.901321,-0.239275,-0.049314,0.276241,-0.061953,-0.957821,64.567680,0.000000
258511,-0.010644,0.901321,-0.239275,-0.049314,0.276241,-0.061953,-0.957821,66.296654,0.000343
258511,-0.010644,0.901321,-0.239275,-0.049314,0.276241,-0.061953,-0.957821,67.883148,0.000000
258511,-0.010644,0.901321,-0.239275,-0.049314,0.276241,-0.061953,-0.957821,69.480286,-0.000343
258511,-0.010644,0.901321,-0.239275,-0.049314,0.276241,-0.061953,-0.957821,71.081886,0.000000
258511,-0.010644,0.901321,-0.239275,-0.049314,0.276241,-0.061953,-0.957821,72.702713,0.000000
258511,-0.010644,0.901321,-0.239275,-0.049314,0.276241,-0.061953,-0.957821,74.336586,0.000000
258511,-0.010644,0.901321,-0.239275,-0.049314,0.276241,-0.061953,-0.957821,75.972862,0.000000
258511,-0.010644,0.901321,-0.239275,-0.049314,0.276241,-0.061953,-0.957821,77.617378,0.000000
258511,-0.010644,0.901321,-0.239275,-0.049314,0.276241,-0.061953,-0.957821,79.274597,0.000000
258511,-0.010644,0.901321,-0.239275,-0.049314,0.276241,-0.061953,-0.957821,80.932846,0.000000
258511,-0.010644,0.901321,-0.239275,-0.049314,0.276241,-0.061953,-0.957821,82.435913,0.000000
258511,-0.010644,0.901321,-0.239275,-0.049314,0.276241,-0.061953,-0.957821,84.286766,0.000000
258511,-0.010644,0.901321,-0.239275,-0.049314,0.276241,-0.061953,-0.957821,85.968704,0.000000
258511,-0.010644,0.901321,-0.239275,-0.049314,0.276241,-0.061953,-0.957821,87.672615,0.000000
258511,-0.010644,0.901321,-0.239275,-0.049314,0.276241,-0.061953,-0.957821,89.372749,0.000000
258511,-0.010644,0.901321,-0.239275,-0.049314,0.276241,-0.061953,-0.957821,91.084900,0.000000
258511,-0.010644,0.901321,-0.239275,-0.049314,0.276241,-0.061953,-0.957821,92.795334,-0.000343
258511,-0.010644,0.901321,-0.239275,-0.049314,0.276241,-0.061953,-0.957821,94.332733,0.000000
258511,-0.010644,0.901321,-0.239275,-0.049314,0.276241,-0.061953,-0.957821,96.230278,0.000000
258511,-0.010644,0.901321,-0.239275,-0.049314,0.276241,-0.061953,-0.957821,97.957535,0.000000
258511,-0.010644,0.901321,-0.239275,-0.049314,0.276241,-0.061953,-0.957821,99.695435,0.000343
258511,-0.010644,0.901321,-0.239275,-0.049314,0.276241,-0.061953,-0.957821,101.422005,0.000000
258511,-0.010644,0.901321,-0.239275,-0.049314,0.276241,-0.061953,-0.957821,103.173294,0.000000
258511,-0.010644,0.901321,-0.239275,-0.049314,0.276241,-0.061953,-0.957821,104.906387,0.000000
258617,-0.024332,0.899811,-0.235146,-0.075508,0.278902,-0.101839,-0.951914,106.648407,0.000000
258621,-0.024841,0.899747,-0.235015,-0.076643,0.278497,-0.103654,-0.951746,108.396606,0.000000
258624,-0.025261,0.899673,-0.234902,-0.077487,0.278447,-0.104800,-0.951567,110.153732,0.000000
258628,-0.025868,0.899590,-0.234744,-0.078550,0.278614,-0.106717,-0.951218,111.894722,0.000000
258631,-0.026268,0.899517,-0.234606,-0.079369,0.278604,-0.107814,-0.951029,113.647041,0.000000
258635,-0.026799,0.899426,-0.234444,-0.080329,0.278527,-0.109373,-0.950793,115.390091,0.000000
258639,-0.027390,0.899317,-0.234259,-0.081379,0.278811,-0.111129,-0.950417,117.138634,0.000000
258642,-0.027831,0.899246,-0.234128,-0.082299,0.278739,-0.112522,-0.950195,118.893013,0.000000
258646,-0.028467,0.899132,-0.233939,-0.083513,0.278852,-0.114493,-0.949820,120.657692,0.000000
258649,-0.028892,0.899047,-0.233829,-0.084262,0.279014,-0.115838,-0.949543,122.405548,0.000000
258652,-0.029268,0.898981,-0.233741,-0.084929,0.279132,-0.116789,-0.949333,124.154778,0.000000
258656,-0.029758,0.898892,-0.233636,-0.085935,0.278747,-0.118550,-0.949137,125.898514,0.000000
258660,-0.030447,0.898772,-0.233477,-0.087122,0.279287,-0.120429,-0.948633,127.643280,0.000000
258660,-0.030447,0.898772,-0.233477,-0.087122,0.279287,-0.120429,-0.948633,129.401093,0.000000
258666,-0.031389,0.898577,-0.233160,-0.089059,0.279187,-0.123123,-0.948137,131.155815,0.000000
258669,-0.031832,0.898476,-0.233014,-0.089858,0.279274,-0.124524,-0.947853,132.907104,0.000000
258673,-0.032365,0.898363,-0.232822,-0.090985,0.279189,-0.126045,-0.947569,134.652901,0.000000
258676,-0.032794,0.898265,-0.232693,-0.091796,0.279000,-0.127476,-0.947356,136.396637,0.000343
258680,-0.033427,0.898134,-0.232525,-0.092901,0.279528,-0.129254,-0.946851,137.966652,0.000000
258684,-0.034011,0.898005,-0.232362,-0.094221,0.279253,-0.131163,-0.946539,139.903679,0.000000
258687,-0.034473,0.897895,-0.232241,-0.095049,0.279316,-0.132353,-0.946272,141.647758,0.000000
258691,-0.035080,0.897772,-0.232097,-0.096002,0.279569,-0.134199,-0.945841,143.403854,0.000000
258694,-0.035468,0.897683,-0.231992,-0.096749,0.279435,-0.135315,-0.945646,145.150681,0.000000
258698,-0.036055,0.897550,-0.231847,-0.097866,0.279209,-0.137188,-0.945328,146.897163,0.000000
258701,-0.036524,0.897442,-0.231722,-0.098763,0.279545,-0.138407,-0.944957,148.468208,0.000000
258705,-0.036998,0.897325,-0.231581,-0.099774,0.279369,-0.140026,-0.944664,150.398369,0.000343
258709,-0.037499,0.897179,-0.231415,-0.100772,0.279520,-0.141657,-0.944271,152.136955,0.000000
258712,-0.037933,0.897052,-0.231276,-0.101747,0.279633,-0.142882,-0.943948,153.892708,0.000000
258716,-0.038464,0.896907,-0.231111,-0.102845,0.279234,-0.144630,-0.943681,155.645027,0.000000
258719,-0.038872,0.896805,-0.230989,-0.103656,0.279334,-0.145851,-0.943375,157.403870,0.000343
258723,-0.039520,0.896639,-0.230828,-0.104927,0.279781,-0.147737,-0.942808,159.145203,0.000000
258726,-0.039959,0.896523,-0.230708,-0.105759,0.279604,-0.149041,-0.942562,160.907135,0.000000
258730,-0.040516,0.896373,-0.230551,-0.106783,0.279579,-0.150650,-0.942198,162.648468,0.000343
258733,-0.040930,0.896268,-0.230459,-0.107433,0.279691,-0.151841,-0.941900,164.400444,0.000343
258737,-0.041419,0.896128,-0.230342,-0.108478,0.279488,-0.153446,-0.941580,165.968399,0.000000
258740,-0.041798,0.896005,-0.230230,-0.109290,0.279285,-0.154851,-0.941317,167.897873,0.000343
258744,-0.042361,0.895844,-0.230061,-0.110408,0.279770,-0.156376,-0.940790,169.639206,0.000000
258747,-0.042702,0.895739,-0.229930,-0.111139,0.279610,-0.157522,-0.940560,171.215401,0.000000
258751,-0.043188,0.895575,-0.229747,-0.112178,0.279313,-0.158962,-0.940283,173.143501,0.000343
258755,-0.043922,0.895343,-0.229500,-0.113736,0.279660,-0.161064,-0.939634,174.906807,0.000343
258758,-0.044447,0.895177,-0.229344,-0.114852,0.279665,-0.162680,-0.939219,176.647110,0.000000
258762,-0.045189,0.894944,-0.229163,-0.116459,0.279377,-0.165256,-0.938657,178.411789,0.000343
258765,-0.046038,0.894695,-0.228960,-0.117906,0.279408,-0.167764,-0.938022,180.166168,0.000000
258769,-0.046633,0.894497,-0.228781,-0.119159,0.279221,-0.169591,-0.937590,181.737213,0.000343
258772,-0.046924,0.894445,-0.228721,-0.119444,0.279223,-0.170270,-0.937430,183.642998,0.000343
258776,-0.047519,0.894207,-0.228496,-0.120724,0.279480,-0.172203,-0.936836,185.389824,0.000000
258779,-0.047936,0.894060,-0.228365,-0.121797,0.279146,-0.173561,-0.936546,187.128410,0.000000
258783,-0.048868,0.893711,-0.228071,-0.123695,0.278913,-0.177091,-0.935706,188.882446,0.000000
258787,-0.049574,0.893470,-0.227850,-0.124988,0.279132,-0.179137,-0.935079,190.648842,0.000343
258790,-0.049895,0.893377,-0.227764,-0.125648,0.279068,-0.179825,-0.934878,192.244263,0.000000
258794,-0.050501,0.893157,-0.227590,-0.126889,0.278972,-0.181598,-0.934396,194.149361,0.000343
258797,-0.051089,0.892948,-0.227492,-0.128084,0.278629,-0.183474,-0.933969,195.885887,0.000343
258801,-0.052159,0.892577,-0.227273,-0.130181,0.278634,-0.186698,-0.933038,197.644043,0.000343
258804,-0.052641,0.892399,-0.227144,-0.131125,0.278640,-0.188038,-0.932635,199.377823,0.000000
258808,-0.053026,0.892282,-0.227057,-0.131624,0.278906,-0.189050,-0.932280,200.922775,0.000343
258811,-0.053336,0.892106,-0.226890,-0.132615,0.278686,-0.190092,-0.931994,202.812767,0.000000
258815,-0.053962,0.891844,-0.226708,-0.134118,0.278194,-0.192650,-0.931400,204.540710,0.000343
258818,-0.054813,0.891502,-0.226441,-0.135827,0.278546,-0.195309,-0.930493,206.249084,0.000343
258822,-0.055423,0.891253,-0.226225,-0.136934,0.278432,-0.196979,-0.930013,207.984581,0.000343
258826,-0.055872,0.891108,-0.226089,-0.137621,0.278353,-0.198075,-0.929702,209.707718,0.000343
258829,-0.056437,0.890863,-0.225900,-0.138891,0.278283,-0.199784,-0.929168,211.415405,0.000343
258833,-0.057362,0.890537,-0.225781,-0.140567,0.278132,-0.202660,-0.928338,213.120689,0.000343
258836,-0.057953,0.890282,-0.225658,-0.141817,0.278116,-0.204328,-0.927787,214.809837,0.000343
258840,-0.058379,0.890123,-0.225606,-0.142557,0.278225,-0.205622,-0.927355,216.298828,0.000343
258843,-0.058625,0.890031,-0.225518,-0.142992,0.278083,-0.206443,-0.927148,218.132515,0.000000
258847,-0.059178,0.889728,-0.225277,-0.144562,0.278061,-0.208209,-0.926517,219.809990,0.000000
258850,-0.059857,0.889409,-0.225091,-0.145990,0.278028,-0.210637,-0.925753,221.314774,0.000343
258854,-0.060769,0.888965,-0.224746,-0.148093,0.277938,-0.213469,-0.924797,223.147087,0.000343
258858,-0.061110,0.888834,-0.224625,-0.148695,0.277921,-0.214385,-0.924494,224.793663,0.000343
258861,-0.061424,0.888706,-0.224534,-0.149158,0.277913,-0.215324,-0.924203,226.411057,0.000343
258865,-0.062086,0.888405,-0.224398,-0.150501,0.277524,-0.217401,-0.923616,228.033600,0.000343
258868,-0.062798,0.888117,-0.224327,-0.151714,0.277351,-0.219773,-0.922908,229.655800,0.000343
258872,-0.063623,0.887758,-0.224151,-0.153215,0.277450,-0.222426,-0.921994,231.259460,0.000343
258875,-0.063918,0.887650,-0.224112,-0.153748,0.277313,-0.223342,-0.921725,232.845268,0.000343
258879,-0.064362,0.887460,-0.223970,-0.154595,0.277053,-0.224727,-0.921325,234.418030,0.000343
258882,-0.064843,0.887208,-0.223805,-0.155581,0.277481,-0.225934,-0.920735,235.822220,0.000343
258886,-0.065603,0.886821,-0.223577,-0.157183,0.276964,-0.228834,-0.919902,237.539864,0.000000
258889,-0.065978,0.886608,-0.223406,-0.158211,0.276874,-0.230012,-0.919459,239.083786,0.000000
258893,-0.066327,0.886423,-0.223290,-0.158892,0.277082,-0.230986,-0.919035,240.616379,0.000343
258897,-0.066774,0.886174,-0.223131,-0.160003,0.276588,-0.232358,-0.918645,242.132835,0.000343
258900,-0.067265,0.885937,-0.223062,-0.161003,0.276299,-0.234044,-0.918129,243.633156,0.000343
258904,-0.068044,0.885565,-0.222932,-0.162484,0.276784,-0.236138,-0.917185,245.131416,0.000343
258907,-0.068399,0.885413,-0.222881,-0.163012,0.276669,-0.237409,-0.916798,246.598434,0.000687
258911,-0.068783,0.885231,-0.222778,-0.163856,0.276464,-0.238500,-0.916426,248.059273,0.000343
258914,-0.069155,0.885031,-0.222658,-0.164608,0.276430,-0.239661,-0.915998,249.498482,0.000343
258918,-0.069752,0.884697,-0.222449,-0.166021,0.276234,-0.241708,-0.915265,250.777016,0.000343
258921,-0.070109,0.884455,-0.222291,-0.167029,0.275940,-0.242963,-0.914837,252.190132,0.000000
258925,-0.070398,0.884257,-0.222149,-0.167761,0.276052,-0.243891,-0.914423,253.732338,0.000343
258929,-0.070657,0.884112,-0.222034,-0.168410,0.275551,-0.245025,-0.914151,255.107002,0.000343
258932,-0.070977,0.883932,-0.221949,-0.169089,0.275374,-0.246051,-0.913804,256.454887,0.000343
258936,-0.071831,0.883510,-0.221784,-0.170548,0.275552,-0.248837,-0.912724,257.807236,0.000343
258939,-0.072316,0.883255,-0.221684,-0.171455,0.275433,-0.250115,-0.912240,259.000282,0.000343
258943,-0.072717,0.883070,-0.221607,-0.172212,0.275399,-0.251216,-0.911805,260.444298,0.000343
258946,-0.073062,0.882869,-0.221526,-0.173071,0.275426,-0.252123,-0.911384,261.716652,0.000343
258950,-0.073461,0.882634,-0.221427,-0.174002,0.274976,-0.253814,-0.910873,262.981453,0.000343
258953,-0.073935,0.882358,-0.221304,-0.175044,0.274919,-0.255409,-0.910245,264.227028,0.000343
258957,-0.074372,0.882050,-0.221129,-0.176118,0.275271,-0.256727,-0.909560,265.449257,0.000343
258961,-0.074492,0.881968,-0.221030,-0.176450,0.274917,-0.257201,-0.909469,266.645737,0.000000
258964,-0.074751,0.881797,-0.220911,-0.177080,0.274813,-0.258065,-0.909133,267.721710,0.000343
258968,-0.075299,0.881490,-0.220783,-0.178259,0.274919,-0.259667,-0.908414,268.999214,0.000343
258971,-0.075623,0.881306,-0.220735,-0.178939,0.274733,-0.260873,-0.907991,270.136986,0.000343
258975,-0.076099,0.881063,-0.220661,-0.179944,0.274657,-0.262123,-0.907455,271.257248,0.000343
258978,-0.076529,0.880830,-0.220580,-0.180737,0.274550,-0.263545,-0.906918,272.355537,0.000343
258982,-0.077031,0.880545,-0.220447,-0.181755,0.274106,-0.265180,-0.906372,273.444901,0.000000
258986,-0.077509,0.880279,-0.220323,-0.182742,0.274328,-0.266741,-0.905648,274.501991,0.000343
258989,-0.077776,0.880102,-0.220223,-0.183291,0.274310,-0.267577,-0.905296,275.527153,0.000343
258993,-0.078068,0.879849,-0.220054,-0.184290,0.273724,-0.268983,-0.904854,276.488113,0.000343
258996,-0.078291,0.879682,-0.219962,-0.184885,0.273701,-0.269782,-0.904502,277.361870,0.000000
259000,-0.078613,0.879461,-0.219856,-0.185602,0.273903,-0.270965,-0.903940,278.404541,0.000343
259003,-0.078848,0.879314,-0.219778,-0.186124,0.273720,-0.271787,-0.903641,279.333229,0.000343
259006,-0.079143,0.879125,-0.219692,-0.186762,0.273525,-0.272762,-0.903275,280.263290,0.000343
259010,-0.079650,0.878820,-0.219612,-0.187708,0.273556,-0.274241,-0.902621,281.152153,0.000343
259014,-0.079992,0.878643,-0.219562,-0.188308,0.273238,-0.275469,-0.902218,281.912956,0.000343
259017,-0.080208,0.878517,-0.219521,-0.188764,0.273204,-0.276127,-0.901932,282.818298,0.000343
259021,-0.080517,0.878315,-0.219439,-0.189488,0.273471,-0.277092,-0.901403,283.593864,0.000343
259025,-0.080705,0.878172,-0.219331,-0.190147,0.273263,-0.277934,-0.901069,284.367027,0.000343
259028,-0.080945,0.877997,-0.219259,-0.190773,0.273334,-0.278802,-0.900646,285.115471,0.000343
259032,-0.081231,0.877768,-0.219138,-0.191410,0.273375,-0.279738,-0.900208,285.827179,0.000000
259035,-0.081303,0.877547,-0.219079,-0.191428,0.273668,-0.280785,-0.899790,286.529961,0.000343
259039,-0.081550,0.877378,-0.218988,-0.192019,0.273614,-0.281399,-0.899488,287.144165,0.000343
259042,-0.081784,0.877239,-0.218938,-0.192403,0.273717,-0.282281,-0.899098,287.877159,0.000343
259046,-0.082031,0.877101,-0.218898,-0.192870,0.273459,-0.283015,-0.898846,288.511276,0.000343
259049,-0.082207,0.877001,-0.218886,-0.193112,0.273337,-0.283632,-0.898636,289.120674,0.000000
259053,-0.082462,0.876834,-0.218845,-0.193653,0.273569,-0.284464,-0.898186,289.713249,0.000343
259056,-0.082624,0.876740,-0.218825,-0.193914,0.273491,-0.285071,-0.897961,290.286942,0.000000
259060,-0.082803,0.876611,-0.218760,-0.194343,0.273271,-0.285691,-0.897739,290.787506,0.000343
259063,-0.082962,0.876477,-0.218679,-0.194791,0.273344,-0.286191,-0.897460,291.345406,0.000343
259067,-0.083139,0.876340,-0.218592,-0.195244,0.273217,-0.286867,-0.897184,291.817474,0.000000
259071,-0.083333,0.876212,-0.218523,-0.195598,0.273131,-0.287617,-0.896894,292.303963,0.000343
259074,-0.083486,0.876114,-0.218494,-0.195911,0.273194,-0.287996,-0.896684,292.801781,0.000343
259078,-0.083660,0.875998,-0.218482,-0.196255,0.272779,-0.288859,-0.896457,293.245354,0.000343
259081,-0.083797,0.875918,-0.218501,-0.196475,0.272847,-0.289190,-0.896282,293.684464,0.000343
259085,-0.084000,0.875798,-0.218499,-0.196801,0.273141,-0.289912,-0.895887,294.047012,0.000343
259088,-0.084124,0.875721,-0.218483,-0.197058,0.273061,-0.290344,-0.895716,294.462090,0.000343
259092,-0.084275,0.875612,-0.218431,-0.197363,0.272888,-0.290904,-0.895519,294.833565,0.000343
259096,-0.084441,0.875484,-0.218367,-0.197677,0.272995,-0.291395,-0.895258,295.176201,0.000343
259099,-0.084523,0.875412,-0.218309,-0.197896,0.272795,-0.291894,-0.895108,295.523987,0.000343
259103,-0.084635,0.875315,-0.218243,-0.198233,0.272934,-0.292103,-0.894923,295.832291,0.000343
259106,-0.084728,0.875248,-0.218219,-0.198410,0.272921,-0.292556,-0.894739,296.145744,0.000000
259110,-0.084783,0.875196,-0.218199,-0.198654,0.272682,-0.292793,-0.894681,296.416283,0.000343
259113,-0.084864,0.875144,-0.218199,-0.198766,0.272582,-0.293115,-0.894581,296.739006,0.000343
259117,-0.084999,0.875045,-0.218185,-0.199089,0.272893,-0.293403,-0.894320,297.010574,0.000343
259120,-0.085085,0.874995,-0.218183,-0.199177,0.272769,-0.293763,-0.894219,297.261543,0.000343
259124,-0.085165,0.874942,-0.218167,-0.199355,0.272575,-0.293933,-0.894183,297.461357,0.000343
259127,-0.085241,0.874886,-0.218147,-0.199510,0.272665,-0.294199,-0.894034,297.699966,0.000343
259131,-0.085297,0.874843,-0.218119,-0.199677,0.272533,-0.294381,-0.893977,297.902870,0.000343
259134,-0.085322,0.874811,-0.218097,-0.199814,0.272493,-0.294514,-0.893915,298.090668,0.000343
259138,-0.085403,0.874744,-0.218071,-0.199986,0.272677,-0.294801,-0.893726,298.271942,0.000000
259142,-0.085428,0.874718,-0.218056,-0.200103,0.272303,-0.295106,-0.893713,298.439140,0.000343
259145,-0.085456,0.874699,-0.218048,-0.200146,0.272309,-0.295123,-0.893696,298.578186,0.000343
259149,-0.085578,0.874629,-0.218035,-0.200368,0.272589,-0.295399,-0.893469,298.727188,0.000343
259152,-0.085615,0.874611,-0.218024,-0.200422,0.272461,-0.295433,-0.893485,298.874474,0.000343
259156,-0.085657,0.874590,-0.218004,-0.200488,0.272335,-0.295642,-0.893440,299.028969,0.000343
259159,-0.085696,0.874559,-0.218000,-0.200570,0.272477,-0.295725,-0.893350,299.152222,0.000343
259163,-0.085711,0.874538,-0.217991,-0.200607,0.272309,-0.295973,-0.893311,299.236336,0.000343
259166,-0.085697,0.874538,-0.217987,-0.200651,0.272232,-0.295946,-0.893333,299.337959,0.000343
259170,-0.085749,0.874492,-0.217977,-0.200780,0.272577,-0.296113,-0.893144,299.419327,0.000343
259174,-0.085731,0.874496,-0.217971,-0.200800,0.272322,-0.295975,-0.893263,299.497604,0.000343
259177,-0.085758,0.874481,-0.217966,-0.200814,0.272277,-0.296153,-0.893215,299.570732,0.000343
259181,-0.085824,0.874445,-0.217956,-0.200937,0.272567,-0.296161,-0.893096,299.642830,0.000343
259184,-0.085846,0.874438,-0.217951,-0.200957,0.272441,-0.296408,-0.893048,299.706001,0.000343
259188,-0.085867,0.874426,-0.217933,-0.201050,0.272353,-0.296283,-0.893095,299.760933,0.000343
259191,-0.085928,0.874388,-0.217936,-0.201096,0.272433,-0.296554,-0.892971,299.814491,0.000343
259195,-0.085922,0.874392,-0.217933,-0.201151,0.272290,-0.296491,-0.893023,299.845734,0.000343
259198,-0.085928,0.874382,-0.217924,-0.201143,0.272253,-0.296642,-0.892986,299.870796,0.000343
259202,-0.085980,0.874342,-0.217921,-0.201266,0.272524,-0.296668,-0.892867,299.896545,0.000343
259206,-0.085959,0.874357,-0.217925,-0.201240,0.272139,-0.296839,-0.892933,299.916115,0.000000
259209,-0.085969,0.874351,-0.217922,-0.201270,0.272254,-0.296719,-0.892931,299.935341,0.000343
259213,-0.086028,0.874316,-0.217924,-0.201355,0.272478,-0.297027,-0.892741,299.956970,0.000343
259216,-0.086021,0.874324,-0.217929,-0.201349,0.272401,-0.296918,-0.892802,299.975166,0.000000
259220,-0.086034,0.874313,-0.217931,-0.201353,0.272313,-0.297037,-0.892789,299.990273,0.000343
259223,-0.086047,0.874310,-0.217930,-0.201363,0.272499,-0.296931,-0.892765,300.001602,0.000000
259227,-0.086034,0.874319,-0.217922,-0.201361,0.272210,-0.297134,-0.892786,300.006409,0.000000
259230,-0.086022,0.874324,-0.217913,-0.201347,0.272172,-0.296999,-0.892846,300.009155,0.000343
259234,-0.086074,0.874275,-0.217896,-0.201456,0.272505,-0.297146,-0.892671,300.010185,0.000343
259237,-0.086065,0.874280,-0.217878,-0.201461,0.272458,-0.297118,-0.892693,300.010185,0.000343
259241,-0.086031,0.874299,-0.217875,-0.201421,0.272200,-0.297093,-0.892789,300.009842,0.000000
259245,-0.086064,0.874274,-0.217882,-0.201477,0.272499,-0.296999,-0.892717,300.010185,0.000000
259248,-0.086058,0.874287,-0.217891,-0.201434,0.272317,-0.297176,-0.892723,300.010185,0.000343
259252,-0.086048,0.874297,-0.217910,-0.201404,0.272359,-0.297007,-0.892773,300.010185,0.000343
259255,-0.086086,0.874278,-0.217916,-0.201438,0.272411,-0.297184,-0.892691,300.010185,0.000343
259259,-0.086057,0.874302,-0.217929,-0.201409,0.272294,-0.297017,-0.892789,300.010529,0.000343
259262,-0.086063,0.874302,-0.217925,-0.201445,0.272192,-0.297101,-0.892783,300.010185,0.000000
259266,-0.086101,0.874266,-0.217916,-0.201530,0.272543,-0.297022,-0.892683,300.010185,0.000000
259269,-0.086095,0.874268,-0.217909,-0.201495,0.272475,-0.297142,-0.892672,300.010185,0.000343
259273,-0.086043,0.874295,-0.217894,-0.201429,0.272232,-0.296999,-0.892809,300.010185,0.000343
259276,-0.086051,0.874283,-0.217890,-0.201496,0.272371,-0.297067,-0.892729,300.009499,0.000000
259280,-0.086053,0.874274,-0.217888,-0.201500,0.272381,-0.297074,-0.892723,300.009842,0.000343
259284,-0.086060,0.874273,-0.217883,-0.201500,0.272318,-0.297211,-0.892696,300.009842,0.000000
259287,-0.086077,0.874266,-0.217893,-0.201502,0.272491,-0.296985,-0.892718,300.009155,0.000343
259291,-0.086065,0.874282,-0.217889,-0.201468,0.272160,-0.297268,-0.892733,300.009155,0.000000
259294,-0.086067,0.874291,-0.217893,-0.201486,0.272180,-0.297103,-0.892777,300.008469,0.000343
259298,-0.086116,0.874260,-0.217900,-0.201484,0.272445,-0.297318,-0.892625,300.007095,0.000343
259301,-0.086107,0.874260,-0.217902,-0.201545,0.272464,-0.297192,-0.892648,300.005722,0.000343
259305,-0.086072,0.874282,-0.217902,-0.201447,0.272194,-0.297232,-0.892739,300.004005,0.000343
259305,-0.086072,0.874282,-0.217902,-0.201447,0.272194,-0.297232,-0.892739,300.002632,0.000343
259305,-0.086072,0.874282,-0.217902,-0.201447,0.272194,-0.297232,-0.892739,300.001259,0.000343
259305,-0.086072,0.874282,-0.217902,-0.201447,0.272194,-0.297232,-0.892739,299.999542,0.000000
259305,-0.086072,0.874282,-0.217902,-0.201447,0.272194,-0.297232,-0.892739,299.997826,0.000000
259305,-0.086072,0.874282,-0.217902,-0.201447,0.272194,-0.297232,-0.892739,299.996796,0.000343
259305,-0.086072,0.874282,-0.217902,-0.201447,0.272194,-0.297232,-0.892739,299.995422,0.000343
259305,-0.086072,0.874282,-0.217902,-0.201447,0.272194,-0.297232,-0.892739,299.995079,0.000000
259305,-0.086072,0.874282,-0.217902,-0.201447,0.272194,-0.297232,-0.892739,299.994736,0.000343
259305,-0.086072,0.874282,-0.217902,-0.201447,0.272194,-0.297232,-0.892739,299.994049,0.000343
259305,-0.086072,0.874282,-0.217902,-0.201447,0.272194,-0.297232,-0.892739,299.994736,0.000000
259305,-0.086072,0.874282,-0.217902,-0.201447,0.272194,-0.297232,-0.892739,299.994392,0.000000
259305,-0.086072,0.874282,-0.217902,-0.201447,0.272194,-0.297232,-0.892739,299.994392,0.000343
259305,-0.086072,0.874282,-0.217902,-0.201447,0.272194,-0.297232,-0.892739,299.994736,0.000343
259305,-0.086072,0.874282,-0.217902,-0.201447,0.272194,-0.297232,-0.892739,299.994392,0.000343
259305,-0.086072,0.874282,-0.217902,-0.201447,0.272194,-0.297232,-0.892739,299.994392,0.000343
259305,-0.086072,0.874282,-0.217902,-0.201447,0.272194,-0.297232,-0.892739,299.994392,0.000343
259305,-0.086072,0.874282,-0.217902,-0.201447,0.272194,-0.297232,-0.892739,299.994736,0.000000
259305,-0.086072,0.874282,-0.217902,-0.201447,0.272194,-0.297232,-0.892739,299.994736,0.000343
259305,-0.086072,0.874282,-0.217902,-0.201447,0.272194,-0.297232,-0.892739,299.994736,0.000343
259305,-0.086072,0.874282,-0.217902,-0.201447,0.272194,-0.297232,-0.892739,299.994736,0.000343
259305,-0.086072,0.874282,-0.217902,-0.201447,0.272194,-0.297232,-0.892739,299.994392,0.000343
259305,-0.086072,0.874282,-0.217902,-0.201447,0.272194,-0.297232,-0.892739,299.994736,0.000343
259305,-0.086072,0.874282,-0.217902,-0.201447,0.272194,-0.297232,-0.892739,299.994736,0.000000
259305,-0.086072,0.874282,-0.217902,-0.201447,0.272194,-0.297232,-0.892739,299.994736,0.000343
259305,-0.086072,0.874282,-0.217902,-0.201447,0.272194,-0.297232,-0.892739,299.994736,0.000000
259305,-0.086072,0.874282,-0.217902,-0.201447,0.272194,-0.297232,-0.892739,299.994392,0.000343
259305,-0.086072,0.874282,-0.217902,-0.201447,0.272194,-0.297232,-0.892739,299.994736,0.000000
259305,-0.086072,0.874282,-0.217902,-0.201447,0.272194,-0.297232,-0.892739,299.994736,0.000343
259305,-0.086072,0.874282,-0.217902,-0.201447,0.272194,-0.297232,-0.892739,299.994736,0.000343
259412,-0.086084,0.874254,-0.217891,-0.201523,0.272434,-0.297174,-0.892668,299.994736,0.000000
259415,-0.086095,0.874249,-0.217896,-0.201551,0.272579,-0.297060,-0.892655,299.994736,0.000343
259418,-0.086106,0.874238,-0.217897,-0.201546,0.272467,-0.297232,-0.892634,299.994736,0.000000
259422,-0.086052,0.874283,-0.217902,-0.201465,0.272225,-0.297067,-0.892780,299.994736,0.000000
259426,-0.086095,0.874248,-0.217905,-0.201522,0.272435,-0.297305,-0.892624,299.995079,0.000000
259429,-0.086079,0.874259,-0.217903,-0.201493,0.272376,-0.297116,-0.892711,299.994736,0.000000
259433,-0.086070,0.874264,-0.217903,-0.201502,0.272291,-0.297212,-0.892703,299.995079,0.000343
259436,-0.086084,0.874251,-0.217903,-0.201601,0.272534,-0.297065,-0.892656,299.994736,0.000343
259440,-0.086064,0.874267,-0.217897,-0.201498,0.272189,-0.297281,-0.892713,299.995079,0.000000
259443,-0.086040,0.874286,-0.217898,-0.201463,0.272192,-0.297105,-0.892778,299.995422,0.000000
259447,-0.086096,0.874245,-0.217894,-0.201509,0.272429,-0.297364,-0.892609,299.995422,0.000000
259451,-0.086049,0.874278,-0.217891,-0.201493,0.272197,-0.297190,-0.892742,299.995422,0.000000
259454,-0.086062,0.874275,-0.217882,-0.201489,0.272193,-0.297260,-0.892720,299.995766,0.000000
259458,-0.086107,0.874241,-0.217880,-0.201603,0.272521,-0.297220,-0.892608,299.995766,0.000000
259461,-0.086090,0.874255,-0.217880,-0.201552,0.272339,-0.297301,-0.892648,299.995766,0.000000
259465,-0.086075,0.874262,-0.217879,-0.201498,0.272343,-0.297144,-0.892711,299.995766,0.000000
259468,-0.086091,0.874251,-0.217890,-0.201509,0.272408,-0.297323,-0.892629,299.996109,0.000343
259472,-0.086053,0.874276,-0.217904,-0.201494,0.272266,-0.297123,-0.892742,299.995766,0.000343
259475,-0.086057,0.874274,-0.217905,-0.201505,0.272139,-0.297268,-0.892731,299.996452,0.000000
259479,-0.086099,0.874254,-0.217910,-0.201525,0.272553,-0.297098,-0.892656,299.996109,0.000000
259482,-0.086116,0.874240,-0.217907,-0.201560,0.272477,-0.297306,-0.892602,299.996796,0.000343
259486,-0.086083,0.874267,-0.217903,-0.201491,0.272222,-0.297121,-0.892758,299.997139,0.000000
259490,-0.086113,0.874249,-0.217903,-0.201482,0.272423,-0.297282,-0.892645,299.997139,0.000000
259493,-0.086077,0.874270,-0.217903,-0.201509,0.272390,-0.297144,-0.892694,299.997482,0.000000
259497,-0.086058,0.874262,-0.217894,-0.201523,0.272397,-0.297163,-0.892683,299.997826,0.000000
259500,-0.086065,0.874245,-0.217881,-0.201537,0.272508,-0.297008,-0.892697,299.997826,0.000000
259500,-0.086065,0.874245,-0.217881,-0.201537,0.272508,-0.297008,-0.892697,299.997826,0.000000
259500,-0.086065,0.874245,-0.217881,-0.201537,0.272508,-0.297008,-0.892697,299.997826,0.000000
259500,-0.086065,0.874245,-0.217881,-0.201537,0.272508,-0.297008,-0.892697,299.997826,0.000000
259500,-0.086065,0.874245,-0.217881,-0.201537,0.272508,-0.297008,-0.892697,299.997826,0.000000
259500,-0.086065,0.874245,-0.217881,-0.201537,0.272508,-0.297008,-0.892697,299.997826,0.000000
259500,-0.086065,0.874245,-0.217881,-0.201537,0.272508,-0.297008,-0.892697,299.997826,0.000000
259500,-0.086065,0.874245,-0.217881,-0.201537,0.272508,-0.297008,-0.892697,299.997826,0.000000
259500,-0.086065,0.874245,-0.217881,-0.201537,0.272508,-0.297008,-0.892697,299.997826,0.000000
259500,-0.086065,0.874245,-0.217881,-0.201537,0.272508,-0.297008,-0.892697,299.997826,0.000000
259500,-0.086065,0.874245,-0.217881,-0.201537,0.272508,-0.297008,-0.892697,299.997826,0.000000
259500,-0.086065,0.874245,-0.217881,-0.201537,0.272508,-0.297008,-0.892697,299.997826,0.000000
259500,-0.086065,0.874245,-0.217881,-0.201537,0.272508,-0.297008,-0.892697,299.997826,0.000000
259500,-0.086065,0.874245,-0.217881,-0.201537,0.272508,-0.297008,-0.892697,299.997826,0.000000
259500,-0.086065,0.874245,-0.217881,-0.201537,0.272508,-0.297008,-0.892697,299.997826,0.000000
259500,-0.086065,0.874245,-0.217881,-0.201537,0.272508,-0.297008,-0.892697,299.997826,0.000000
259500,-0.086065,0.874245,-0.217881,-0.201537,0.272508,-0.297008,-0.892697,299.997826,0.000000
259500,-0.086065,0.874245,-0.217881,-0.201537,0.272508,-0.297008,-0.892697,299.997826,0.000000
