0,0.000000,0.000000,0.000000,0.000000,0.000000,0.000000,0.000000,0.000000,0.000000
0,0.000000,0.000000,0.000000,0.000000,0.000000,0.000000,0.000000,0.000000,0.000000
0,0.000000,0.000000,0.000000,0.000000,0.000000,0.000000,0.000000,0.000000,0.000000
0,0.000000,0.000000,0.000000,0.000000,0.000000,0.000000,0.000000,0.000000,0.000000
0,0.000000,0.000000,0.000000,0.000000,0.000000,0.000000,0.000000,0.000000,0.000000
0,0.000000,0.000000,0.000000,0.000000,0.000000,0.000000,0.000000,0.000000,0.000000
0,0.000000,0.000000,0.000000,0.000000,0.000000,0.000000,0.000000,0.000000,0.000000
0,0.000000,0.000000,0.000000,0.000000,0.000000,0.000000,0.000000,0.000000,0.000000
0,0.000000,0.000000,0.000000,0.000000,0.000000,0.000000,0.000000,0.000000,0.000000
0,0.000000,0.000000,0.000000,0.000000,0.000000,0.000000,0.000000,0.000000,0.000000
0,0.000000,0.000000,0.000000,0.000000,0.000000,0.000000,0.000000,0.000000,0.000000
0,0.000000,0.000000,0.000000,0.000000,0.000000,0.000000,0.000000,0.000000,0.000000
0,0.000000,0.000000,0.000000,0.000000,0.000000,0.000000,0.000000,0.000000,0.000000
0,0.000000,0.000000,0.000000,0.000000,0.000000,0.000000,0.000000,0.000000,0.000000
0,0.000000,0.000000,0.000000,0.000000,0.000000,0.000000,0.000000,0.000000,0.000000
0,0.000000,0.000000,0.000000,0.000000,0.000000,0.000000,0.000000,0.000000,0.000000
0,0.000000,0.000000,0.000000,0.000000,0.000000,0.000000,0.000000,0.000000,0.000000
0,0.000000,0.000000,0.000000,0.000000,0.000000,0.000000,0.000000,0.000000,0.000000
0,0.000000,0.000000,0.000000,0.000000,0.000000,0.000000,0.000000,0.000000,0.000000
0,0.000000,0.000000,0.000000,0.000000,0.000000,0.000000,0.000000,0.000000,0.000000
0,0.000000,0.000000,0.000000,0.000000,0.000000,0.000000,0.000000,0.000000,0.000000
0,0.000000,0.000000,0.000000,0.000000,0.000000,0.000000,0.000000,0.000000,0.000000
323922,-0.000494,0.901638,-0.242234,-0.028809,0.274470,-0.030511,-0.960680,-0.000343,0.000687
323925,-0.000506,0.901637,-0.242234,-0.028855,0.274474,-0.030599,-0.960674,-0.000343,0.000343
323929,-0.000430,0.901632,-0.242246,-0.028823,0.274007,-0.030400,-0.960815,-0.000687,0.000687
323932,-0.000451,0.901628,-0.242230,-0.028842,0.274157,-0.030403,-0.960772,-0.000343,0.000687
323936,-0.000487,0.901625,-0.242208,-0.028835,0.274306,-0.030611,-0.960722,-0.000687,0.000687
323939,-0.000457,0.901625,-0.242210,-0.028831,0.274165,-0.030396,-0.960770,-0.000343,0.000687
323943,-0.000497,0.901623,-0.242193,-0.028844,0.274275,-0.030591,-0.960732,-0.000687,0.000687
323946,-0.000507,0.901626,-0.242197,-0.028852,0.274470,-0.030440,-0.960681,-0.000343,0.000687
323950,-0.000462,0.901623,-0.242225,-0.028822,0.273976,-0.030547,-0.960819,-0.000343,0.000687
323954,-0.000534,0.901635,-0.242225,-0.028855,0.274348,-0.030855,-0.960702,-0.000687,0.000687
323957,-0.000528,0.901638,-0.242238,-0.028811,0.274369,-0.030780,-0.960700,-0.000687,0.000687
323961,-0.000477,0.901630,-0.242251,-0.028837,0.273964,-0.030668,-0.960818,-0.000343,0.000687
323964,-0.000480,0.901633,-0.242248,-0.028873,0.274119,-0.030632,-0.960774,0.000000,0.000343
323968,-0.000487,0.901628,-0.242239,-0.028855,0.274315,-0.030752,-0.960715,-0.000343,0.000687
323971,-0.000452,0.901625,-0.242232,-0.028873,0.274090,-0.030699,-0.960780,-0.000343,0.000687
323975,-0.000461,0.901632,-0.242219,-0.028846,0.274320,-0.030683,-0.960716,-0.000343,0.000687
323979,-0.000429,0.901628,-0.242219,-0.028848,0.274119,-0.030364,-0.960783,-0.000343,0.000687
323982,-0.000429,0.901622,-0.242213,-0.028869,0.273987,-0.030510,-0.960816,-0.000343,0.000687
323986,-0.000494,0.901629,-0.242209,-0.028801,0.274482,-0.030492,-0.960677,-0.000343,0.000687
323989,-0.000519,0.901626,-0.242204,-0.028886,0.274469,-0.030643,-0.960673,-0.000343,0.000687
323993,-0.000460,0.901627,-0.242226,-0.028844,0.274070,-0.030374,-0.960797,-0.000343,0.000687
323996,-0.000490,0.901626,-0.242227,-0.028852,0.274214,-0.030490,-0.960752,-0.000343,0.000343
324000,-0.000504,0.901624,-0.242229,-0.028832,0.274279,-0.030528,-0.960733,-0.000343,0.000343
324003,-0.000467,0.901626,-0.242238,-0.028850,0.274111,-0.030409,-0.960784,-0.000343,0.000687
324007,-0.000499,0.901625,-0.242231,-0.028833,0.274361,-0.030535,-0.960709,-0.000687,0.000687
324010,-0.000513,0.901624,-0.242227,-0.028851,0.274510,-0.030526,-0.960666,-0.000343,0.000343
324014,-0.000451,0.901622,-0.242244,-0.028845,0.274005,-0.030430,-0.960814,-0.000343,0.000687
324018,-0.000529,0.901627,-0.242231,-0.028876,0.274403,-0.030943,-0.960683,-0.000343,0.000687
324021,-0.000518,0.901623,-0.242244,-0.028851,0.274386,-0.030716,-0.960696,-0.000687,0.000343
324025,-0.000474,0.901623,-0.242259,-0.028853,0.274024,-0.030712,-0.960799,-0.000343,0.000343
324028,-0.000492,0.901627,-0.242256,-0.028831,0.274177,-0.030659,-0.960758,-0.000343,0.000687
324032,-0.000500,0.901632,-0.242260,-0.028881,0.274262,-0.030793,-0.960728,-0.000687,0.000343
324035,-0.000478,0.901624,-0.242255,-0.028863,0.274070,-0.030647,-0.960788,-0.000343,0.000687
324039,-0.000508,0.901631,-0.242228,-0.028856,0.274341,-0.030784,-0.960706,-0.000343,0.000687
324042,-0.000517,0.901629,-0.242218,-0.028889,0.274392,-0.030831,-0.960689,-0.000343,0.000687
324046,-0.000462,0.901617,-0.242203,-0.028879,0.273965,-0.030601,-0.960819,-0.000343,0.000687
324049,-0.000471,0.901619,-0.242210,-0.028878,0.273973,-0.030647,-0.960815,-0.000343,0.000343
324053,-0.000532,0.901624,-0.242208,-0.028889,0.274432,-0.030669,-0.960683,-0.000343,0.000343
324057,-0.000477,0.901626,-0.242241,-0.028826,0.274083,-0.030355,-0.960795,-0.000343,0.000343
324060,-0.000508,0.901630,-0.242263,-0.028818,0.274215,-0.030515,-0.960752,-0.000343,0.000687
324064,-0.000516,0.901632,-0.242274,-0.028863,0.274256,-0.030476,-0.960740,-0.000343,0.000687
324067,-0.000496,0.901634,-0.242277,-0.028827,0.274061,-0.030514,-0.960796,-0.000343,0.000343
324071,-0.000536,0.901633,-0.242247,-0.028834,0.274454,-0.030558,-0.960682,-0.000343,0.000343
324074,-0.000550,0.901627,-0.242219,-0.028880,0.274510,-0.030638,-0.960662,-0.000343,0.000687
324078,-0.000451,0.901618,-0.242206,-0.028837,0.273982,-0.030374,-0.960822,-0.000343,0.000343
324081,-0.000454,0.901617,-0.242189,-0.028825,0.274079,-0.030348,-0.960796,-0.000343,0.000687
324085,-0.000488,0.901620,-0.242182,-0.028894,0.274353,-0.030587,-0.960708,-0.000343,0.000687
324089,-0.000466,0.901626,-0.242213,-0.028843,0.274023,-0.030704,-0.960800,-0.000343,0.000687
324092,-0.000509,0.901618,-0.242225,-0.028841,0.274217,-0.030578,-0.960749,-0.000343,0.000343
324095,-0.000546,0.901629,-0.242244,-0.028804,0.274412,-0.030493,-0.960697,-0.000343,0.000343
324099,-0.000532,0.901627,-0.242283,-0.028822,0.274005,-0.030602,-0.960809,-0.000343,0.000687
324103,-0.000606,0.901634,-0.242274,-0.028830,0.274334,-0.030942,-0.960704,-0.000343,0.000687
324106,-0.000592,0.901634,-0.242273,-0.028821,0.274356,-0.030844,-0.960701,-0.000343,0.000687
324110,-0.000503,0.901626,-0.242262,-0.028851,0.273980,-0.030662,-0.960814,-0.000687,0.000343
324113,-0.000489,0.901620,-0.242240,-0.028853,0.274043,-0.030660,-0.960795,-0.000343,0.000687
324117,-0.000501,0.901620,-0.242209,-0.028885,0.274356,-0.030732,-0.960703,-0.000343,0.000687
324120,-0.000466,0.901616,-0.242198,-0.028879,0.274132,-0.030708,-0.960768,-0.000343,0.000687
324124,-0.000478,0.901623,-0.242192,-0.028871,0.274280,-0.030574,-0.960730,-0.000343,0.000687
324128,-0.000480,0.901619,-0.242209,-0.028871,0.274170,-0.030316,-0.960770,-0.000343,0.000343
324131,-0.000493,0.901615,-0.242230,-0.028878,0.273994,-0.030518,-0.960813,-0.000343,0.000343
324135,-0.000566,0.901627,-0.242250,-0.028820,0.274455,-0.030551,-0.960682,-0.000343,0.000343
324138,-0.000585,0.901632,-0.242262,-0.028874,0.274505,-0.030654,-0.960663,-0.000343,0.000687
324142,-0.000512,0.901628,-0.242291,-0.028814,0.274029,-0.030463,-0.960807,-0.000343,0.000343
324145,-0.000516,0.901630,-0.242281,-0.028822,0.274158,-0.030450,-0.960770,-0.000343,0.000687
324149,-0.000531,0.901623,-0.242256,-0.028837,0.274301,-0.030595,-0.960724,-0.000343,0.000343
324152,-0.000486,0.901621,-0.242251,-0.028871,0.274166,-0.030395,-0.960768,-0.000343,0.000687
324156,-0.000513,0.901619,-0.242221,-0.028855,0.274335,-0.030555,-0.960715,-0.000343,0.000687
324159,-0.000530,0.901618,-0.242204,-0.028873,0.274469,-0.030480,-0.960679,-0.000343,0.006523
324163,-0.000462,0.901623,-0.242222,-0.028846,0.273986,-0.030510,-0.960817,-0.000343,0.014076
324167,-0.000547,0.901625,-0.242214,-0.028859,0.274383,-0.030887,-0.960691,-0.000343,0.038795
324170,-0.000538,0.901625,-0.242229,-0.028872,0.274366,-0.030757,-0.960700,-0.000343,0.093727
324174,-0.000489,0.901628,-0.242253,-0.028848,0.273987,-0.030682,-0.960811,-0.000343,0.119133
324177,-0.000509,0.901627,-0.242246,-0.028868,0.274162,-0.030725,-0.960759,-0.000343,0.176468
324181,-0.000519,0.901630,-0.242243,-0.028851,0.274278,-0.030752,-0.960726,-0.000343,0.267105
324184,-0.000494,0.901624,-0.242240,-0.028869,0.274062,-0.030690,-0.960788,-0.000343,0.321350
324188,-0.000519,0.901623,-0.242226,-0.028854,0.274345,-0.030718,-0.960707,-0.000343,0.348473
324192,-0.000467,0.901624,-0.242234,-0.028843,0.274121,-0.030383,-0.960782,-0.000343,0.398598
324195,-0.000459,0.901625,-0.242234,-0.028853,0.273977,-0.030539,-0.960818,-0.000343,0.453873
324199,-0.000514,0.901630,-0.242236,-0.028826,0.274509,-0.030500,-0.960668,-0.000343,0.557556
324202,-0.000526,0.901628,-0.242239,-0.028849,0.274435,-0.030614,-0.960685,-0.000343,0.646477
324206,-0.000470,0.901627,-0.242253,-0.028814,0.274058,-0.030422,-0.960800,-0.000343,0.698662
324209,-0.000492,0.901632,-0.242245,-0.028795,0.274187,-0.030482,-0.960762,-0.000343,0.863113
324213,-0.000510,0.901623,-0.242237,-0.028835,0.274236,-0.030547,-0.960745,-0.000343,0.997353
324216,-0.000478,0.901621,-0.242236,-0.028838,0.274085,-0.030424,-0.960792,-0.000343,1.118202
324220,-0.000516,0.901627,-0.242225,-0.028818,0.274384,-0.030573,-0.960702,-0.000687,1.180687
324224,-0.000475,0.901622,-0.242233,-0.028853,0.273979,-0.030685,-0.960813,-0.000343,1.368828
324227,-0.000450,0.901629,-0.242250,-0.028793,0.273949,-0.030510,-0.960829,-0.000343,1.538429
324230,-0.000457,0.901625,-0.242247,-0.028822,0.274052,-0.030325,-0.960805,-0.000343,1.623230
324234,-0.000514,0.901631,-0.242251,-0.028858,0.274382,-0.030733,-0.960696,-0.000687,1.799011
324238,-0.000480,0.901632,-0.242271,-0.028813,0.274051,-0.030679,-0.960794,-0.000343,1.990929
324241,-0.000514,0.901625,-0.242268,-0.028844,0.274243,-0.030712,-0.960737,-0.000687,2.311592
324245,-0.000504,0.901630,-0.242266,-0.028829,0.274176,-0.030666,-0.960758,-0.000343,2.423172
324248,-0.000482,0.901631,-0.242264,-0.028879,0.274040,-0.030655,-0.960796,-0.000687,2.644272
324252,-0.000529,0.901632,-0.242244,-0.028809,0.274360,-0.030737,-0.960704,-0.000343,3.003044
324255,-0.000530,0.901630,-0.242245,-0.028858,0.274397,-0.030839,-0.960689,-0.000343,3.258133
324259,-0.000459,0.901625,-0.242253,-0.028835,0.274009,-0.030508,-0.960811,-0.000343,3.390999
324263,-0.000509,0.901636,-0.242248,-0.028776,0.274468,-0.030491,-0.960682,-0.000343,3.798523
324266,-0.000504,0.901630,-0.242255,-0.028820,0.274399,-0.030628,-0.960696,-0.000343,4.124680
324269,-0.000493,0.901629,-0.242261,-0.028853,0.274155,-0.030769,-0.960760,-0.000687,4.449463
324273,-0.000480,0.901638,-0.242270,-0.028787,0.274283,-0.030500,-0.960734,-0.000343,4.748497
324277,-0.000482,0.901637,-0.242272,-0.028783,0.274130,-0.030513,-0.960777,-0.000343,5.153961
324280,-0.000460,0.901635,-0.242281,-0.028807,0.274035,-0.030393,-0.960808,-0.000343,5.342445
324284,-0.000507,0.901638,-0.242267,-0.028754,0.274411,-0.030584,-0.960696,-0.000343,5.716324
324288,-0.000455,0.901632,-0.242276,-0.028802,0.273934,-0.030719,-0.960826,-0.000343,6.317825
324291,-0.000434,0.901635,-0.242281,-0.028768,0.273954,-0.030520,-0.960828,-0.000343,6.750069
324294,-0.000449,0.901632,-0.242272,-0.028774,0.274126,-0.030386,-0.960783,-0.000343,6.958809
324298,-0.000491,0.901637,-0.242262,-0.028779,0.274271,-0.030714,-0.960731,-0.000343,7.416115
324302,-0.000467,0.901637,-0.242265,-0.028777,0.274090,-0.030717,-0.960782,-0.000343,8.138466
324305,-0.000497,0.901636,-0.242260,-0.028829,0.274287,-0.030729,-0.960724,-0.000343,8.631477
324308,-0.000501,0.901639,-0.242266,-0.028774,0.274449,-0.030504,-0.960687,-0.000687,8.892746
324312,-0.000445,0.901635,-0.242290,-0.028798,0.273932,-0.030664,-0.960829,-0.000343,9.436913
324316,-0.000502,0.901653,-0.242283,-0.028753,0.274379,-0.030762,-0.960699,-0.000343,9.971466
324319,-0.000505,0.901646,-0.242293,-0.028789,0.274361,-0.030884,-0.960699,-0.000343,10.876465
324323,-0.000447,0.901645,-0.242302,-0.028732,0.273971,-0.030554,-0.960823,-0.000343,11.458397
324326,-0.000470,0.901647,-0.242304,-0.028761,0.274094,-0.030756,-0.960781,-0.000343,11.792450
324330,-0.000494,0.901647,-0.242302,-0.028724,0.274256,-0.030625,-0.960740,-0.000343,12.668953
324333,-0.000474,0.901645,-0.242307,-0.028767,0.274052,-0.030777,-0.960792,-0.000343,13.418083
324337,-0.000474,0.901652,-0.242312,-0.028718,0.274268,-0.030595,-0.960737,-0.000343,13.773422
324341,-0.000453,0.901648,-0.242317,-0.028722,0.274110,-0.030559,-0.960783,-0.000343,14.467621
324344,-0.000425,0.901650,-0.242320,-0.028721,0.274013,-0.030454,-0.960814,-0.000343,15.206795
324348,-0.000484,0.901653,-0.242305,-0.028752,0.274408,-0.030687,-0.960693,-0.000343,15.971375
324351,-0.000483,0.901654,-0.242296,-0.028792,0.274460,-0.030593,-0.960680,-0.000343,17.139015
324355,-0.000418,0.901650,-0.242305,-0.028760,0.273943,-0.030637,-0.960827,-0.000343,17.572632
324358,-0.000441,0.901654,-0.242296,-0.028773,0.274144,-0.030534,-0.960773,-0.000687,18.401756
324362,-0.000470,0.901654,-0.242298,-0.028848,0.274256,-0.030860,-0.960729,-0.000343,19.719772
324365,-0.000450,0.901654,-0.242313,-0.028793,0.274087,-0.030588,-0.960787,-0.000343,20.624084
324369,-0.000509,0.901653,-0.242318,-0.028854,0.274313,-0.030951,-0.960709,-0.000343,21.083450
324373,-0.000481,0.901655,-0.242341,-0.028879,0.274038,-0.030930,-0.960787,-0.000343,22.005272
324376,-0.000477,0.901653,-0.242349,-0.028910,0.273944,-0.030933,-0.960813,-0.000343,23.446198
324379,-0.000469,0.901659,-0.242350,-0.028859,0.274005,-0.030709,-0.960805,-0.000343,24.442177
324383,-0.000526,0.901662,-0.242338,-0.028949,0.274351,-0.031201,-0.960687,-0.000343,25.366745
324387,-0.000469,0.901660,-0.242325,-0.028974,0.274077,-0.030939,-0.960773,-0.000343,26.536446
324390,-0.000487,0.901656,-0.242310,-0.028982,0.274172,-0.031175,-0.960738,-0.000343,27.606583
324394,-0.000492,0.901652,-0.242288,-0.029049,0.274264,-0.031050,-0.960714,-0.000343,28.144913
324397,-0.000477,0.901650,-0.242286,-0.029076,0.274066,-0.031282,-0.960762,-0.000343,29.264145
324401,-0.000516,0.901655,-0.242278,-0.029054,0.274369,-0.031109,-0.960682,-0.000343,30.949173
324405,-0.000498,0.901648,-0.242294,-0.029104,0.274111,-0.031069,-0.960755,-0.000343,32.122993
324408,-0.000498,0.901654,-0.242304,-0.029092,0.274042,-0.031042,-0.960776,-0.000343,32.683983
324412,-0.000584,0.901655,-0.242302,-0.029136,0.274433,-0.031354,-0.960653,-0.000343,33.877029
324415,-0.000581,0.901658,-0.242309,-0.029174,0.274412,-0.031348,-0.960658,-0.000343,35.108185
324419,-0.000535,0.901651,-0.242314,-0.029196,0.274028,-0.031305,-0.960769,-0.000343,36.944962
324422,-0.000554,0.901653,-0.242296,-0.029235,0.274213,-0.031216,-0.960718,-0.000343,38.226242
324426,-0.000547,0.901649,-0.242284,-0.029292,0.274171,-0.031519,-0.960718,-0.000343,38.857613
324429,-0.000516,0.901641,-0.242274,-0.029328,0.274095,-0.031203,-0.960749,-0.000343,40.144386
324433,-0.000568,0.901640,-0.242252,-0.029397,0.274399,-0.031645,-0.960646,-0.000343,42.145271
324436,-0.000581,0.901641,-0.242242,-0.029414,0.274526,-0.031505,-0.960613,-0.000343,43.481827
324440,-0.000548,0.901633,-0.242246,-0.029489,0.273972,-0.031626,-0.960765,-0.000687,44.150963
324444,-0.000631,0.901641,-0.242235,-0.029505,0.274453,-0.031855,-0.960620,-0.000343,45.519791
324447,-0.000641,0.901634,-0.242235,-0.029604,0.274350,-0.031945,-0.960643,-0.000343,47.602730
324450,-0.000628,0.901633,-0.242238,-0.029605,0.274255,-0.031707,-0.960678,-0.000343,49.021339
324454,-0.000649,0.901627,-0.242225,-0.029711,0.274265,-0.031947,-0.960664,-0.000343,50.445442
324458,-0.000654,0.901621,-0.242204,-0.029800,0.274274,-0.031942,-0.960659,-0.000343,51.153717
324461,-0.000633,0.901615,-0.242191,-0.029871,0.274071,-0.032102,-0.960709,-0.000343,52.614555
324465,-0.000681,0.901611,-0.242162,-0.029929,0.274440,-0.032113,-0.960602,-0.000343,54.819031
324468,-0.000705,0.901611,-0.242143,-0.030060,0.274461,-0.032408,-0.960582,-0.000343,55.560608
324472,-0.000666,0.901596,-0.242143,-0.030144,0.274134,-0.032113,-0.960683,-0.000343,57.036552
324476,-0.000760,0.901602,-0.242119,-0.030339,0.274523,-0.032512,-0.960552,-0.000343,58.531380
324479,-0.000779,0.901596,-0.242120,-0.030479,0.274506,-0.032653,-0.960547,-0.000343,60.061226
324483,-0.000782,0.901589,-0.242107,-0.030676,0.274180,-0.032908,-0.960625,-0.000687,61.585236
324486,-0.000832,0.901589,-0.242089,-0.030794,0.274361,-0.032989,-0.960567,-0.000343,63.914680
324490,-0.000866,0.901578,-0.242062,-0.031072,0.274321,-0.033521,-0.960551,-0.000343,65.511131
324493,-0.000877,0.901569,-0.242036,-0.031260,0.274265,-0.033525,-0.960561,-0.000343,66.280861
324497,-0.000963,0.901559,-0.241988,-0.031572,0.274539,-0.034181,-0.960449,-0.000343,67.860489
324500,-0.001003,0.901553,-0.241960,-0.031799,0.274641,-0.034265,-0.960410,-0.000343,70.297394
324504,-0.001005,0.901533,-0.241940,-0.032129,0.274186,-0.034751,-0.960511,-0.000343,71.901054
324507,-0.001058,0.901528,-0.241916,-0.032400,0.274372,-0.034817,-0.960447,-0.000343,72.745285
324511,-0.001174,0.901518,-0.241885,-0.032848,0.274535,-0.035783,-0.960350,-0.000343,75.179787
324514,-0.001211,0.901506,-0.241878,-0.033147,0.274509,-0.035893,-0.960342,-0.000343,76.815720
324518,-0.001293,0.901500,-0.241847,-0.033531,0.274593,-0.036522,-0.960281,-0.000343,77.613602
324522,-0.001349,0.901495,-0.241815,-0.033935,0.274563,-0.036919,-0.960261,-0.000343,79.252625
324525,-0.001387,0.901485,-0.241794,-0.034232,0.274395,-0.037399,-0.960280,-0.000343,81.731758
324529,-0.001487,0.901479,-0.241737,-0.034635,0.274809,-0.037807,-0.960131,-0.000343,83.426399
324532,-0.001547,0.901470,-0.241706,-0.034923,0.274783,-0.038462,-0.960102,-0.000343,84.264450
324536,-0.001566,0.901453,-0.241667,-0.035378,0.274589,-0.038658,-0.960133,-0.000343,85.959435
324539,-0.001654,0.901441,-0.241629,-0.035802,0.274620,-0.039508,-0.960074,-0.000687,88.546028
324543,-0.001789,0.901428,-0.241577,-0.036457,0.274994,-0.040420,-0.959904,-0.000343,90.226250
324546,-0.001881,0.901413,-0.241535,-0.037111,0.274880,-0.041436,-0.959868,-0.000687,91.067734
324550,-0.002017,0.901406,-0.241479,-0.037896,0.274967,-0.042421,-0.959769,-0.000343,92.828979
324553,-0.002163,0.901390,-0.241437,-0.038578,0.275040,-0.043623,-0.959668,-0.000343,95.410767
324557,-0.002275,0.901371,-0.241382,-0.039468,0.274807,-0.044632,-0.959652,-0.000343,96.260490
324561,-0.002488,0.901353,-0.241304,-0.040426,0.275162,-0.046279,-0.959432,-0.000343,97.985687
324564,-0.002601,0.901344,-0.241250,-0.041106,0.275264,-0.047109,-0.959334,-0.000343,100.557861
324568,-0.002698,0.901316,-0.241200,-0.041926,0.274869,-0.048340,-0.959350,-0.000343,102.249069
324571,-0.002818,0.901304,-0.241144,-0.042669,0.275038,-0.049150,-0.959228,-0.000687,103.146515
324575,-0.003040,0.901287,-0.241077,-0.043798,0.275313,-0.051163,-0.958993,-0.000343,104.875832
324579,-0.003163,0.901265,-0.241020,-0.044700,0.275289,-0.052267,-0.958898,-0.000343,107.517700
324582,-0.003323,0.901253,-0.240965,-0.045580,0.275347,-0.053657,-0.958763,-0.000343,109.274139
324586,-0.003562,0.901228,-0.240888,-0.047081,0.275242,-0.055867,-0.958595,-0.000687,110.159569
324589,-0.003803,0.901209,-0.240832,-0.048678,0.275111,-0.058392,-0.958402,-0.000343,111.911545
324593,-0.004135,0.901171,-0.240722,-0.050426,0.275552,-0.060984,-0.958024,0.000000,114.542427
324596,-0.004314,0.901150,-0.240673,-0.051391,0.275557,-0.062626,-0.957865,-0.000343,115.457726
324600,-0.004490,0.901131,-0.240601,-0.052747,0.275361,-0.064313,-0.957736,-0.000343,117.185669
324603,-0.004713,0.901110,-0.240541,-0.054076,0.275419,-0.066454,-0.957499,-0.000343,118.871727
324607,-0.004986,0.901087,-0.240474,-0.055560,0.275546,-0.068849,-0.957208,-0.000343,121.500893
324610,-0.005217,0.901060,-0.240410,-0.057008,0.275494,-0.071166,-0.956968,-0.000343,123.264198
324614,-0.005595,0.901034,-0.240300,-0.059269,0.275621,-0.074645,-0.956529,-0.000687,124.134178
324618,-0.005930,0.900986,-0.240185,-0.061301,0.275479,-0.077919,-0.956181,-0.000343,125.904007
324621,-0.006149,0.900956,-0.240115,-0.062584,0.275593,-0.079590,-0.955927,-0.000343,128.539696
324625,-0.006468,0.900911,-0.240014,-0.064158,0.275952,-0.082169,-0.955501,-0.000343,130.278282
324628,-0.006689,0.900890,-0.239952,-0.065439,0.275996,-0.084123,-0.955232,-0.000343,131.149292
324632,-0.006897,0.900856,-0.239905,-0.067186,0.275517,-0.086987,-0.954992,-0.000343,133.790474
324635,-0.007132,0.900831,-0.239833,-0.068518,0.275731,-0.088922,-0.954657,-0.000343,134.646034
324639,-0.007348,0.900797,-0.239758,-0.069769,0.275859,-0.090969,-0.954337,-0.000343,136.376724
324642,-0.007459,0.900779,-0.239725,-0.070594,0.275763,-0.092150,-0.954191,-0.000343,138.151360
324646,-0.007764,0.900725,-0.239617,-0.072271,0.275873,-0.094776,-0.953776,-0.000343,140.743790
324649,-0.007990,0.900700,-0.239559,-0.073532,0.276045,-0.096704,-0.953436,-0.000343,142.529755
324653,-0.008224,0.900660,-0.239489,-0.075086,0.275727,-0.099189,-0.953152,-0.000343,143.423424
324657,-0.008585,0.900608,-0.239404,-0.076960,0.275969,-0.102243,-0.952609,-0.000343,145.189819
324660,-0.008817,0.900563,-0.239349,-0.078384,0.275981,-0.104476,-0.952248,-0.000343,146.910553
324664,-0.009084,0.900514,-0.239277,-0.080172,0.275805,-0.107019,-0.951867,-0.000343,149.538002
324667,-0.009300,0.900475,-0.239206,-0.081384,0.275834,-0.109085,-0.951521,-0.000343,151.258736
324671,-0.009590,0.900423,-0.239130,-0.083082,0.275979,-0.111771,-0.951021,-0.000687,153.014488
324674,-0.009800,0.900370,-0.239062,-0.084636,0.275725,-0.113963,-0.950697,-0.000343,154.761314
324678,-0.010142,0.900296,-0.238951,-0.086675,0.275878,-0.117164,-0.950080,-0.000343,155.640907
324682,-0.010491,0.900221,-0.238856,-0.088782,0.275681,-0.120374,-0.949541,-0.000343,157.404213
324685,-0.010677,0.900179,-0.238793,-0.090070,0.275602,-0.122303,-0.949196,-0.000343,160.043678
324688,-0.010883,0.900141,-0.238761,-0.091375,0.275496,-0.124630,-0.948799,-0.000343,160.925331
324692,-0.011254,0.900066,-0.238667,-0.093138,0.275856,-0.127273,-0.948172,-0.000343,162.678680
324696,-0.011404,0.900039,-0.238644,-0.094583,0.275483,-0.129511,-0.947834,-0.000343,165.297546
324699,-0.011639,0.899988,-0.238578,-0.095771,0.275538,-0.131268,-0.947457,-0.000343,166.150017
324703,-0.011874,0.899928,-0.238498,-0.097164,0.275561,-0.133498,-0.946997,-0.000687,167.905083
324706,-0.011973,0.899902,-0.238459,-0.097891,0.275384,-0.134547,-0.946825,-0.000343,169.609680
324710,-0.012211,0.899827,-0.238367,-0.099289,0.275541,-0.136630,-0.946336,-0.000343,172.244339
324713,-0.012436,0.899765,-0.238306,-0.100661,0.275560,-0.138707,-0.945883,-0.000343,174.014854
324717,-0.012662,0.899699,-0.238230,-0.102368,0.275161,-0.141510,-0.945400,-0.000343,174.905434
324721,-0.013026,0.899621,-0.238136,-0.104281,0.275525,-0.144642,-0.944611,-0.000343,176.656380
324724,-0.013260,0.899562,-0.238064,-0.105591,0.275465,-0.146597,-0.944182,-0.000343,179.290352
324727,-0.013418,0.899522,-0.238021,-0.106559,0.275418,-0.147980,-0.943871,-0.000687,181.025505
324731,-0.013610,0.899472,-0.237965,-0.107790,0.275211,-0.149902,-0.943488,-0.000343,181.895485
324735,-0.013861,0.899403,-0.237914,-0.109185,0.275354,-0.152113,-0.942932,-0.000343,183.638191
324738,-0.014006,0.899360,-0.237873,-0.110378,0.275134,-0.153991,-0.942552,-0.000343,185.385704
324742,-0.014298,0.899266,-0.237781,-0.112081,0.275232,-0.156711,-0.941874,-0.000343,187.127724
324745,-0.014476,0.899198,-0.237719,-0.113196,0.275217,-0.158565,-0.941435,-0.000687,189.781265
324749,-0.014680,0.899133,-0.237642,-0.114756,0.274819,-0.160821,-0.940979,-0.000343,190.645752
324752,-0.014939,0.899062,-0.237561,-0.116190,0.274704,-0.163047,-0.940454,-0.000343,192.402878
324756,-0.015289,0.898956,-0.237472,-0.118112,0.275063,-0.165917,-0.939607,-0.000687,194.161720
324760,-0.015530,0.898878,-0.237426,-0.119947,0.274658,-0.168745,-0.938989,-0.000343,195.937042
324763,-0.015776,0.898793,-0.237374,-0.121410,0.274686,-0.170885,-0.938406,-0.000343,197.681808
324766,-0.016037,0.898719,-0.237333,-0.122810,0.274726,-0.173355,-0.937759,-0.000343,199.415245
324770,-0.016285,0.898630,-0.237262,-0.124507,0.274560,-0.175779,-0.937132,-0.000687,201.142159
324774,-0.016519,0.898541,-0.237186,-0.125912,0.274681,-0.177967,-0.936496,-0.000343,203.759308
324777,-0.016690,0.898474,-0.237128,-0.126939,0.274709,-0.179342,-0.936087,-0.000343,205.513687
324781,-0.016848,0.898408,-0.237062,-0.128397,0.274209,-0.181467,-0.935624,-0.000343,206.384010
324785,-0.017166,0.898292,-0.236980,-0.130055,0.274346,-0.184385,-0.934785,-0.000343,208.150063
324788,-0.017366,0.898215,-0.236914,-0.131490,0.274325,-0.186339,-0.934202,-0.000687,210.780258
324791,-0.017539,0.898152,-0.236866,-0.132559,0.274149,-0.188024,-0.933765,-0.000343,212.543221
324795,-0.017746,0.898077,-0.236810,-0.133996,0.273965,-0.190257,-0.933162,-0.000343,213.413887
324799,-0.018008,0.897983,-0.236758,-0.135415,0.274019,-0.192666,-0.932446,-0.000343,216.021767
324802,-0.018168,0.897919,-0.236718,-0.136508,0.273808,-0.194389,-0.931991,-0.000687,217.790222
324806,-0.018409,0.897827,-0.236644,-0.137876,0.273924,-0.196523,-0.931308,-0.000687,218.639603
324809,-0.018595,0.897763,-0.236590,-0.138981,0.273916,-0.198435,-0.930740,-0.000343,220.374756
324813,-0.018779,0.897667,-0.236494,-0.140477,0.273472,-0.200608,-0.930180,-0.000343,223.021774
324816,-0.018944,0.897605,-0.236432,-0.141485,0.273446,-0.202185,-0.929694,-0.000343,224.775467
324820,-0.019195,0.897492,-0.236354,-0.142749,0.273734,-0.204021,-0.929015,-0.000343,225.636177
324824,-0.019333,0.897422,-0.236295,-0.144089,0.273301,-0.205706,-0.928563,-0.000343,227.419052
324827,-0.019519,0.897350,-0.236266,-0.145206,0.273300,-0.207487,-0.927993,-0.000343,230.015602
324830,-0.019721,0.897275,-0.236229,-0.146228,0.273326,-0.209251,-0.927429,-0.000687,231.773415
324834,-0.019906,0.897204,-0.236175,-0.147541,0.273050,-0.211246,-0.926850,-0.000343,232.636871
324838,-0.020186,0.897065,-0.236076,-0.149202,0.273105,-0.213493,-0.926053,-0.000343,234.396400
324841,-0.020401,0.896973,-0.236002,-0.150283,0.273125,-0.215345,-0.925443,-0.000343,237.006683
324845,-0.020576,0.896891,-0.235936,-0.151851,0.272720,-0.217582,-0.924783,-0.000343,238.741837
324848,-0.020786,0.896792,-0.235877,-0.153282,0.272599,-0.219738,-0.924072,-0.000343,239.659882
324852,-0.021143,0.896624,-0.235801,-0.155392,0.272606,-0.223299,-0.922863,-0.000343,241.395378
324856,-0.021391,0.896511,-0.235733,-0.157187,0.272126,-0.226174,-0.922001,-0.000343,244.018021
324859,-0.021594,0.896421,-0.235673,-0.158340,0.272166,-0.227845,-0.921380,-0.000687,245.801582
324862,-0.021792,0.896337,-0.235625,-0.159534,0.272266,-0.229650,-0.920696,-0.000687,246.642380
324866,-0.022019,0.896237,-0.235552,-0.161097,0.271945,-0.232188,-0.919882,-0.000343,249.106750
324869,-0.022171,0.896162,-0.235510,-0.162194,0.271817,-0.233772,-0.919326,-0.000343,251.030388
324873,-0.022452,0.896010,-0.235443,-0.163719,0.271885,-0.236475,-0.918343,-0.000343,252.763481
324876,-0.022619,0.895914,-0.235379,-0.164908,0.271750,-0.238058,-0.917761,-0.000343,253.647194
324880,-0.022757,0.895839,-0.235318,-0.166301,0.271302,-0.240284,-0.917062,-0.000687,256.266747
324884,-0.023069,0.895684,-0.235220,-0.167880,0.271570,-0.242668,-0.916067,-0.000687,257.172432
324887,-0.023224,0.895599,-0.235175,-0.169014,0.271322,-0.244418,-0.915466,-0.000343,258.889046
324891,-0.023464,0.895469,-0.235116,-0.170603,0.271063,-0.246858,-0.914593,-0.000343,261.515465
324894,-0.023708,0.895362,-0.235066,-0.171994,0.270992,-0.248909,-0.913798,-0.000343,263.291817
324898,-0.023936,0.895264,-0.235022,-0.173619,0.270683,-0.251276,-0.912934,-0.000343,264.155617
324902,-0.024172,0.895132,-0.234953,-0.174956,0.270774,-0.253308,-0.912090,-0.000343,265.905876
324905,-0.024372,0.895021,-0.234906,-0.176111,0.270752,-0.255270,-0.911326,-0.000343,267.658539
324909,-0.024547,0.894916,-0.234829,-0.177912,0.270253,-0.257727,-0.910433,-0.000343,270.269852
324912,-0.024775,0.894803,-0.234763,-0.179340,0.270196,-0.260278,-0.909443,-0.000343,272.017021
324916,-0.025092,0.894628,-0.234662,-0.181169,0.270265,-0.263077,-0.908254,-0.000343,272.901421
324919,-0.025225,0.894547,-0.234626,-0.182000,0.270021,-0.264679,-0.907695,-0.000343,274.661636
324923,-0.025468,0.894410,-0.234562,-0.183589,0.269751,-0.267130,-0.906736,-0.000687,277.280846
324926,-0.025722,0.894266,-0.234526,-0.185211,0.269647,-0.269614,-0.905702,-0.000343,279.039001
324930,-0.026017,0.894109,-0.234468,-0.187642,0.269172,-0.273338,-0.904225,-0.000687,279.926491
324934,-0.026339,0.893964,-0.234395,-0.189428,0.269192,-0.276091,-0.903010,-0.000687,281.658897
324934,-0.026339,0.893964,-0.234395,-0.189428,0.269192,-0.276091,-0.903010,-0.000343,284.270554
324934,-0.026339,0.893964,-0.234395,-0.189428,0.269192,-0.276091,-0.903010,-0.000687,286.026649
324934,-0.026339,0.893964,-0.234395,-0.189428,0.269192,-0.276091,-0.903010,-0.000343,287.601814
324934,-0.026339,0.893964,-0.234395,-0.189428,0.269192,-0.276091,-0.903010,-0.000343,289.510689
324934,-0.026339,0.893964,-0.234395,-0.189428,0.269192,-0.276091,-0.903010,-0.000343,290.373116
324934,-0.026339,0.893964,-0.234395,-0.189428,0.269192,-0.276091,-0.903010,-0.000343,293.011208
324934,-0.026339,0.893964,-0.234395,-0.189428,0.269192,-0.276091,-0.903010,-0.000343,293.882561
324934,-0.026339,0.893964,-0.234395,-0.189428,0.269192,-0.276091,-0.903010,-0.000343,295.645523
324934,-0.026339,0.893964,-0.234395,-0.189428,0.269192,-0.276091,-0.903010,-0.000343,297.381363
324934,-0.026339,0.893964,-0.234395,-0.189428,0.269192,-0.276091,-0.903010,-0.000343,299.102097
324934,-0.026339,0.893964,-0.234395,-0.189428,0.269192,-0.276091,-0.903010,-0.000687,301.700363
324934,-0.026339,0.893964,-0.234395,-0.189428,0.269192,-0.276091,-0.903010,-0.000343,302.578926
324934,-0.026339,0.893964,-0.234395,-0.189428,0.269192,-0.276091,-0.903010,-0.000687,304.296913
324934,-0.026339,0.893964,-0.234395,-0.189428,0.269192,-0.276091,-0.903010,-0.000687,306.017990
324934,-0.026339,0.893964,-0.234395,-0.189428,0.269192,-0.276091,-0.903010,-0.000343,308.577805
324934,-0.026339,0.893964,-0.234395,-0.189428,0.269192,-0.276091,-0.903010,-0.000687,310.279312
324934,-0.026339,0.893964,-0.234395,-0.189428,0.269192,-0.276091,-0.903010,-0.000343,311.137276
324934,-0.026339,0.893964,-0.234395,-0.189428,0.269192,-0.276091,-0.903010,-0.000343,312.853889
324934,-0.026339,0.893964,-0.234395,-0.189428,0.269192,-0.276091,-0.903010,-0.000343,314.543724
324934,-0.026339,0.893964,-0.234395,-0.189428,0.269192,-0.276091,-0.903010,-0.000687,317.091179
324934,-0.026339,0.893964,-0.234395,-0.189428,0.269192,-0.276091,-0.903010,-0.000343,318.769684
324934,-0.026339,0.893964,-0.234395,-0.189428,0.269192,-0.276091,-0.903010,-0.000687,319.597092
324934,-0.026339,0.893964,-0.234395,-0.189428,0.269192,-0.276091,-0.903010,-0.000687,321.220665
324934,-0.026339,0.893964,-0.234395,-0.189428,0.269192,-0.276091,-0.903010,-0.000343,323.731728
324934,-0.026339,0.893964,-0.234395,-0.189428,0.269192,-0.276091,-0.903010,-0.000687,325.381393
324934,-0.026339,0.893964,-0.234395,-0.189428,0.269192,-0.276091,-0.903010,-0.000687,326.171722
324934,-0.026339,0.893964,-0.234395,-0.189428,0.269192,-0.276091,-0.903010,-0.000343,327.798042
324934,-0.026339,0.893964,-0.234395,-0.189428,0.269192,-0.276091,-0.903010,-0.000343,330.207481
324934,-0.026339,0.893964,-0.234395,-0.189428,0.269192,-0.276091,-0.903010,-0.000687,331.802559
325040,-0.030940,0.890570,-0.232847,-0.222384,0.265153,-0.325921,-0.879781,-0.000343,332.595978
325044,-0.031159,0.890416,-0.232807,-0.223526,0.265146,-0.327587,-0.878874,-0.000687,335.014000
325047,-0.031271,0.890341,-0.232771,-0.224189,0.264859,-0.328812,-0.878334,-0.000343,336.552086
325051,-0.031438,0.890207,-0.232708,-0.225312,0.264675,-0.330226,-0.877572,-0.000687,337.348938
325054,-0.031606,0.890071,-0.232661,-0.226271,0.264523,-0.331935,-0.876726,-0.000687,338.877754
325058,-0.031788,0.889934,-0.232592,-0.227604,0.263949,-0.334045,-0.875752,-0.000687,340.394897
325061,-0.031957,0.889808,-0.232548,-0.228736,0.263761,-0.335745,-0.874863,-0.000343,341.902771
325065,-0.032227,0.889598,-0.232482,-0.230225,0.263873,-0.338120,-0.873523,-0.000343,343.400002
325069,-0.032378,0.889481,-0.232435,-0.231411,0.263246,-0.340161,-0.872606,-0.000343,344.929848
325072,-0.032499,0.889398,-0.232410,-0.232117,0.263274,-0.341142,-0.872027,-0.000687,347.122993
325075,-0.032631,0.889299,-0.232390,-0.232942,0.263280,-0.342373,-0.871322,-0.000343,348.569069
325079,-0.032792,0.889171,-0.232352,-0.234122,0.262907,-0.344251,-0.870378,-0.000343,349.255714
325083,-0.033004,0.888982,-0.232292,-0.235625,0.262552,-0.346617,-0.869140,-0.000687,350.669518
325086,-0.033161,0.888849,-0.232236,-0.236634,0.262549,-0.347980,-0.868322,-0.000343,352.861290
325090,-0.033286,0.888748,-0.232184,-0.237616,0.261963,-0.349782,-0.867506,-0.000343,354.234238
325093,-0.033384,0.888662,-0.232126,-0.238401,0.261825,-0.350891,-0.866884,-0.000343,355.481529
325097,-0.033574,0.888489,-0.232079,-0.239631,0.262010,-0.352653,-0.865774,-0.000687,356.964340
325100,-0.033674,0.888404,-0.232054,-0.240406,0.261722,-0.353825,-0.865167,-0.000343,357.635880
325104,-0.033793,0.888296,-0.232030,-0.241411,0.261292,-0.355453,-0.864350,-0.000687,359.591789
325107,-0.033923,0.888184,-0.231998,-0.242347,0.261309,-0.356740,-0.863552,-0.000343,360.218697
325111,-0.034083,0.888060,-0.231964,-0.243512,0.261044,-0.358628,-0.862522,-0.000687,361.505470
325114,-0.034157,0.887996,-0.231937,-0.244146,0.260746,-0.359581,-0.862036,-0.000687,362.813873
325118,-0.034332,0.887841,-0.231899,-0.245174,0.261040,-0.360919,-0.861095,-0.000343,364.075584
325122,-0.034420,0.887762,-0.231859,-0.246093,0.260469,-0.362295,-0.860428,-0.000687,365.296097
325125,-0.034514,0.887673,-0.231816,-0.246844,0.260324,-0.363429,-0.859778,-0.000687,367.107124
325129,-0.034686,0.887505,-0.231782,-0.247947,0.260547,-0.364682,-0.858863,-0.000687,368.289528
325132,-0.034767,0.887420,-0.231758,-0.248593,0.260211,-0.365852,-0.858280,-0.000687,368.838501
325136,-0.034952,0.887310,-0.231803,-0.249285,0.258597,-0.367408,-0.857902,-0.000343,369.992409
325139,-0.035070,0.887177,-0.231779,-0.250196,0.258469,-0.368651,-0.857142,-0.000343,371.616325
325143,-0.035190,0.887095,-0.231754,-0.251060,0.258242,-0.370042,-0.856358,-0.000343,372.188644
325147,-0.035326,0.886976,-0.231728,-0.251909,0.258175,-0.371352,-0.855561,-0.000343,373.817024
325150,-0.035418,0.886899,-0.231718,-0.252520,0.258266,-0.372095,-0.855031,-0.000343,374.869652
325154,-0.035467,0.886833,-0.231672,-0.253118,0.257713,-0.373508,-0.854405,-0.000687,375.376396
325157,-0.035524,0.886766,-0.231642,-0.253756,0.257648,-0.374238,-0.853915,-0.000687,376.375122
325161,-0.035640,0.886619,-0.231614,-0.254563,0.257800,-0.375506,-0.853072,-0.000687,377.828064
325164,-0.035679,0.886571,-0.231590,-0.255085,0.257590,-0.376165,-0.852689,-0.000343,378.286057
325168,-0.035747,0.886495,-0.231539,-0.255906,0.257514,-0.377311,-0.851960,-0.000343,379.209251
325171,-0.035852,0.886402,-0.231514,-0.256538,0.257578,-0.378162,-0.851373,-0.000687,380.120773
325175,-0.035959,0.886320,-0.231492,-0.257206,0.257323,-0.379419,-0.850689,-0.000687,381.432610
325178,-0.036010,0.886282,-0.231471,-0.257723,0.257122,-0.380062,-0.850305,-0.000687,382.287483
325182,-0.036149,0.886146,-0.231466,-0.258425,0.257248,-0.381075,-0.849601,-0.000687,382.698784
325186,-0.036195,0.886116,-0.231444,-0.258893,0.256838,-0.381941,-0.849194,-0.000343,383.827629
325189,-0.036253,0.886051,-0.231430,-0.259234,0.256658,-0.382606,-0.848845,-0.000343,384.656067
325193,-0.036364,0.885925,-0.231417,-0.259663,0.256653,-0.383224,-0.848436,-0.000343,385.385284
325196,-0.036408,0.885872,-0.231404,-0.259928,0.256377,-0.383938,-0.848116,-0.000343,385.749550
325200,-0.036449,0.885827,-0.231370,-0.260333,0.256113,-0.384436,-0.847846,-0.000343,386.705704
325203,-0.036519,0.885742,-0.231362,-0.260595,0.256061,-0.385046,-0.847504,-0.000343,387.443848
325207,-0.036560,0.885702,-0.231346,-0.260977,0.255774,-0.385652,-0.847197,-0.000343,387.772064
325211,-0.036642,0.885604,-0.231329,-0.261493,0.255764,-0.386374,-0.846712,-0.000343,388.390388
325214,-0.036707,0.885516,-0.231315,-0.261905,0.255820,-0.386792,-0.846377,-0.000343,389.354439
325217,-0.036765,0.885445,-0.231308,-0.262219,0.255636,-0.387512,-0.846006,-0.000343,389.972076
325221,-0.036807,0.885397,-0.231293,-0.262642,0.255019,-0.388367,-0.845669,-0.000343,390.193863
325225,-0.036932,0.885248,-0.231284,-0.263268,0.254979,-0.389591,-0.844923,-0.000343,390.770988
325228,-0.036980,0.885190,-0.231275,-0.263761,0.254704,-0.390187,-0.844577,-0.000343,391.488876
325231,-0.037027,0.885145,-0.231269,-0.264040,0.254372,-0.390789,-0.844312,-0.000343,392.029953
325235,-0.037110,0.885048,-0.231269,-0.264492,0.254356,-0.391365,-0.843908,-0.000343,392.236290
325239,-0.037153,0.885015,-0.231273,-0.264673,0.253948,-0.392113,-0.843627,-0.000343,392.701492
325242,-0.037177,0.884993,-0.231280,-0.264925,0.253816,-0.392396,-0.843456,-0.000343,393.173904
325246,-0.037207,0.885042,-0.231107,-0.266984,0.256386,-0.393946,-0.841304,-0.000687,393.785019
325249,-0.037230,0.885017,-0.231104,-0.267237,0.256324,-0.394227,-0.841111,-0.000343,394.175377
325253,-0.037238,0.885015,-0.231082,-0.267421,0.255935,-0.394720,-0.840940,-0.000343,394.391327
325257,-0.037298,0.884931,-0.231058,-0.267793,0.256234,-0.395059,-0.840571,-0.000343,394.955406
325260,-0.037308,0.884913,-0.231039,-0.267947,0.256073,-0.395468,-0.840379,-0.000343,395.134964
325264,-0.037318,0.884900,-0.231012,-0.268212,0.255995,-0.395630,-0.840242,-0.000343,395.453224
325267,-0.037349,0.884849,-0.231007,-0.268463,0.256041,-0.396037,-0.839955,-0.000343,395.972672
325271,-0.037353,0.884855,-0.231006,-0.268638,0.255826,-0.396290,-0.839846,-0.000343,396.258659
325274,-0.037374,0.884843,-0.231003,-0.268765,0.255665,-0.396700,-0.839660,-0.000343,396.428261
325278,-0.037454,0.884764,-0.231013,-0.269111,0.256052,-0.396859,-0.839356,-0.000687,396.698799
325281,-0.037484,0.884741,-0.231012,-0.269212,0.255926,-0.397288,-0.839160,-0.000343,397.070618
325285,-0.037487,0.884767,-0.230999,-0.269359,0.255598,-0.397478,-0.839122,-0.000687,397.200394
325289,-0.037554,0.884699,-0.230996,-0.269589,0.255808,-0.397991,-0.838742,-0.000343,397.438660
325292,-0.037560,0.884704,-0.230980,-0.269745,0.255748,-0.398082,-0.838667,-0.000343,397.652893
325295,-0.037558,0.884702,-0.230973,-0.269824,0.255546,-0.398326,-0.838587,-0.000343,397.953644
325299,-0.037600,0.884644,-0.230958,-0.270163,0.255743,-0.398462,-0.838353,-0.000343,398.073463
325303,-0.037612,0.884646,-0.230957,-0.270216,0.255405,-0.399005,-0.838181,-0.000343,398.274651
325306,-0.037615,0.884650,-0.230955,-0.270379,0.255392,-0.399009,-0.838130,-0.000343,398.499184
325310,-0.037689,0.884571,-0.230964,-0.270571,0.255643,-0.399489,-0.837763,-0.000343,398.575745
325313,-0.037698,0.884570,-0.230965,-0.270719,0.255601,-0.399527,-0.837710,-0.000343,398.820190
325317,-0.037703,0.884581,-0.230958,-0.270744,0.255226,-0.399853,-0.837660,-0.000343,398.900528
325321,-0.037758,0.884520,-0.230963,-0.271044,0.255529,-0.399995,-0.837403,-0.000343,399.022064
325324,-0.037747,0.884526,-0.230953,-0.271015,0.255345,-0.400276,-0.837334,-0.000343,399.155273
325328,-0.037735,0.884521,-0.230938,-0.271169,0.255346,-0.400276,-0.837284,-0.000343,399.170380
325331,-0.037749,0.884482,-0.230935,-0.271278,0.255401,-0.400566,-0.837093,-0.000343,399.271660
325335,-0.037717,0.884509,-0.230925,-0.271296,0.255155,-0.400587,-0.837153,-0.000343,399.391479
325338,-0.037730,0.884505,-0.230914,-0.271341,0.255036,-0.400833,-0.837057,-0.000343,399.560051
325342,-0.037772,0.884447,-0.230915,-0.271652,0.255480,-0.400728,-0.836870,0.000000,399.622536
325345,-0.037792,0.884441,-0.230919,-0.271631,0.255348,-0.401038,-0.836769,-0.000343,399.687080
325349,-0.037781,0.884477,-0.230919,-0.271609,0.255062,-0.400999,-0.836882,-0.000343,399.720383
325352,-0.037807,0.884449,-0.230932,-0.271711,0.255196,-0.401154,-0.836734,-0.000343,399.765358
325356,-0.037819,0.884443,-0.230940,-0.271768,0.255187,-0.401217,-0.836688,-0.000343,399.769135
325360,-0.037817,0.884436,-0.230941,-0.271829,0.255154,-0.401352,-0.836613,-0.000343,399.778061
325363,-0.037824,0.884414,-0.230936,-0.271970,0.255366,-0.401251,-0.836552,-0.000343,399.808273
325366,-0.037834,0.884395,-0.230931,-0.271996,0.255367,-0.401488,-0.836429,0.000000,399.897881
325370,-0.037781,0.884449,-0.230924,-0.271865,0.254973,-0.401467,-0.836602,-0.000343,399.946289
325374,-0.037841,0.884377,-0.230924,-0.272019,0.255265,-0.401786,-0.836309,-0.000343,400.016327
325377,-0.037835,0.884398,-0.230932,-0.272062,0.255261,-0.401650,-0.836362,-0.000343,400.072975
325381,-0.037824,0.884420,-0.230936,-0.271986,0.254919,-0.401832,-0.836404,0.000000,400.074005
325384,-0.037855,0.884395,-0.230934,-0.272114,0.255108,-0.401751,-0.836343,0.000000,400.074005
325388,-0.037860,0.884396,-0.230950,-0.272032,0.254983,-0.402000,-0.836289,-0.000343,400.074005
325391,-0.037849,0.884420,-0.230941,-0.272080,0.254913,-0.401877,-0.836354,-0.000343,400.072975
325395,-0.037895,0.884360,-0.230931,-0.272204,0.255195,-0.402125,-0.836108,0.000000,400.068512
325399,-0.037830,0.884414,-0.230922,-0.272119,0.254894,-0.402008,-0.836283,0.000000,400.063705
325402,-0.037832,0.884402,-0.230907,-0.272128,0.254776,-0.402188,-0.836230,0.000000,400.032120
325406,-0.037857,0.884348,-0.230913,-0.272386,0.255299,-0.401991,-0.836081,0.000000,400.001221
325409,-0.037848,0.884353,-0.230914,-0.272260,0.255146,-0.402201,-0.836068,0.000000,399.987144
325413,-0.037835,0.884396,-0.230908,-0.272274,0.254948,-0.402075,-0.836184,0.000000,399.967575
325416,-0.037853,0.884370,-0.230923,-0.272275,0.255043,-0.402235,-0.836078,0.000000,399.953499
325420,-0.037858,0.884378,-0.230929,-0.272312,0.255019,-0.402173,-0.836103,0.000000,399.953156
325423,-0.037857,0.884388,-0.230935,-0.272242,0.254794,-0.402349,-0.836110,0.000000,399.953156
325427,-0.037882,0.884351,-0.230944,-0.272458,0.255239,-0.402099,-0.836024,0.000000,399.953499
325430,-0.037902,0.884331,-0.230945,-0.272452,0.255245,-0.402332,-0.835912,0.000000,399.954185
325434,-0.037839,0.884399,-0.230934,-0.272284,0.254802,-0.402187,-0.836171,0.000343,399.954872
325438,-0.037897,0.884325,-0.230936,-0.272437,0.255217,-0.402451,-0.835868,0.000000,399.956245
325441,-0.037881,0.884343,-0.230926,-0.272450,0.255114,-0.402311,-0.835963,0.000000,399.957275
325445,-0.037860,0.884369,-0.230924,-0.272351,0.254868,-0.402470,-0.835993,0.000000,399.960365
325448,-0.037871,0.884354,-0.230918,-0.272453,0.255065,-0.402300,-0.835982,0.000343,399.964828
325452,-0.037856,0.884359,-0.230930,-0.272373,0.254889,-0.402562,-0.835936,0.000000,399.966545
325456,-0.037866,0.884349,-0.230927,-0.272431,0.255070,-0.402479,-0.835901,0.000343,399.971695
325459,-0.037883,0.884318,-0.230929,-0.272495,0.255111,-0.402583,-0.835818,0.000343,399.980621
325462,-0.037870,0.884326,-0.230926,-0.272522,0.255196,-0.402465,-0.835840,0.000000,399.985771
325466,-0.037848,0.884368,-0.230914,-0.272383,0.254726,-0.402635,-0.835947,0.000343,399.988174
325470,-0.037887,0.884319,-0.230917,-0.272577,0.255237,-0.402489,-0.835798,0.000343,399.992294
325473,-0.037888,0.884321,-0.230920,-0.272517,0.255068,-0.402645,-0.835794,0.000343,399.997101
325477,-0.037872,0.884363,-0.230920,-0.272471,0.254922,-0.402456,-0.835945,0.000687,399.998131
325480,-0.037896,0.884335,-0.230934,-0.272495,0.255037,-0.402667,-0.835800,0.000343,399.999847
325484,-0.037885,0.884362,-0.230940,-0.272486,0.254931,-0.402532,-0.835900,0.000343,400.000534
325487,-0.037885,0.884370,-0.230941,-0.272419,0.254732,-0.402707,-0.835899,0.000343,400.000877
325491,-0.037915,0.884322,-0.230946,-0.272641,0.255255,-0.402460,-0.835786,0.000343,400.001221
325494,-0.037927,0.884306,-0.230944,-0.272594,0.255162,-0.402703,-0.835713,0.000343,400.001907
325498,-0.037865,0.884377,-0.230930,-0.272464,0.254778,-0.402516,-0.835962,0.000343,400.001907
325501,-0.037883,0.884352,-0.230928,-0.272516,0.254899,-0.402655,-0.835841,0.000687,400.002251
325505,-0.037893,0.884336,-0.230920,-0.272607,0.255104,-0.402583,-0.835784,0.000343,400.002251
325508,-0.037873,0.884353,-0.230924,-0.272525,0.254883,-0.402650,-0.835846,0.000343,400.002594
325512,-0.037895,0.884328,-0.230910,-0.272625,0.255080,-0.402517,-0.835817,0.000343,400.002251
325516,-0.037880,0.884345,-0.230919,-0.272527,0.254845,-0.402808,-0.835781,0.000687,400.002594
325519,-0.037865,0.884366,-0.230923,-0.272525,0.254769,-0.402590,-0.835909,0.000687,400.002251
325523,-0.037922,0.884300,-0.230933,-0.272604,0.255105,-0.402886,-0.835639,0.000687,400.002251
325526,-0.037913,0.884312,-0.230936,-0.272633,0.255155,-0.402712,-0.835698,0.000687,400.002594
325530,-0.037886,0.884352,-0.230933,-0.272473,0.254714,-0.402852,-0.835817,0.000687,400.002594
325533,-0.037890,0.884345,-0.230928,-0.272565,0.254867,-0.402696,-0.835815,0.000687,400.002594
325537,-0.037916,0.884315,-0.230932,-0.272601,0.255008,-0.402909,-0.835657,0.000687,400.002594
325541,-0.037903,0.884343,-0.230917,-0.272582,0.254927,-0.402722,-0.835779,0.000687,400.002594
325544,-0.037928,0.884309,-0.230923,-0.272607,0.254994,-0.402855,-0.835686,0.000687,400.002594
325548,-0.037908,0.884344,-0.230923,-0.272587,0.254896,-0.402724,-0.835786,0.000687,400.002251
325551,-0.037905,0.884355,-0.230923,-0.272498,0.254675,-0.402922,-0.835787,0.000687,400.002594
325555,-0.037936,0.884306,-0.230934,-0.272735,0.255195,-0.402676,-0.835669,0.000687,400.002251
325558,-0.037953,0.884293,-0.230944,-0.272678,0.255077,-0.402881,-0.835625,0.000687,400.002594
325562,-0.037902,0.884366,-0.230940,-0.272567,0.254774,-0.402653,-0.835864,0.000687,400.002594
325562,-0.037902,0.884366,-0.230940,-0.272567,0.254774,-0.402653,-0.835864,0.000687,400.002594
325562,-0.037902,0.884366,-0.230940,-0.272567,0.254774,-0.402653,-0.835864,0.000687,400.002594
325562,-0.037902,0.884366,-0.230940,-0.272567,0.254774,-0.402653,-0.835864,0.000687,400.002594
325562,-0.037902,0.884366,-0.230940,-0.272567,0.254774,-0.402653,-0.835864,0.000687,400.002594
325562,-0.037902,0.884366,-0.230940,-0.272567,0.254774,-0.402653,-0.835864,0.000687,400.002594
325562,-0.037902,0.884366,-0.230940,-0.272567,0.254774,-0.402653,-0.835864,0.000687,400.002594
325562,-0.037902,0.884366,-0.230940,-0.272567,0.254774,-0.402653,-0.835864,0.000687,400.002594
325562,-0.037902,0.884366,-0.230940,-0.272567,0.254774,-0.402653,-0.835864,0.000687,400.002594
325562,-0.037902,0.884366,-0.230940,-0.272567,0.254774,-0.402653,-0.835864,0.000687,400.002594
325562,-0.037902,0.884366,-0.230940,-0.272567,0.254774,-0.402653,-0.835864,0.000687,400.002594
325562,-0.037902,0.884366,-0.230940,-0.272567,0.254774,-0.402653,-0.835864,0.000687,400.002594
325562,-0.037902,0.884366,-0.230940,-0.272567,0.254774,-0.402653,-0.835864,0.000687,400.002594
325562,-0.037902,0.884366,-0.230940,-0.272567,0.254774,-0.402653,-0.835864,0.000687,400.002594
325562,-0.037902,0.884366,-0.230940,-0.272567,0.254774,-0.402653,-0.835864,0.000687,400.002594
325562,-0.037902,0.884366,-0.230940,-0.272567,0.254774,-0.402653,-0.835864,0.000687,400.002594
325562,-0.037902,0.884366,-0.230940,-0.272567,0.254774,-0.402653,-0.835864,0.000687,400.002594
325562,-0.037902,0.884366,-0.230940,-0.272567,0.254774,-0.402653,-0.835864,0.000687,400.002594
325562,-0.037902,0.884366,-0.230940,-0.272567,0.254774,-0.402653,-0.835864,0.000687,400.002594
325562,-0.037902,0.884366,-0.230940,-0.272567,0.254774,-0.402653,-0.835864,0.000687,400.002594
325562,-0.037902,0.884366,-0.230940,-0.272567,0.254774,-0.402653,-0.835864,0.000687,400.002594
