0,0.000000,0.000000,0.000000,0.000000,0.000000,0.000000,0.000000,0.000000,0.000000
0,0.000000,0.000000,0.000000,0.000000,0.000000,0.000000,0.000000,0.000000,0.000000
0,0.000000,0.000000,0.000000,0.000000,0.000000,0.000000,0.000000,0.000000,0.000000
0,0.000000,0.000000,0.000000,0.000000,0.000000,0.000000,0.000000,0.000000,0.000000
0,0.000000,0.000000,0.000000,0.000000,0.000000,0.000000,0.000000,0.000000,0.000000
0,0.000000,0.000000,0.000000,0.000000,0.000000,0.000000,0.000000,0.000000,0.000000
0,0.000000,0.000000,0.000000,0.000000,0.000000,0.000000,0.000000,0.000000,0.000000
0,0.000000,0.000000,0.000000,0.000000,0.000000,0.000000,0.000000,0.000000,0.000000
0,0.000000,0.000000,0.000000,0.000000,0.000000,0.000000,0.000000,0.000000,0.000000
0,0.000000,0.000000,0.000000,0.000000,0.000000,0.000000,0.000000,0.000000,0.000000
0,0.000000,0.000000,0.000000,0.000000,0.000000,0.000000,0.000000,0.000000,0.000000
0,0.000000,0.000000,0.000000,0.000000,0.000000,0.000000,0.000000,0.000000,0.000000
0,0.000000,0.000000,0.000000,0.000000,0.000000,0.000000,0.000000,0.000000,0.000000
0,0.000000,0.000000,0.000000,0.000000,0.000000,0.000000,0.000000,0.000000,0.000000
0,0.000000,0.000000,0.000000,0.000000,0.000000,0.000000,0.000000,0.000000,0.000000
0,0.000000,0.000000,0.000000,0.000000,0.000000,0.000000,0.000000,0.000000,0.000000
0,0.000000,0.000000,0.000000,0.000000,0.000000,0.000000,0.000000,0.000000,0.000000
0,0.000000,0.000000,0.000000,0.000000,0.000000,0.000000,0.000000,0.000000,0.000000
0,0.000000,0.000000,0.000000,0.000000,0.000000,0.000000,0.000000,0.000000,0.000000
0,0.000000,0.000000,0.000000,0.000000,0.000000,0.000000,0.000000,0.000000,0.000000
0,0.000000,0.000000,0.000000,0.000000,0.000000,0.000000,0.000000,0.000000,0.000000
0,0.000000,0.000000,0.000000,0.000000,0.000000,0.000000,0.000000,0.000000,0.000000
0,0.000000,0.000000,0.000000,0.000000,0.000000,0.000000,0.000000,0.000000,0.000000
0,0.000000,0.000000,0.000000,0.000000,0.000000,0.000000,0.000000,0.000000,0.000000
0,0.000000,0.000000,0.000000,0.000000,0.000000,0.000000,0.000000,0.000000,0.000000
0,0.000000,0.000000,0.000000,0.000000,0.000000,0.000000,0.000000,0.000000,0.000000
0,0.000000,0.000000,0.000000,0.000000,0.000000,0.000000,0.000000,0.000000,200.000267
307973,-0.016200,0.898661,-0.237400,-0.124586,0.274591,-0.176157,-0.937042,-0.000343,200.000267
307977,-0.016184,0.898665,-0.237399,-0.124569,0.274497,-0.176209,-0.937062,-0.000343,200.000267
307980,-0.016155,0.898675,-0.237384,-0.124577,0.274396,-0.176129,-0.937105,-0.000343,200.000267
307984,-0.016201,0.898648,-0.237346,-0.124659,0.274770,-0.176245,-0.936963,-0.000343,200.000267
307987,-0.016190,0.898638,-0.237326,-0.124680,0.274863,-0.176153,-0.936950,-0.000343,200.000267
307991,-0.016111,0.898662,-0.237323,-0.124632,0.274287,-0.176249,-0.937107,-0.000343,200.000267
307994,-0.016119,0.898663,-0.237314,-0.124586,0.274432,-0.176114,-0.937096,-0.000343,199.999924
307998,-0.016189,0.898645,-0.237324,-0.124654,0.274685,-0.176342,-0.936970,-0.000343,199.999924
308001,-0.016169,0.898659,-0.237338,-0.124622,0.274547,-0.176117,-0.937057,-0.000343,199.999924
308005,-0.016199,0.898653,-0.237360,-0.124635,0.274583,-0.176334,-0.937004,-0.000343,199.999924
308009,-0.016204,0.898661,-0.237380,-0.124591,0.274524,-0.176354,-0.937024,-0.000343,200.000267
308012,-0.016181,0.898670,-0.237391,-0.124618,0.274321,-0.176381,-0.937074,-0.000343,199.999924
308016,-0.016225,0.898653,-0.237388,-0.124617,0.274713,-0.176356,-0.936964,0.000000,199.999580
308019,-0.016223,0.898645,-0.237377,-0.124652,0.274742,-0.176464,-0.936931,-0.000343,200.000267
308023,-0.016129,0.898670,-0.237376,-0.124576,0.274315,-0.176224,-0.937111,-0.000343,200.000267
308026,-0.016135,0.898665,-0.237364,-0.124602,0.274391,-0.176387,-0.937055,-0.000343,199.999924
308030,-0.016181,0.898644,-0.237345,-0.124649,0.274713,-0.176198,-0.936990,-0.000343,199.999924
308034,-0.016127,0.898669,-0.237348,-0.124559,0.274425,-0.176124,-0.937100,-0.000343,199.999924
308037,-0.016178,0.898655,-0.237341,-0.124628,0.274615,-0.176178,-0.937025,-0.000343,199.999924
308040,-0.016214,0.898643,-0.237332,-0.124705,0.274737,-0.176468,-0.936924,-0.000343,199.999924
308044,-0.016149,0.898666,-0.237351,-0.124602,0.274418,-0.176143,-0.937093,-0.000343,199.999924
308048,-0.016203,0.898644,-0.237344,-0.124638,0.274785,-0.176204,-0.936969,-0.000343,199.999924
308051,-0.016207,0.898644,-0.237343,-0.124683,0.274850,-0.176166,-0.936951,-0.000343,200.000267
308055,-0.016121,0.898669,-0.237356,-0.124570,0.274307,-0.176189,-0.937121,-0.000343,199.999924
308058,-0.016130,0.898664,-0.237351,-0.124587,0.274445,-0.176097,-0.937096,-0.000343,199.999924
308062,-0.016168,0.898647,-0.237352,-0.124645,0.274670,-0.176268,-0.936990,-0.000343,199.999924
308065,-0.016141,0.898660,-0.237363,-0.124580,0.274505,-0.176089,-0.937081,-0.000687,199.999924
308069,-0.016176,0.898657,-0.237368,-0.124641,0.274628,-0.176322,-0.936992,-0.000343,199.999924
308072,-0.016197,0.898648,-0.237373,-0.124654,0.274837,-0.176118,-0.936968,-0.000343,199.999924
308076,-0.016155,0.898667,-0.237383,-0.124605,0.274327,-0.176335,-0.937083,-0.000687,200.000267
308080,-0.016221,0.898647,-0.237368,-0.124646,0.274733,-0.176430,-0.936941,-0.000343,199.999924
308083,-0.016228,0.898641,-0.237356,-0.124651,0.274739,-0.176454,-0.936934,-0.000343,199.999924
308087,-0.016154,0.898661,-0.237346,-0.124587,0.274311,-0.176313,-0.937094,-0.000343,199.999924
308090,-0.016154,0.898657,-0.237336,-0.124648,0.274409,-0.176390,-0.937043,-0.000343,199.999924
308094,-0.016187,0.898635,-0.237325,-0.124683,0.274739,-0.176291,-0.936960,-0.000343,199.999924
308097,-0.016163,0.898643,-0.237333,-0.124672,0.274526,-0.176432,-0.936998,-0.000687,199.999924
308101,-0.016157,0.898651,-0.237350,-0.124597,0.274604,-0.176252,-0.937018,-0.000343,199.999924
308105,-0.016150,0.898659,-0.237378,-0.124624,0.274548,-0.176162,-0.937048,-0.000343,199.999924
308108,-0.016138,0.898664,-0.237397,-0.124576,0.274373,-0.176180,-0.937102,-0.000343,199.999924
308111,-0.016145,0.898668,-0.237404,-0.124611,0.274267,-0.176349,-0.937097,-0.000687,199.999924
308115,-0.016221,0.898645,-0.237391,-0.124682,0.274844,-0.176211,-0.936944,-0.000687,199.999580
308119,-0.016141,0.898673,-0.237387,-0.124580,0.274343,-0.176134,-0.937120,-0.000343,199.999580
308122,-0.016154,0.898666,-0.237365,-0.124607,0.274492,-0.176117,-0.937075,-0.000343,199.999580
308126,-0.016195,0.898640,-0.237338,-0.124655,0.274678,-0.176239,-0.936992,-0.000687,199.999924
308129,-0.016163,0.898650,-0.237339,-0.124656,0.274517,-0.176122,-0.937060,-0.000343,199.999924
308133,-0.016192,0.898643,-0.237336,-0.124638,0.274624,-0.176215,-0.937014,-0.000343,199.999580
308136,-0.016216,0.898637,-0.237344,-0.124690,0.274850,-0.176133,-0.936956,-0.000343,199.999580
308140,-0.016161,0.898668,-0.237378,-0.124591,0.274333,-0.176225,-0.937104,-0.000343,199.999924
308144,-0.016239,0.898650,-0.237381,-0.124662,0.274735,-0.176409,-0.936942,-0.000343,199.999580
308147,-0.016236,0.898649,-0.237388,-0.124669,0.274783,-0.176365,-0.936935,-0.000343,199.999924
308151,-0.016166,0.898670,-0.237391,-0.124576,0.274288,-0.176326,-0.937100,-0.000687,199.999580
308154,-0.016172,0.898665,-0.237373,-0.124633,0.274404,-0.176327,-0.937058,-0.000343,199.999580
308158,-0.016185,0.898645,-0.237353,-0.124646,0.274667,-0.176372,-0.936971,-0.000687,199.999580
308161,-0.016144,0.898651,-0.237345,-0.124658,0.274486,-0.176355,-0.937025,-0.000343,199.999580
308165,-0.016160,0.898647,-0.237332,-0.124626,0.274593,-0.176336,-0.937002,-0.000687,199.999580
308168,-0.016190,0.898638,-0.237331,-0.124686,0.274745,-0.176402,-0.936937,-0.000687,199.999580
308172,-0.016149,0.898661,-0.237348,-0.124639,0.274339,-0.176275,-0.937086,-0.000687,199.999580
308175,-0.016161,0.898667,-0.237360,-0.124642,0.274280,-0.176385,-0.937082,-0.000343,199.999580
308179,-0.016236,0.898644,-0.237371,-0.124702,0.274820,-0.176251,-0.936941,-0.000687,199.999580
308183,-0.016168,0.898668,-0.237394,-0.124614,0.274359,-0.176088,-0.937119,-0.000343,199.999580
308186,-0.016172,0.898669,-0.237390,-0.124596,0.274452,-0.176150,-0.937082,-0.000343,199.999580
308190,-0.016192,0.898652,-0.237374,-0.124649,0.274670,-0.176143,-0.937012,-0.000687,199.999580
308193,-0.016159,0.898660,-0.237365,-0.124629,0.274502,-0.176171,-0.937059,-0.000687,199.999580
308197,-0.016165,0.898647,-0.237355,-0.124651,0.274639,-0.176130,-0.937024,-0.000343,199.999580
308200,-0.016192,0.898639,-0.237351,-0.124695,0.274831,-0.176131,-0.936962,-0.000687,199.999580
308204,-0.016133,0.898662,-0.237368,-0.124616,0.274349,-0.176171,-0.937106,-0.000343,199.999580
308207,-0.016138,0.898668,-0.237375,-0.124621,0.274396,-0.176064,-0.937111,-0.000687,199.999580
308211,-0.016224,0.898646,-0.237374,-0.124675,0.274779,-0.176315,-0.936945,-0.000343,199.999580
308215,-0.016170,0.898670,-0.237385,-0.124608,0.274300,-0.176396,-0.937079,-0.000343,199.999580
308218,-0.016187,0.898662,-0.237379,-0.124603,0.274405,-0.176242,-0.937078,-0.000687,199.999580
308222,-0.016216,0.898648,-0.237360,-0.124682,0.274669,-0.176436,-0.936953,-0.000343,199.999580
308225,-0.016165,0.898661,-0.237360,-0.124618,0.274438,-0.176256,-0.937064,-0.000687,199.999237
308229,-0.016186,0.898644,-0.237343,-0.124674,0.274634,-0.176376,-0.936976,-0.000687,199.999580
308232,-0.016197,0.898641,-0.237336,-0.124692,0.274779,-0.176410,-0.936925,-0.000343,199.998894
308236,-0.016135,0.898659,-0.237350,-0.124631,0.274297,-0.176284,-0.937098,-0.000687,199.997864
308239,-0.016143,0.898662,-0.237353,-0.124581,0.274278,-0.176339,-0.937100,-0.000687,199.993744
308243,-0.016223,0.898643,-0.237362,-0.124703,0.274808,-0.176335,-0.936929,-0.000343,199.984131
308247,-0.016156,0.898671,-0.237385,-0.124578,0.274370,-0.176053,-0.937127,-0.000343,199.963188
308250,-0.016186,0.898664,-0.237389,-0.124599,0.274470,-0.176276,-0.937053,-0.000343,199.924736
308254,-0.016193,0.898661,-0.237386,-0.124626,0.274685,-0.176156,-0.937009,-0.000343,199.877014
308257,-0.016173,0.898664,-0.237377,-0.124622,0.274468,-0.176258,-0.937054,-0.000687,199.823799
308261,-0.016191,0.898651,-0.237354,-0.124662,0.274723,-0.176087,-0.937006,-0.000343,199.776421
308264,-0.016209,0.898645,-0.237345,-0.124684,0.274807,-0.176275,-0.936943,-0.000343,199.728012
308268,-0.016130,0.898664,-0.237347,-0.124634,0.274386,-0.176073,-0.937111,-0.000687,199.704666
308271,-0.016125,0.898670,-0.237353,-0.124618,0.274396,-0.176142,-0.937097,-0.000343,199.635658
308275,-0.016195,0.898647,-0.237359,-0.124659,0.274779,-0.176172,-0.936974,-0.000687,199.580383
308278,-0.016180,0.898658,-0.237368,-0.124614,0.274618,-0.176177,-0.937026,-0.000343,199.513092
308282,-0.016166,0.898667,-0.237382,-0.124619,0.274490,-0.176136,-0.937071,-0.000687,199.433784
308286,-0.016207,0.898650,-0.237372,-0.124669,0.274608,-0.176465,-0.936968,-0.000343,199.342117
308289,-0.016164,0.898664,-0.237377,-0.124604,0.274426,-0.176163,-0.937086,-0.000687,199.238434
308292,-0.016145,0.898673,-0.237371,-0.124572,0.274370,-0.176054,-0.937128,-0.000687,199.127197
308296,-0.016224,0.898638,-0.237351,-0.124647,0.274815,-0.176288,-0.936943,-0.000687,199.005318
308300,-0.016147,0.898669,-0.237355,-0.124583,0.274266,-0.176378,-0.937095,-0.000687,198.867989
308303,-0.016145,0.898668,-0.237356,-0.124590,0.274307,-0.176264,-0.937104,-0.000687,198.725510
308307,-0.016215,0.898645,-0.237354,-0.124687,0.274753,-0.176442,-0.936927,-0.000343,198.581314
308310,-0.016185,0.898659,-0.237374,-0.124598,0.274597,-0.176333,-0.937005,-0.000343,198.430595
308314,-0.016182,0.898661,-0.237383,-0.124597,0.274493,-0.176360,-0.937030,-0.000687,198.265114
308318,-0.016170,0.898666,-0.237396,-0.124606,0.274600,-0.176097,-0.937048,-0.000343,198.086243
308321,-0.016150,0.898673,-0.237400,-0.124580,0.274400,-0.176332,-0.937065,-0.000687,197.894325
308324,-0.016128,0.898679,-0.237399,-0.124572,0.274271,-0.176330,-0.937104,-0.000343,197.694168
308328,-0.016193,0.898653,-0.237385,-0.124615,0.274782,-0.176316,-0.936952,-0.000687,197.467232
308332,-0.016110,0.898676,-0.237383,-0.124583,0.274374,-0.176024,-0.937131,-0.000343,197.221069
308335,-0.016118,0.898676,-0.237382,-0.124569,0.274379,-0.176203,-0.937097,-0.000343,196.971474
308339,-0.016165,0.898656,-0.237374,-0.124579,0.274743,-0.176119,-0.937005,-0.000687,196.696472
308342,-0.016150,0.898665,-0.237378,-0.124573,0.274577,-0.176231,-0.937034,-0.000343,196.418724
308346,-0.016129,0.898678,-0.237389,-0.124543,0.274537,-0.176107,-0.937073,-0.000343,196.141319
308349,-0.016170,0.898667,-0.237386,-0.124550,0.274720,-0.176214,-0.936998,-0.000343,195.833359
308353,-0.016121,0.898683,-0.237406,-0.124548,0.274357,-0.176052,-0.937135,-0.000687,195.519905
308356,-0.016100,0.898694,-0.237419,-0.124496,0.274302,-0.176096,-0.937150,-0.000343,195.173836
308360,-0.016172,0.898662,-0.237416,-0.124580,0.274780,-0.176193,-0.936980,-0.000343,194.829483
308364,-0.016087,0.898698,-0.237432,-0.124509,0.274190,-0.176297,-0.937143,-0.000687,194.443932
308367,-0.016091,0.898695,-0.237434,-0.124479,0.274311,-0.176118,-0.937145,-0.000687,194.056664
308371,-0.016157,0.898677,-0.237428,-0.124523,0.274625,-0.176418,-0.936991,-0.000343,193.636436
308374,-0.016119,0.898693,-0.237443,-0.124440,0.274487,-0.176225,-0.937079,-0.000343,193.393364
308378,-0.016124,0.898694,-0.237454,-0.124446,0.274450,-0.176387,-0.937058,-0.000343,192.767830
308381,-0.016142,0.898691,-0.237465,-0.124473,0.274655,-0.176216,-0.937027,-0.000343,192.290955
308385,-0.016091,0.898716,-0.237485,-0.124376,0.274252,-0.176345,-0.937133,-0.000687,191.817856
308389,-0.016135,0.898699,-0.237487,-0.124436,0.274642,-0.176167,-0.937045,-0.000343,191.321411
308392,-0.016147,0.898703,-0.237489,-0.124379,0.274660,-0.176409,-0.937001,-0.000687,190.782051
308395,-0.016127,0.898704,-0.237497,-0.124388,0.274565,-0.176372,-0.937035,-0.000687,190.231361
308399,-0.016076,0.898726,-0.237507,-0.124294,0.274258,-0.176311,-0.937149,-0.000343,189.681015
308403,-0.016101,0.898717,-0.237514,-0.124316,0.274622,-0.176150,-0.937070,-0.000687,189.114189
308406,-0.016086,0.898727,-0.237524,-0.124281,0.274379,-0.176301,-0.937117,-0.000343,188.488312
308410,-0.016069,0.898736,-0.237537,-0.124214,0.274406,-0.176080,-0.937160,-0.000687,187.826042
308413,-0.016101,0.898729,-0.237550,-0.124240,0.274545,-0.176306,-0.937073,-0.000687,187.146606
308417,-0.016039,0.898753,-0.237568,-0.124183,0.274198,-0.176048,-0.937230,-0.000343,186.810493
308418,-0.016076,0.898743,-0.237568,-0.124196,0.274328,-0.176328,-0.937138,-0.000687,185.788078
308423,-0.016090,0.898741,-0.237591,-0.124187,0.274604,-0.176142,-0.937093,-0.000343,185.079460
308426,-0.016079,0.898747,-0.237597,-0.124145,0.274518,-0.176214,-0.937111,-0.000343,184.706268
308430,-0.015999,0.898778,-0.237609,-0.124030,0.274122,-0.176069,-0.937269,-0.000687,183.558540
308433,-0.016022,0.898770,-0.237612,-0.124052,0.274312,-0.176132,-0.937199,-0.000687,182.752762
308437,-0.016000,0.898777,-0.237631,-0.124002,0.274231,-0.176046,-0.937245,-0.000687,181.933250
308441,-0.016008,0.898777,-0.237639,-0.123992,0.274245,-0.176259,-0.937202,-0.000343,181.078377
308444,-0.016020,0.898774,-0.237648,-0.124006,0.274482,-0.176094,-0.937162,-0.000343,180.564766
308448,-0.015956,0.898803,-0.237672,-0.123873,0.274004,-0.176243,-0.937292,-0.000343,179.301338
308451,-0.015952,0.898805,-0.237679,-0.123877,0.274012,-0.175979,-0.937338,-0.000687,178.377457
308455,-0.016027,0.898787,-0.237675,-0.123926,0.274449,-0.176254,-0.937152,-0.000687,177.426453
308459,-0.015940,0.898816,-0.237696,-0.123833,0.274014,-0.175999,-0.937340,-0.000687,176.464806
308462,-0.015937,0.898813,-0.237699,-0.123790,0.274029,-0.176099,-0.937322,-0.000687,175.475349
308466,-0.015948,0.898810,-0.237712,-0.123768,0.274362,-0.175903,-0.937265,-0.000687,174.459114
308469,-0.015917,0.898818,-0.237717,-0.123702,0.274086,-0.176091,-0.937319,-0.000343,173.443565
308473,-0.015901,0.898822,-0.237728,-0.123699,0.274184,-0.175778,-0.937349,-0.000687,172.379951
308476,-0.015919,0.898818,-0.237733,-0.123686,0.274309,-0.175959,-0.937281,-0.000687,171.307755
308480,-0.015853,0.898840,-0.237750,-0.123593,0.273968,-0.175670,-0.937447,-0.000687,170.206718
308484,-0.015897,0.898827,-0.237758,-0.123550,0.274296,-0.175809,-0.937330,-0.000343,169.105682
308487,-0.015890,0.898834,-0.237762,-0.123521,0.274381,-0.175666,-0.937336,-0.000687,167.973404
308490,-0.015880,0.898835,-0.237769,-0.123485,0.274250,-0.175747,-0.937364,-0.000687,167.386322
308494,-0.015817,0.898863,-0.237784,-0.123392,0.274021,-0.175492,-0.937491,-0.000343,165.632286
308497,-0.015841,0.898852,-0.237788,-0.123395,0.274160,-0.175553,-0.937439,-0.000687,165.066490
308501,-0.015805,0.898865,-0.237800,-0.123370,0.274083,-0.175404,-0.937492,-0.000343,163.251343
308505,-0.015819,0.898859,-0.237802,-0.123290,0.274119,-0.175524,-0.937470,-0.000687,162.612762
308508,-0.015809,0.898862,-0.237788,-0.123337,0.274426,-0.175264,-0.937422,-0.000687,160.794868
308512,-0.015756,0.898880,-0.237814,-0.123192,0.273858,-0.175420,-0.937578,-0.000687,159.524574
308515,-0.015741,0.898880,-0.237817,-0.123172,0.273894,-0.175147,-0.937621,-0.000687,158.776474
308519,-0.015802,0.898862,-0.237807,-0.123193,0.274240,-0.175373,-0.937476,-0.000687,156.942444
308522,-0.015774,0.898871,-0.237811,-0.123129,0.274165,-0.175215,-0.937535,-0.000343,155.656013
308526,-0.015745,0.898878,-0.237809,-0.123066,0.273943,-0.175243,-0.937603,-0.000687,154.346581
308529,-0.015753,0.898875,-0.237809,-0.123071,0.274118,-0.175071,-0.937584,-0.000343,153.014145
308533,-0.015736,0.898880,-0.237810,-0.123019,0.273970,-0.175088,-0.937630,-0.000343,151.667290
308537,-0.015739,0.898880,-0.237809,-0.122961,0.274166,-0.174834,-0.937628,-0.000687,150.306358
308540,-0.015753,0.898876,-0.237812,-0.122898,0.274233,-0.174942,-0.937597,-0.000343,148.933411
308544,-0.015682,0.898902,-0.237825,-0.122755,0.273907,-0.174515,-0.937790,-0.000343,148.246422
308547,-0.015676,0.898899,-0.237832,-0.122719,0.273876,-0.174511,-0.937805,-0.000343,146.154556
308551,-0.015703,0.898888,-0.237834,-0.122579,0.274313,-0.174203,-0.937753,-0.000687,144.738007
308554,-0.015677,0.898895,-0.237839,-0.122501,0.274170,-0.174131,-0.937818,-0.000687,143.309784
308558,-0.015596,0.898923,-0.237857,-0.122248,0.274015,-0.173546,-0.938005,-0.000687,141.876411
308561,-0.015602,0.898915,-0.237854,-0.122158,0.274172,-0.173432,-0.937992,-0.000687,140.434113
308565,-0.015535,0.898935,-0.237864,-0.121926,0.274068,-0.172984,-0.938135,-0.000687,138.978767
308568,-0.015491,0.898946,-0.237872,-0.121717,0.273957,-0.172734,-0.938241,-0.000687,137.504883
308572,-0.015488,0.898937,-0.237865,-0.121512,0.274332,-0.172245,-0.938248,-0.000343,136.007309
308576,-0.015391,0.898971,-0.237882,-0.121164,0.273958,-0.171932,-0.938459,-0.000343,135.284271
308579,-0.015350,0.898978,-0.237885,-0.121015,0.274064,-0.171346,-0.938555,-0.000343,133.035851
308583,-0.015361,0.898973,-0.237885,-0.120752,0.274337,-0.171212,-0.938533,-0.000687,131.546860
308586,-0.015295,0.898994,-0.237899,-0.120405,0.274318,-0.170553,-0.938703,-0.000687,130.622635
308590,-0.015201,0.899018,-0.237921,-0.119951,0.274202,-0.169878,-0.938918,-0.000687,128.502274
308593,-0.015144,0.899035,-0.237939,-0.119474,0.274364,-0.168960,-0.939097,-0.000687,126.984444
308597,-0.015016,0.899066,-0.237981,-0.118801,0.274306,-0.168014,-0.939369,-0.000343,125.457344
308600,-0.014923,0.899094,-0.238000,-0.118326,0.274273,-0.167036,-0.939613,-0.000343,123.924065
308604,-0.014868,0.899114,-0.238024,-0.117752,0.274506,-0.166311,-0.939746,-0.000687,122.377396
308608,-0.014719,0.899155,-0.238049,-0.117158,0.274317,-0.165122,-0.940084,-0.000343,120.841026
308611,-0.014641,0.899174,-0.238066,-0.116689,0.274263,-0.164445,-0.940277,-0.000687,119.264145
308615,-0.014553,0.899202,-0.238081,-0.115876,0.274746,-0.162970,-0.940494,-0.000343,117.676964
308618,-0.014425,0.899233,-0.238111,-0.115211,0.274643,-0.162006,-0.940772,-0.000343,116.129265
308622,-0.014239,0.899294,-0.238153,-0.114239,0.274554,-0.160243,-0.941218,-0.000687,114.602852
308626,-0.014137,0.899325,-0.238180,-0.113493,0.274746,-0.159081,-0.941450,-0.000687,112.996445
308629,-0.013993,0.899367,-0.238211,-0.112753,0.274715,-0.157727,-0.941775,-0.000343,111.403084
308632,-0.013854,0.899410,-0.238249,-0.111964,0.274595,-0.156616,-0.942090,-0.001030,109.802513
308636,-0.013772,0.899429,-0.238264,-0.111198,0.274994,-0.155251,-0.942290,-0.000343,108.225288
308639,-0.013668,0.899457,-0.238299,-0.110524,0.274999,-0.154251,-0.942532,-0.000343,106.670723
308643,-0.013451,0.899522,-0.238375,-0.109408,0.274797,-0.152398,-0.943023,-0.000343,105.107918
308647,-0.013304,0.899568,-0.238428,-0.108151,0.275076,-0.150809,-0.943342,-0.000343,103.522453
308650,-0.013088,0.899639,-0.238495,-0.106843,0.275041,-0.148874,-0.943808,-0.000343,101.929092
308654,-0.012830,0.899702,-0.238561,-0.105483,0.274937,-0.146772,-0.944320,-0.000343,100.326805
308657,-0.012699,0.899740,-0.238580,-0.104414,0.275131,-0.145053,-0.944648,-0.000687,99.559135
308661,-0.012411,0.899800,-0.238657,-0.102793,0.275041,-0.142629,-0.945221,-0.000687,97.112617
308664,-0.012227,0.899840,-0.238698,-0.101790,0.274962,-0.140875,-0.945616,-0.000687,95.519600
308668,-0.012091,0.899878,-0.238742,-0.100756,0.275203,-0.139405,-0.945874,-0.000687,93.990097
308672,-0.011862,0.899941,-0.238827,-0.099744,0.275064,-0.137514,-0.946299,-0.000343,92.434502
308675,-0.011764,0.899974,-0.238874,-0.098943,0.275112,-0.136434,-0.946525,-0.000343,90.788612
308679,-0.011599,0.900020,-0.238952,-0.097568,0.275471,-0.134445,-0.946848,-0.000687,89.167099
308682,-0.011440,0.900062,-0.239009,-0.096537,0.275378,-0.133033,-0.947180,-0.000687,87.576485
308686,-0.011211,0.900113,-0.239052,-0.095308,0.275334,-0.130847,-0.947622,-0.000687,86.048012
308689,-0.011063,0.900139,-0.239082,-0.094335,0.275413,-0.129471,-0.947885,-0.000687,84.525719
308693,-0.010778,0.900202,-0.239129,-0.092857,0.275288,-0.127070,-0.948392,-0.000343,82.980080
308696,-0.010598,0.900242,-0.239161,-0.091710,0.275123,-0.125361,-0.948779,-0.000687,81.415901
308700,-0.010319,0.900306,-0.239230,-0.089753,0.275504,-0.122309,-0.949253,-0.000343,79.807091
308703,-0.010078,0.900363,-0.239305,-0.088254,0.275515,-0.120154,-0.949666,-0.000687,78.215103
308707,-0.009751,0.900434,-0.239425,-0.086371,0.275242,-0.117147,-0.950294,-0.000687,76.683540
308711,-0.009509,0.900498,-0.239535,-0.084698,0.275513,-0.114842,-0.950647,-0.000687,75.185280
308714,-0.009283,0.900561,-0.239622,-0.083442,0.275502,-0.112684,-0.951020,-0.000687,74.189987
308718,-0.008965,0.900627,-0.239725,-0.081730,0.275278,-0.110176,-0.951527,-0.000343,72.645035
308721,-0.008836,0.900659,-0.239760,-0.080762,0.275473,-0.108789,-0.951712,-0.000343,71.367874
308725,-0.008577,0.900697,-0.239816,-0.079397,0.275411,-0.106750,-0.952076,-0.000343,69.069328
308728,-0.008316,0.900737,-0.239881,-0.078006,0.275292,-0.104500,-0.952475,-0.000343,67.569351
308732,-0.008078,0.900794,-0.239938,-0.076178,0.275490,-0.101944,-0.952843,-0.000343,66.075897
308735,-0.007877,0.900831,-0.239996,-0.074817,0.275530,-0.099969,-0.953148,-0.000343,65.295525
308739,-0.007595,0.900873,-0.240073,-0.073432,0.275040,-0.097675,-0.953635,-0.000687,63.836060
308742,-0.007473,0.900899,-0.240119,-0.072390,0.275171,-0.096140,-0.953833,-0.000343,61.615791
308746,-0.007312,0.900934,-0.240184,-0.071200,0.275291,-0.094489,-0.954053,-0.000343,60.750618
308749,-0.007138,0.900962,-0.240233,-0.070197,0.275200,-0.092798,-0.954320,-0.000687,58.729820
308753,-0.006945,0.901003,-0.240302,-0.068732,0.275392,-0.090703,-0.954572,-0.000343,57.287178
308757,-0.006654,0.901049,-0.240371,-0.067170,0.275237,-0.088360,-0.954948,-0.000687,56.418228
308760,-0.006441,0.901070,-0.240415,-0.066063,0.275021,-0.086915,-0.955220,-0.000687,54.993439
308764,-0.006213,0.901096,-0.240468,-0.064646,0.275315,-0.084754,-0.955426,-0.000343,53.588219
308767,-0.006022,0.901121,-0.240512,-0.063680,0.275274,-0.083366,-0.955625,-0.000343,52.340927
308771,-0.005778,0.901150,-0.240565,-0.062462,0.275039,-0.081180,-0.955961,-0.000343,50.811768
308775,-0.005651,0.901171,-0.240611,-0.061326,0.275209,-0.079737,-0.956107,-0.000343,48.915596
308778,-0.005526,0.901187,-0.240659,-0.060425,0.275151,-0.078300,-0.956300,-0.000343,47.550201
308782,-0.005354,0.901219,-0.240729,-0.059333,0.274986,-0.076491,-0.956562,-0.000687,46.205063
308785,-0.005287,0.901235,-0.240774,-0.058516,0.275136,-0.075217,-0.956671,-0.000343,44.875031
308789,-0.005084,0.901264,-0.240870,-0.057242,0.274969,-0.073387,-0.956938,-0.000687,43.566284
308792,-0.004923,0.901286,-0.240933,-0.056213,0.274888,-0.071781,-0.957144,-0.000343,42.260628
308796,-0.004786,0.901314,-0.240988,-0.055199,0.275209,-0.070533,-0.957203,-0.000343,40.982437
308799,-0.004651,0.901329,-0.241023,-0.054456,0.275176,-0.069319,-0.957344,-0.000343,39.725533
308803,-0.004423,0.901338,-0.241063,-0.053488,0.274799,-0.067851,-0.957612,-0.000343,39.101715
308806,-0.004288,0.901343,-0.241082,-0.052629,0.274941,-0.066387,-0.957722,-0.000343,37.255325
308810,-0.004133,0.901364,-0.241117,-0.051608,0.275012,-0.065123,-0.957844,-0.000343,36.041679
308814,-0.003999,0.901373,-0.241150,-0.050844,0.274928,-0.063761,-0.958000,-0.000343,34.852066
308817,-0.003939,0.901386,-0.241187,-0.050248,0.274982,-0.063127,-0.958058,-0.000687,33.672752
308821,-0.003779,0.901413,-0.241257,-0.049331,0.274767,-0.061678,-0.958262,-0.000343,32.508202
308824,-0.003677,0.901432,-0.241303,-0.048690,0.274646,-0.060741,-0.958389,-0.000343,31.371803
308828,-0.003593,0.901457,-0.241358,-0.047646,0.275097,-0.059282,-0.958403,-0.000343,30.234032
308831,-0.003470,0.901476,-0.241391,-0.046780,0.274986,-0.058278,-0.958539,-0.000343,29.119949
308835,-0.003251,0.901491,-0.241431,-0.045753,0.274816,-0.056189,-0.958763,-0.000343,28.030586
308839,-0.003125,0.901500,-0.241458,-0.044683,0.275049,-0.054813,-0.958826,-0.000343,26.991692
308842,-0.002967,0.901504,-0.241497,-0.043827,0.274925,-0.053505,-0.958975,-0.000343,25.965157
308846,-0.002764,0.901514,-0.241546,-0.042858,0.274748,-0.051901,-0.959158,-0.000343,24.950294
308849,-0.002684,0.901527,-0.241573,-0.042226,0.274848,-0.050975,-0.959206,-0.000343,24.455566
308852,-0.002595,0.901533,-0.241608,-0.041676,0.274786,-0.050284,-0.959285,-0.000343,22.960396
308856,-0.002441,0.901533,-0.241664,-0.040987,0.274561,-0.048860,-0.959452,-0.000343,21.993599
308860,-0.002395,0.901543,-0.241694,-0.040246,0.274846,-0.047966,-0.959447,-0.000343,21.064568
308863,-0.002300,0.901557,-0.241733,-0.039605,0.274829,-0.046921,-0.959531,-0.000343,20.152359
308867,-0.002176,0.901551,-0.241760,-0.039028,0.274423,-0.045955,-0.959717,-0.000343,19.277916
308871,-0.002132,0.901562,-0.241775,-0.038483,0.274756,-0.045305,-0.959675,0.000000,18.403473
308874,-0.002039,0.901561,-0.241795,-0.038079,0.274648,-0.044660,-0.959752,-0.000343,17.987709
308878,-0.001949,0.901564,-0.241804,-0.037631,0.274693,-0.043901,-0.959792,-0.000343,16.762733
308881,-0.001892,0.901562,-0.241828,-0.037221,0.274754,-0.043374,-0.959814,0.000000,15.979614
308884,-0.001829,0.901568,-0.241830,-0.036832,0.274874,-0.042663,-0.959827,-0.000343,15.228081
308888,-0.001686,0.901573,-0.241868,-0.036267,0.274392,-0.041802,-0.960024,-0.000343,14.500923
308892,-0.001616,0.901581,-0.241901,-0.035546,0.274746,-0.040793,-0.959993,0.000000,13.783379
308895,-0.001533,0.901592,-0.241925,-0.035064,0.274613,-0.040134,-0.960077,-0.000343,13.089180
308899,-0.001378,0.901595,-0.241978,-0.034345,0.274377,-0.038704,-0.960229,0.000000,12.425880
308902,-0.001300,0.901604,-0.242015,-0.033809,0.274423,-0.038054,-0.960261,-0.000343,11.796227
308906,-0.001211,0.901609,-0.242045,-0.033279,0.274450,-0.037150,-0.960307,0.000000,11.148376
308909,-0.001148,0.901606,-0.242067,-0.032987,0.274317,-0.036764,-0.960370,-0.000343,10.561638
308913,-0.001119,0.901616,-0.242074,-0.032535,0.274470,-0.036002,-0.960370,0.000000,10.206985
308917,-0.001062,0.901610,-0.242087,-0.032228,0.274278,-0.035451,-0.960456,0.000000,9.406700
308920,-0.001027,0.901610,-0.242093,-0.032023,0.274224,-0.035080,-0.960492,-0.000343,8.887253
308924,-0.001031,0.901613,-0.242099,-0.031770,0.274583,-0.034903,-0.960404,0.000000,8.393211
308927,-0.000980,0.901616,-0.242113,-0.031575,0.274547,-0.034573,-0.960433,0.000000,8.084221
308931,-0.000874,0.901620,-0.242136,-0.031339,0.274220,-0.034188,-0.960548,0.000000,7.427101
308934,-0.000853,0.901624,-0.242140,-0.031161,0.274413,-0.033863,-0.960510,-0.000343,6.962242
308938,-0.000815,0.901622,-0.242141,-0.030966,0.274326,-0.033758,-0.960545,0.000000,6.555748
308941,-0.000778,0.901613,-0.242138,-0.030808,0.274209,-0.033297,-0.960600,0.000343,6.121101
308945,-0.000800,0.901617,-0.242126,-0.030642,0.274508,-0.033313,-0.960519,0.000000,5.714607
308948,-0.000786,0.901618,-0.242126,-0.030556,0.274583,-0.032933,-0.960513,0.000343,5.310173
308952,-0.000716,0.901612,-0.242148,-0.030368,0.274085,-0.032768,-0.960667,0.000000,4.970970
308956,-0.000740,0.901625,-0.242155,-0.030178,0.274479,-0.032727,-0.960562,0.000343,4.758453
308959,-0.000723,0.901621,-0.242171,-0.030086,0.274360,-0.032505,-0.960607,0.000343,4.309044
308963,-0.000668,0.901619,-0.242196,-0.029913,0.274250,-0.032117,-0.960656,0.000343,3.984261
308966,-0.000668,0.901620,-0.242202,-0.029829,0.274373,-0.032069,-0.960626,0.000343,3.677330
308970,-0.000645,0.901621,-0.242207,-0.029719,0.274303,-0.031854,-0.960656,0.000343,3.376579
308973,-0.000602,0.901621,-0.242211,-0.029621,0.274143,-0.031725,-0.960709,0.000343,3.118057
308977,-0.000630,0.901625,-0.242189,-0.029461,0.274476,-0.031514,-0.960626,0.000343,2.874298
308980,-0.000619,0.901623,-0.242184,-0.029383,0.274429,-0.031581,-0.960639,0.000343,2.651825
308984,-0.000535,0.901618,-0.242198,-0.029288,0.274223,-0.030930,-0.960722,0.000343,2.417679
308987,-0.000530,0.901615,-0.242200,-0.029197,0.274241,-0.031027,-0.960717,0.000687,2.192116
308991,-0.000515,0.901623,-0.242212,-0.029073,0.274466,-0.030769,-0.960665,0.000343,1.996422
308994,-0.000484,0.901619,-0.242226,-0.028989,0.274276,-0.030785,-0.960721,0.000343,1.803818
308998,-0.000476,0.901626,-0.242226,-0.028835,0.274395,-0.030335,-0.960706,0.000343,1.605034
309002,-0.000455,0.901621,-0.242234,-0.028739,0.274244,-0.030177,-0.960757,0.000343,1.440239
309005,-0.000446,0.901618,-0.242237,-0.028670,0.274157,-0.029962,-0.960791,0.000343,1.285744
309009,-0.000486,0.901625,-0.242238,-0.028587,0.274490,-0.030036,-0.960696,0.000687,1.218796
309012,-0.000473,0.901630,-0.242242,-0.028519,0.274484,-0.029845,-0.960705,0.000343,1.046448
309016,-0.000407,0.901624,-0.242268,-0.028427,0.274090,-0.029770,-0.960823,0.000687,0.949974
309020,-0.000445,0.901632,-0.242265,-0.028398,0.274434,-0.030023,-0.960718,0.000687,0.832214
309023,-0.000422,0.901628,-0.242271,-0.028325,0.274278,-0.029751,-0.960773,0.000687,0.724754
309026,-0.000387,0.901626,-0.242272,-0.028297,0.274238,-0.029397,-0.960796,0.000687,0.667076
309030,-0.000407,0.901628,-0.242264,-0.028243,0.274376,-0.029594,-0.960752,0.000343,0.546227
309033,-0.000404,0.901631,-0.242255,-0.028201,0.274533,-0.029354,-0.960716,0.000687,0.424690
309037,-0.000326,0.901627,-0.242272,-0.028172,0.274037,-0.029344,-0.960858,0.000687,0.388985
309041,-0.000368,0.901632,-0.242255,-0.028139,0.274425,-0.029443,-0.960746,0.000687,0.314140
309044,-0.000359,0.901633,-0.242255,-0.028090,0.274373,-0.029487,-0.960760,0.000687,0.272942
309048,-0.000303,0.901630,-0.242274,-0.028090,0.274161,-0.029090,-0.960833,0.000687,0.228653
309051,-0.000325,0.901631,-0.242265,-0.028068,0.274212,-0.029229,-0.960815,0.000343,0.189857
309055,-0.000331,0.901631,-0.242276,-0.028020,0.274333,-0.029145,-0.960784,0.000687,0.145912
309059,-0.000320,0.901632,-0.242281,-0.027971,0.274259,-0.028815,-0.960817,0.000687,0.110207
309062,-0.000355,0.901631,-0.242280,-0.027952,0.274390,-0.029002,-0.960775,0.000343,0.066948
309065,-0.000368,0.901634,-0.242285,-0.027940,0.274415,-0.029223,-0.960761,0.000343,0.049095
309069,-0.000306,0.901630,-0.242295,-0.027895,0.274075,-0.028797,-0.960872,0.000687,0.041885
309073,-0.000356,0.901635,-0.242290,-0.027889,0.274526,-0.028846,-0.960742,0.000687,0.030556
309076,-0.000337,0.901638,-0.242296,-0.027850,0.274473,-0.028853,-0.960758,0.000687,0.008926
309080,-0.000279,0.901634,-0.242307,-0.027839,0.274098,-0.028693,-0.960871,0.000343,-0.002403
309083,-0.000285,0.901637,-0.242305,-0.027803,0.274277,-0.028637,-0.960822,0.000687,-0.009270
309087,-0.000296,0.901631,-0.242300,-0.027818,0.274245,-0.028766,-0.960827,0.000343,-0.012703
309091,-0.000295,0.901636,-0.242296,-0.027789,0.274226,-0.028908,-0.960829,0.000343,-0.013733
309094,-0.000308,0.901637,-0.242295,-0.027746,0.274377,-0.028787,-0.960791,0.000343,-0.014076
309097,-0.000318,0.901632,-0.242286,-0.027794,0.274552,-0.028674,-0.960743,0.000687,-0.014076
309101,-0.000248,0.901633,-0.242309,-0.027757,0.274009,-0.028671,-0.960899,0.000343,-0.013733
309105,-0.000319,0.901641,-0.242298,-0.027764,0.274451,-0.028931,-0.960765,0.000687,-0.014076
309108,-0.000320,0.901632,-0.242301,-0.027764,0.274364,-0.028861,-0.960792,0.000343,-0.013733
309112,-0.000285,0.901635,-0.242311,-0.027716,0.274082,-0.028678,-0.960879,0.000687,-0.013733
309115,-0.000324,0.901632,-0.242304,-0.027742,0.274244,-0.028808,-0.960828,0.000343,-0.013733
309119,-0.000332,0.901634,-0.242309,-0.027722,0.274242,-0.028742,-0.960831,0.000343,-0.013733
309122,-0.000315,0.901630,-0.242321,-0.027745,0.274058,-0.028696,-0.960884,0.000687,-0.013390
309126,-0.000353,0.901637,-0.242314,-0.027712,0.274418,-0.028711,-0.960782,0.000687,-0.013733
309130,-0.000292,0.901634,-0.242335,-0.027660,0.274122,-0.028360,-0.960879,0.000687,-0.013390
309133,-0.000285,0.901631,-0.242335,-0.027685,0.274060,-0.028488,-0.960892,0.000343,-0.013390
309137,-0.000331,0.901638,-0.242318,-0.027620,0.274477,-0.028535,-0.960773,0.000687,-0.013390
309140,-0.000308,0.901639,-0.242312,-0.027654,0.274416,-0.028571,-0.960789,0.000343,-0.013046
309144,-0.000260,0.901632,-0.242306,-0.027603,0.274078,-0.028383,-0.960892,0.000687,-0.013046
309147,-0.000275,0.901634,-0.242291,-0.027650,0.274345,-0.028449,-0.960813,0.000687,-0.012703
309151,-0.000266,0.901633,-0.242283,-0.027671,0.274246,-0.028476,-0.960839,0.000687,-0.012360
309154,-0.000249,0.901627,-0.242283,-0.027653,0.274138,-0.028363,-0.960874,0.000687,-0.012016
309158,-0.000289,0.901637,-0.242270,-0.027617,0.274448,-0.028547,-0.960781,0.000687,-0.011330
309161,-0.000294,0.901633,-0.242261,-0.027642,0.274499,-0.028468,-0.960768,0.000687,-0.010643
309165,-0.000223,0.901630,-0.242277,-0.027621,0.273998,-0.028477,-0.960912,0.000687,-0.009956
309169,-0.000277,0.901638,-0.242264,-0.027627,0.274388,-0.028804,-0.960790,0.000687,-0.009270
309172,-0.000256,0.901633,-0.242266,-0.027612,0.274326,-0.028594,-0.960815,0.000687,-0.006523
309176,-0.000211,0.901633,-0.242276,-0.027599,0.274117,-0.028531,-0.960877,0.000343,-0.004120
309179,-0.000231,0.901630,-0.242267,-0.027635,0.274295,-0.028546,-0.960824,0.000687,-0.001717
309183,-0.000206,0.901634,-0.242272,-0.027594,0.274127,-0.028569,-0.960873,0.000343,-0.000687
309186,-0.000182,0.901634,-0.242281,-0.027608,0.274010,-0.028518,-0.960907,0.000687,0.002403
309190,-0.000249,0.901634,-0.242264,-0.027615,0.274416,-0.028653,-0.960787,0.000687,0.003777
309194,-0.000189,0.901629,-0.242283,-0.027555,0.274093,-0.028257,-0.960893,0.000343,0.004807
309197,-0.000206,0.901630,-0.242284,-0.027560,0.274000,-0.028470,-0.960913,0.000343,0.005493
309200,-0.000232,0.901625,-0.242284,-0.027622,0.274121,-0.028586,-0.960873,0.000343,0.005493
309204,-0.000254,0.901631,-0.242288,-0.027597,0.274359,-0.028487,-0.960809,0.000687,0.005836
309208,-0.000226,0.901628,-0.242302,-0.027578,0.274168,-0.028269,-0.960871,0.000687,0.005836
309211,-0.000260,0.901630,-0.242305,-0.027569,0.274325,-0.028449,-0.960821,0.000687,0.005836
309215,-0.000239,0.901631,-0.242320,-0.027545,0.274190,-0.028285,-0.960865,0.000343,0.005836
309218,-0.000234,0.901629,-0.242332,-0.027565,0.274066,-0.028322,-0.960898,0.000687,0.006180
309222,-0.000294,0.901635,-0.242330,-0.027553,0.274496,-0.028393,-0.960774,0.000687,0.006180
309225,-0.000311,0.901633,-0.242331,-0.027603,0.274526,-0.028424,-0.960763,0.000687,0.006180
309229,-0.000247,0.901629,-0.242340,-0.027512,0.273990,-0.028305,-0.960922,0.000343,0.006180
309232,-0.000264,0.901631,-0.242325,-0.027543,0.274193,-0.028240,-0.960865,0.000687,0.005836
309236,-0.000294,0.901630,-0.242301,-0.027578,0.274302,-0.028498,-0.960826,0.000343,0.005836
309239,-0.000254,0.901627,-0.242296,-0.027559,0.274183,-0.028268,-0.960867,0.000687,0.006180
309243,-0.000286,0.901624,-0.242277,-0.027576,0.274329,-0.028446,-0.960819,0.000687,0.006180
309246,-0.000300,0.901627,-0.242269,-0.027549,0.274467,-0.028336,-0.960784,0.000687,0.006180
309250,-0.000240,0.901623,-0.242291,-0.027573,0.274004,-0.028418,-0.960913,0.000687,0.006180
309254,-0.000327,0.901630,-0.242287,-0.027583,0.274429,-0.028668,-0.960784,0.000343,0.005836
309257,-0.000322,0.901632,-0.242305,-0.027551,0.274368,-0.028666,-0.960802,0.000343,0.005836
309261,-0.000282,0.901629,-0.242336,-0.027540,0.274045,-0.028476,-0.960901,0.000687,0.006180
309265,-0.000325,0.901636,-0.242335,-0.027552,0.274481,-0.028350,-0.960779,0.000343,0.005836
309268,-0.000296,0.901634,-0.242347,-0.027521,0.274290,-0.028488,-0.960831,0.000687,0.005836
309271,-0.000272,0.901630,-0.242340,-0.027538,0.274068,-0.028551,-0.960892,0.000687,0.006180
309275,-0.000287,0.901637,-0.242307,-0.027516,0.274335,-0.028435,-0.960820,0.000343,0.005836
309278,-0.000294,0.901634,-0.242289,-0.027589,0.274430,-0.028673,-0.960784,0.000343,0.005836
309282,-0.000230,0.901626,-0.242276,-0.027566,0.274046,-0.028293,-0.960905,0.000687,0.005836
309286,-0.000287,0.901628,-0.242263,-0.027540,0.274492,-0.028329,-0.960777,0.000687,0.005493
309289,-0.000284,0.901632,-0.242259,-0.027555,0.274449,-0.028363,-0.960788,0.000343,0.005493
309293,-0.000228,0.901634,-0.242288,-0.027500,0.274087,-0.028267,-0.960896,0.000687,0.005836
309297,-0.000296,0.901637,-0.242288,-0.027540,0.274352,-0.028663,-0.960808,0.000343,0.005836
309300,-0.000282,0.901633,-0.242297,-0.027515,0.274258,-0.028391,-0.960843,0.000343,0.005836
309304,-0.000285,0.901634,-0.242302,-0.027546,0.274215,-0.028569,-0.960849,0.000343,0.005493
309307,-0.000289,0.901639,-0.242292,-0.027505,0.274411,-0.028402,-0.960799,0.000687,0.005493
309311,-0.000247,0.901633,-0.242287,-0.027549,0.274027,-0.028591,-0.960902,0.000343,0.005493
309314,-0.000209,0.901625,-0.242287,-0.027508,0.273972,-0.028349,-0.960926,0.000343,0.005493
309317,-0.000209,0.901623,-0.242274,-0.027502,0.274089,-0.028086,-0.960901,0.000343,0.005493
309321,-0.000268,0.901631,-0.242262,-0.027574,0.274356,-0.028512,-0.960810,0.000343,0.005493
309325,-0.000227,0.901632,-0.242283,-0.027474,0.274027,-0.028436,-0.960909,0.000343,0.005493
309328,-0.000264,0.901630,-0.242287,-0.027543,0.274234,-0.028475,-0.960847,0.000343,0.005493
309332,-0.000278,0.901632,-0.242300,-0.027531,0.274253,-0.028486,-0.960841,0.000343,0.005150
309335,-0.000260,0.901633,-0.242312,-0.027543,0.274071,-0.028494,-0.960893,0.000343,0.005150
309339,-0.000310,0.901636,-0.242306,-0.027519,0.274367,-0.028535,-0.960808,0.000343,0.005150
309343,-0.000240,0.901636,-0.242319,-0.027469,0.274107,-0.028220,-0.960893,0.000343,0.005150
309346,-0.000224,0.901635,-0.242313,-0.027489,0.274009,-0.028358,-0.960916,0.000343,0.005150
309350,-0.000262,0.901634,-0.242289,-0.027517,0.274497,-0.028300,-0.960777,0.000687,0.005150
309353,-0.000247,0.901628,-0.242279,-0.027522,0.274433,-0.028370,-0.960794,0.000687,0.005150
309357,-0.000208,0.901621,-0.242275,-0.027467,0.274057,-0.028169,-0.960908,0.000343,0.004807
309360,-0.000234,0.901635,-0.242266,-0.027486,0.274287,-0.028293,-0.960839,0.000687,0.004807
309364,-0.000241,0.901627,-0.242272,-0.027511,0.274212,-0.028285,-0.960860,0.000343,0.004807
309368,-0.000265,0.901630,-0.242281,-0.027508,0.274261,-0.028550,-0.960838,0.000687,0.004807
309371,-0.000283,0.901636,-0.242287,-0.027461,0.274447,-0.028388,-0.960791,0.000687,0.004463
309374,-0.000300,0.901635,-0.242288,-0.027508,0.274516,-0.028291,-0.960773,0.000687,0.004463
309378,-0.000233,0.901625,-0.242311,-0.027502,0.274046,-0.028274,-0.960907,0.000687,0.004463
309382,-0.000300,0.901636,-0.242289,-0.027537,0.274411,-0.028659,-0.960791,0.000687,0.004463
309385,-0.000271,0.901638,-0.242295,-0.027507,0.274357,-0.028448,-0.960813,0.000687,0.003777
309389,-0.000237,0.901628,-0.242304,-0.027483,0.274090,-0.028437,-0.960891,0.000343,0.004120
309392,-0.000261,0.901629,-0.242301,-0.027514,0.274289,-0.028396,-0.960834,0.000687,0.004120
309396,-0.000242,0.901635,-0.242308,-0.027510,0.274197,-0.028517,-0.960857,0.000343,0.003777
309399,-0.000228,0.901628,-0.242313,-0.027480,0.274034,-0.028386,-0.960908,0.000687,0.003433
309403,-0.000286,0.901636,-0.242293,-0.027510,0.274397,-0.028535,-0.960799,0.000343,0.003433
309406,-0.000287,0.901631,-0.242291,-0.027494,0.274407,-0.028608,-0.960795,0.000343,0.003090
309410,-0.000234,0.901628,-0.242285,-0.027466,0.273982,-0.028392,-0.960923,0.000343,0.002747
309414,-0.000286,0.901633,-0.242263,-0.027454,0.274458,-0.028256,-0.960792,0.000343,0.002403
309417,-0.000276,0.901630,-0.242265,-0.027520,0.274371,-0.028428,-0.960810,0.000343,0.002403
309421,-0.000239,0.901626,-0.242267,-0.027465,0.274157,-0.028120,-0.960881,0.000343,0.002060
309424,-0.000266,0.901632,-0.242271,-0.027449,0.274309,-0.028368,-0.960831,0.000343,0.002060
309428,-0.000250,0.901626,-0.242291,-0.027459,0.274179,-0.028143,-0.960874,0.000343,0.001717
309431,-0.000237,0.901629,-0.242301,-0.027480,0.274049,-0.028193,-0.960910,0.000000,0.001373
309435,-0.000293,0.901637,-0.242296,-0.027436,0.274448,-0.028247,-0.960795,0.000343,0.001373
309438,-0.000303,0.901634,-0.242295,-0.027504,0.274497,-0.028330,-0.960777,0.000343,0.001030
309438,-0.000303,0.901634,-0.242295,-0.027504,0.274497,-0.028330,-0.960777,0.000343,0.001030
309438,-0.000303,0.901634,-0.242295,-0.027504,0.274497,-0.028330,-0.960777,0.000343,0.001030
309438,-0.000303,0.901634,-0.242295,-0.027504,0.274497,-0.028330,-0.960777,0.000343,0.001030
309438,-0.000303,0.901634,-0.242295,-0.027504,0.274497,-0.028330,-0.960777,0.000343,0.001030
309438,-0.000303,0.901634,-0.242295,-0.027504,0.274497,-0.028330,-0.960777,0.000343,0.001030
309438,-0.000303,0.901634,-0.242295,-0.027504,0.274497,-0.028330,-0.960777,0.000343,0.001030
309438,-0.000303,0.901634,-0.242295,-0.027504,0.274497,-0.028330,-0.960777,0.000343,0.001030
309438,-0.000303,0.901634,-0.242295,-0.027504,0.274497,-0.028330,-0.960777,0.000343,0.001030
