0,0.000000,0.000000,0.000000,0.000000,0.000000,0.000000,0.000000,0.000000,0.000000
0,0.000000,0.000000,0.000000,0.000000,0.000000,0.000000,0.000000,0.000000,0.000000
0,0.000000,0.000000,0.000000,0.000000,0.000000,0.000000,0.000000,0.000000,0.000000
0,0.000000,0.000000,0.000000,0.000000,0.000000,0.000000,0.000000,0.000000,0.000000
0,0.000000,0.000000,0.000000,0.000000,0.000000,0.000000,0.000000,0.000000,0.000000
0,0.000000,0.000000,0.000000,0.000000,0.000000,0.000000,0.000000,0.000000,0.000000
0,0.000000,0.000000,0.000000,0.000000,0.000000,0.000000,0.000000,0.000000,0.000000
0,0.000000,0.000000,0.000000,0.000000,0.000000,0.000000,0.000000,0.000000,0.000000
0,0.000000,0.000000,0.000000,0.000000,0.000000,0.000000,0.000000,0.000000,0.000000
0,0.000000,0.000000,0.000000,0.000000,0.000000,0.000000,0.000000,0.000000,0.000000
0,0.000000,0.000000,0.000000,0.000000,0.000000,0.000000,0.000000,0.000000,0.000000
0,0.000000,0.000000,0.000000,0.000000,0.000000,0.000000,0.000000,0.000000,0.000000
0,0.000000,0.000000,0.000000,0.000000,0.000000,0.000000,0.000000,0.000000,0.000000
0,0.000000,0.000000,0.000000,0.000000,0.000000,0.000000,0.000000,0.000000,0.000000
0,0.000000,0.000000,0.000000,0.000000,0.000000,0.000000,0.000000,0.000000,0.000000
0,0.000000,0.000000,0.000000,0.000000,0.000000,0.000000,0.000000,0.000000,0.000000
0,0.000000,0.000000,0.000000,0.000000,0.000000,0.000000,0.000000,0.000000,0.000000
0,0.000000,0.000000,0.000000,0.000000,0.000000,0.000000,0.000000,0.000000,0.000000
0,0.000000,0.000000,0.000000,0.000000,0.000000,0.000000,0.000000,0.000000,0.000000
0,0.000000,0.000000,0.000000,0.000000,0.000000,0.000000,0.000000,0.000000,0.000000
0,0.000000,0.000000,0.000000,0.000000,0.000000,0.000000,0.000000,0.000000,0.000000
0,0.000000,0.000000,0.000000,0.000000,0.000000,0.000000,0.000000,0.000000,0.000000
0,0.000000,0.000000,0.000000,0.000000,0.000000,0.000000,0.000000,0.000000,0.000000
0,0.000000,0.000000,0.000000,0.000000,0.000000,0.000000,0.000000,0.000000,0.000000
0,0.000000,0.000000,0.000000,0.000000,0.000000,0.000000,0.000000,0.000000,0.000000
0,0.000000,0.000000,0.000000,0.000000,0.000000,0.000000,0.000000,0.000000,0.000000
0,0.000000,0.000000,0.000000,0.000000,0.000000,0.000000,0.000000,0.000000,0.000000
246610,0.000453,0.901584,-0.242545,-0.028176,0.274057,-0.030188,-0.960826,0.000000,0.000343
246614,0.000476,0.901579,-0.242581,-0.028210,0.273646,-0.030100,-0.960945,0.000000,0.000343
246617,0.000442,0.901583,-0.242596,-0.028258,0.273868,-0.030037,-0.960883,0.000000,0.000343
246621,0.000401,0.901588,-0.242594,-0.028247,0.274143,-0.030130,-0.960802,0.000000,0.000343
246624,0.000446,0.901586,-0.242594,-0.028178,0.273796,-0.030118,-0.960903,0.000000,0.000343
246628,0.000459,0.901587,-0.242566,-0.028172,0.273962,-0.030102,-0.960856,0.000000,0.000343
246631,0.000439,0.901580,-0.242540,-0.028256,0.274144,-0.030199,-0.960799,0.000000,0.000000
246635,0.000509,0.901569,-0.242517,-0.028202,0.273664,-0.029952,-0.960945,0.000000,0.000000
246639,0.000438,0.901570,-0.242488,-0.028252,0.274289,-0.029861,-0.960768,-0.000343,0.000343
246642,0.000420,0.901572,-0.242489,-0.028267,0.274268,-0.030032,-0.960769,0.000000,0.000000
246646,0.000480,0.901558,-0.242520,-0.028246,0.273718,-0.029736,-0.960935,-0.000343,0.000343
246649,0.000439,0.901568,-0.242542,-0.028279,0.273885,-0.029847,-0.960883,0.000000,0.000000
246653,0.000401,0.901584,-0.242578,-0.028198,0.274107,-0.029952,-0.960819,0.000000,0.000343
246656,0.000419,0.901585,-0.242598,-0.028214,0.273914,-0.029865,-0.960876,0.000000,0.000343
246660,0.000391,0.901584,-0.242585,-0.028232,0.274197,-0.029950,-0.960792,-0.000343,0.000343
246663,0.000394,0.901586,-0.242569,-0.028223,0.274302,-0.029940,-0.960763,-0.000343,0.000343
246667,0.000494,0.901561,-0.242557,-0.028288,0.273708,-0.029764,-0.960936,-0.000343,0.000343
246670,0.000509,0.901558,-0.242534,-0.028269,0.273752,-0.029733,-0.960925,0.000000,0.000343
246674,0.000461,0.901568,-0.242526,-0.028266,0.274168,-0.030013,-0.960798,-0.000343,0.000343
246678,0.000511,0.901570,-0.242539,-0.028260,0.273675,-0.030090,-0.960936,-0.000343,0.000343
246681,0.000481,0.901560,-0.242539,-0.028287,0.273849,-0.029976,-0.960889,-0.000343,0.000343
246685,0.000448,0.901583,-0.242574,-0.028249,0.274019,-0.030175,-0.960836,-0.000343,0.000343
246688,0.000481,0.901583,-0.242598,-0.028176,0.273771,-0.030047,-0.960912,-0.000343,0.000343
246692,0.000437,0.901589,-0.242588,-0.028189,0.274013,-0.030207,-0.960838,-0.000343,0.000343
246695,0.000429,0.901587,-0.242577,-0.028224,0.274219,-0.030175,-0.960779,-0.000343,0.000343
246699,0.000513,0.901562,-0.242547,-0.028319,0.273645,-0.030015,-0.960945,-0.000343,0.000343
246703,0.000480,0.901575,-0.242509,-0.028212,0.274225,-0.029961,-0.960785,-0.000343,0.000343
246706,0.000498,0.901574,-0.242498,-0.028229,0.274102,-0.030136,-0.960814,-0.000687,0.000000
246710,0.000569,0.901557,-0.242507,-0.028262,0.273798,-0.029738,-0.960912,-0.000687,0.000343
246713,0.000532,0.901572,-0.242524,-0.028201,0.273890,-0.029990,-0.960880,-0.000343,0.000343
246717,0.000518,0.901578,-0.242558,-0.028171,0.273896,-0.029860,-0.960883,-0.000687,0.000343
246720,0.000503,0.901581,-0.242580,-0.028205,0.273716,-0.029963,-0.960930,-0.000687,0.000343
246724,0.000407,0.901587,-0.242587,-0.028197,0.274265,-0.029904,-0.960775,-0.000687,0.000343
246727,0.000371,0.901587,-0.242592,-0.028224,0.274314,-0.030041,-0.960756,-0.000687,0.000000
246731,0.000442,0.901578,-0.242593,-0.028240,0.273824,-0.029768,-0.960904,-0.000687,0.000343
246734,0.000445,0.901579,-0.242577,-0.028183,0.273795,-0.029863,-0.960911,-0.000343,0.000343
246738,0.000422,0.901572,-0.242546,-0.028241,0.274171,-0.029973,-0.960799,-0.000687,0.000000
246741,0.000471,0.901557,-0.242529,-0.028279,0.273876,-0.029850,-0.960886,-0.000687,0.000343
246745,0.000488,0.901572,-0.242531,-0.028194,0.273927,-0.029892,-0.960872,-0.000687,0.000343
246749,0.000486,0.901571,-0.242535,-0.028241,0.273826,-0.030158,-0.960891,-0.000687,0.000000
246752,0.000509,0.901572,-0.242557,-0.028196,0.273691,-0.029876,-0.960940,-0.000687,0.000343
246756,0.000423,0.901580,-0.242564,-0.028255,0.274181,-0.030214,-0.960788,-0.000687,0.000343
246759,0.000423,0.901586,-0.242574,-0.028202,0.274120,-0.030158,-0.960809,-0.000687,0.000343
246763,0.000468,0.901580,-0.242598,-0.028190,0.273608,-0.030099,-0.960957,-0.000687,0.000343
246766,0.000462,0.901581,-0.242592,-0.028210,0.273750,-0.030014,-0.960919,-0.000687,0.000343
246770,0.000417,0.901581,-0.242573,-0.028236,0.274092,-0.030165,-0.960815,-0.000687,0.000343
246773,0.000470,0.901574,-0.242564,-0.028215,0.273810,-0.030064,-0.960900,-0.000687,0.000343
246777,0.000442,0.901568,-0.242543,-0.028259,0.274061,-0.030123,-0.960825,-0.000687,0.000343
246781,0.000479,0.901567,-0.242548,-0.028241,0.273943,-0.029757,-0.960871,-0.000687,0.000000
246784,0.000492,0.901556,-0.242543,-0.028348,0.273712,-0.030001,-0.960926,-0.001030,0.000343
246788,0.000423,0.901574,-0.242558,-0.028213,0.274328,-0.029934,-0.960756,-0.000687,0.000343
246791,0.000422,0.901580,-0.242580,-0.028239,0.274238,-0.030122,-0.960775,-0.000687,0.000343
246795,0.000502,0.901577,-0.242605,-0.028149,0.273746,-0.029750,-0.960930,-0.000687,0.000343
246798,0.000467,0.901575,-0.242609,-0.028197,0.273942,-0.029913,-0.960867,-0.000687,0.000343
246802,0.000450,0.901578,-0.242591,-0.028207,0.274054,-0.029848,-0.960837,-0.000687,0.000343
246805,0.000458,0.901567,-0.242576,-0.028195,0.273772,-0.029998,-0.960913,-0.000687,0.000343
246809,0.000411,0.901569,-0.242548,-0.028160,0.274090,-0.029931,-0.960826,-0.000687,0.000343
246812,0.000369,0.901567,-0.242542,-0.028263,0.274306,-0.030001,-0.960759,-0.000687,0.000343
246816,0.000437,0.901552,-0.242550,-0.028282,0.273717,-0.029756,-0.960934,-0.000687,0.000343
246820,0.000358,0.901576,-0.242572,-0.028221,0.274178,-0.030271,-0.960788,-0.000687,0.000000
246823,0.000370,0.901574,-0.242590,-0.028202,0.274192,-0.030011,-0.960793,-0.000687,0.000343
246827,0.000432,0.901580,-0.242605,-0.028220,0.273688,-0.030150,-0.960932,-0.000687,0.000343
246830,0.000417,0.901577,-0.242603,-0.028226,0.274007,-0.029940,-0.960847,-0.000687,0.000343
246834,0.000415,0.901571,-0.242580,-0.028227,0.273892,-0.030215,-0.960871,-0.000687,0.000343
246837,0.000468,0.901569,-0.242575,-0.028197,0.273749,-0.029952,-0.960921,-0.000687,0.000343
246841,0.000421,0.901570,-0.242554,-0.028291,0.274153,-0.030197,-0.960795,-0.000687,0.000343
246845,0.000479,0.901564,-0.242564,-0.028252,0.273840,-0.029801,-0.960898,-0.000687,0.000343
246848,0.000489,0.901568,-0.242567,-0.028246,0.273669,-0.030082,-0.960938,-0.000687,0.000343
246852,0.000393,0.901572,-0.242571,-0.028214,0.274297,-0.029934,-0.960765,-0.000687,0.000343
246855,0.000380,0.901578,-0.242579,-0.028275,0.274180,-0.030215,-0.960788,-0.000687,0.000000
246859,0.000418,0.901577,-0.242600,-0.028191,0.273903,-0.029712,-0.960885,-0.000343,0.000000
246862,0.000371,0.901579,-0.242585,-0.028239,0.274041,-0.030077,-0.960833,-0.000687,0.000343
246866,0.000401,0.901576,-0.242585,-0.028221,0.273989,-0.029814,-0.960856,-0.000687,0.000000
246869,0.000431,0.901575,-0.242569,-0.028215,0.273684,-0.030030,-0.960937,-0.000343,0.000343
246873,0.000397,0.901576,-0.242541,-0.028219,0.274266,-0.029881,-0.960775,-0.000687,0.000000
246876,0.000401,0.901572,-0.242534,-0.028259,0.274274,-0.030059,-0.960766,-0.000687,0.000343
246880,0.000485,0.901552,-0.242537,-0.028297,0.273740,-0.029709,-0.960928,-0.000687,0.000343
246883,0.000473,0.901570,-0.242550,-0.028181,0.273820,-0.029896,-0.960903,-0.000687,0.000343
246887,0.000439,0.901573,-0.242565,-0.028189,0.274021,-0.029927,-0.960845,-0.000687,0.000343
246891,0.000429,0.901575,-0.242584,-0.028216,0.273808,-0.030129,-0.960898,-0.000687,0.000000
246894,0.000399,0.901577,-0.242595,-0.028138,0.274009,-0.029874,-0.960851,-0.000687,0.000343
246898,0.000397,0.901577,-0.242602,-0.028209,0.273766,-0.030234,-0.960907,-0.000687,0.000343
246901,0.000435,0.901575,-0.242610,-0.028171,0.273716,-0.029899,-0.960933,-0.000687,0.000343
246905,0.000393,0.901587,-0.242593,-0.028171,0.274071,-0.030299,-0.960819,-0.000687,0.000000
246908,0.000409,0.901571,-0.242587,-0.028251,0.274252,-0.030029,-0.960774,-0.000687,0.000343
246912,0.000494,0.901559,-0.242576,-0.028313,0.273664,-0.030067,-0.960938,-0.000687,0.000343
246916,0.000430,0.901575,-0.242554,-0.028238,0.274269,-0.029985,-0.960771,-0.000687,0.000343
246919,0.000439,0.901571,-0.242550,-0.028299,0.274035,-0.030178,-0.960829,-0.000687,0.000343
246922,0.000466,0.901557,-0.242549,-0.028273,0.273773,-0.029971,-0.960911,-0.000687,0.000343
246926,0.000402,0.901570,-0.242549,-0.028261,0.274121,-0.030211,-0.960805,-0.000687,0.000343
246930,0.000438,0.901575,-0.242577,-0.028234,0.273881,-0.029809,-0.960887,-0.000687,0.000000
246933,0.000456,0.901577,-0.242587,-0.028211,0.273616,-0.030089,-0.960954,-0.000687,0.000343
246936,0.000458,0.901578,-0.242586,-0.028190,0.273640,-0.030079,-0.960948,-0.000687,0.000343
246940,0.000401,0.901577,-0.242584,-0.028233,0.274175,-0.030144,-0.960793,0.000000,0.000343
246944,0.000478,0.901573,-0.242585,-0.028209,0.273856,-0.029740,-0.960897,0.003777,0.000000
246947,0.000447,0.901572,-0.242572,-0.028252,0.273990,-0.030066,-0.960847,0.023689,0.000343
246951,0.000464,0.901574,-0.242573,-0.028149,0.273896,-0.029850,-0.960884,0.064545,0.000343
246954,0.000471,0.901556,-0.242568,-0.028307,0.273737,-0.030015,-0.960919,0.129089,0.000343
246958,0.000424,0.901563,-0.242564,-0.028254,0.274167,-0.029897,-0.960802,0.189514,0.000343
246962,0.000457,0.901560,-0.242586,-0.028323,0.273740,-0.030026,-0.960918,0.240326,0.000343
246965,0.000464,0.901563,-0.242592,-0.028245,0.273703,-0.029758,-0.960939,0.266075,0.000343
246969,0.000381,0.901580,-0.242594,-0.028255,0.274229,-0.030205,-0.960774,0.342636,0.000343
246972,0.000404,0.901582,-0.242585,-0.028155,0.274041,-0.029985,-0.960838,0.384865,0.000343
246976,0.000429,0.901573,-0.242585,-0.028275,0.273820,-0.030105,-0.960894,0.425720,0.000687
246979,0.000422,0.901573,-0.242567,-0.028164,0.273930,-0.029926,-0.960871,0.493698,0.000343
246983,0.000421,0.901573,-0.242556,-0.028270,0.273855,-0.030232,-0.960880,0.577469,0.000343
246986,0.000462,0.901569,-0.242565,-0.028210,0.273719,-0.029877,-0.960931,0.625877,0.000343
246990,0.000393,0.901573,-0.242557,-0.028278,0.274140,-0.030242,-0.960798,0.797195,0.000000
246994,0.000461,0.901572,-0.242580,-0.028240,0.273743,-0.029927,-0.960922,0.923882,0.000000
246997,0.000463,0.901576,-0.242584,-0.028222,0.273650,-0.030108,-0.960944,1.054344,0.000343
247001,0.000375,0.901576,-0.242572,-0.028261,0.274306,-0.030038,-0.960758,1.189270,0.000343
247004,0.000394,0.901579,-0.242576,-0.028221,0.273971,-0.030299,-0.960846,1.322479,0.000343
247008,0.000429,0.901572,-0.242582,-0.028241,0.273957,-0.029854,-0.960864,1.456032,0.000343
247011,0.000395,0.901570,-0.242570,-0.028271,0.274078,-0.030209,-0.960817,1.586151,0.000000
247015,0.000453,0.901574,-0.242575,-0.028205,0.273858,-0.029903,-0.960891,1.668549,0.000000
247018,0.000459,0.901558,-0.242558,-0.028341,0.273683,-0.030045,-0.960933,1.950760,0.000343
247022,0.000386,0.901572,-0.242548,-0.028210,0.274281,-0.029965,-0.960768,2.150917,0.000343
247026,0.000446,0.901567,-0.242561,-0.028203,0.273693,-0.029903,-0.960938,2.265587,0.000343
247029,0.000429,0.901556,-0.242551,-0.028321,0.273788,-0.029731,-0.960913,2.625046,0.000343
247033,0.000356,0.901573,-0.242561,-0.028295,0.274247,-0.030095,-0.960772,2.864685,0.000343
247036,0.000384,0.901579,-0.242565,-0.028174,0.274003,-0.029974,-0.960849,3.097458,0.000343
247040,0.000370,0.901579,-0.242578,-0.028266,0.273965,-0.030135,-0.960852,3.226891,0.000343
247043,0.000345,0.901578,-0.242575,-0.028270,0.274229,-0.029963,-0.960782,3.647461,0.000343
247047,0.000363,0.901572,-0.242571,-0.028379,0.273915,-0.030199,-0.960861,3.930359,0.000343
247050,0.000381,0.901560,-0.242553,-0.028397,0.273766,-0.029911,-0.960912,4.209824,0.000343
247054,0.000300,0.901579,-0.242538,-0.028402,0.274227,-0.030409,-0.960764,4.550056,0.000343
247057,0.000294,0.901576,-0.242527,-0.028436,0.274251,-0.030232,-0.960762,4.736481,0.000343
247061,0.000325,0.901572,-0.242533,-0.028483,0.273823,-0.030412,-0.960877,5.302277,0.000343
247065,0.000248,0.901581,-0.242513,-0.028566,0.274314,-0.030468,-0.960733,5.682335,0.000343
247068,0.000239,0.901578,-0.242521,-0.028592,0.274042,-0.030578,-0.960806,6.082649,0.000000
247072,0.000218,0.901581,-0.242515,-0.028601,0.274072,-0.030509,-0.960799,6.445541,0.000343
247075,0.000164,0.901584,-0.242505,-0.028664,0.274225,-0.030792,-0.960745,6.918640,0.000000
247079,0.000181,0.901579,-0.242507,-0.028739,0.273948,-0.030551,-0.960830,7.378006,0.000000
247082,0.000160,0.901576,-0.242503,-0.028774,0.273774,-0.030777,-0.960871,7.781754,0.000343
247086,0.000058,0.901581,-0.242475,-0.028835,0.274388,-0.030803,-0.960693,8.267899,0.000343
247089,0.000037,0.901585,-0.242471,-0.028919,0.274253,-0.031133,-0.960719,8.843651,0.000343
247093,0.000047,0.901581,-0.242470,-0.028948,0.274015,-0.030806,-0.960796,9.368248,0.000343
247097,-0.000032,0.901585,-0.242463,-0.029035,0.274277,-0.031141,-0.960708,9.913445,0.000343
247100,-0.000044,0.901583,-0.242463,-0.029098,0.274119,-0.031139,-0.960751,10.440788,0.000343
247104,-0.000112,0.901586,-0.242445,-0.029212,0.274158,-0.031395,-0.960728,10.797844,0.000343
247107,-0.000180,0.901592,-0.242426,-0.029269,0.274375,-0.031536,-0.960660,11.738892,0.000343
247111,-0.000210,0.901583,-0.242405,-0.029466,0.273990,-0.031835,-0.960754,12.372322,0.000343
247114,-0.000266,0.901575,-0.242377,-0.029593,0.274055,-0.031814,-0.960732,13.017426,0.000343
247118,-0.000410,0.901580,-0.242343,-0.029794,0.274404,-0.032475,-0.960604,13.683128,0.000343
247121,-0.000483,0.901583,-0.242317,-0.029966,0.274376,-0.032549,-0.960604,14.389687,0.000343
247125,-0.000625,0.901584,-0.242285,-0.030282,0.274013,-0.033145,-0.960678,15.054703,0.000343
247128,-0.000769,0.901585,-0.242246,-0.030512,0.274270,-0.033350,-0.960590,15.898247,0.000343
247132,-0.000962,0.901587,-0.242200,-0.030874,0.274123,-0.034148,-0.960592,16.688232,0.000000
247136,-0.001201,0.901586,-0.242131,-0.031288,0.274174,-0.034685,-0.960545,17.411957,0.000343
247139,-0.001399,0.901586,-0.242080,-0.031672,0.274270,-0.035243,-0.960485,18.244171,0.000343
247143,-0.001574,0.901583,-0.242024,-0.032123,0.273991,-0.035731,-0.960531,19.175606,0.000343
247146,-0.001716,0.901582,-0.241973,-0.032396,0.273917,-0.036261,-0.960523,20.069962,0.000000
247150,-0.001883,0.901581,-0.241927,-0.032638,0.274442,-0.036631,-0.960351,20.886040,0.000343
247153,-0.001921,0.901580,-0.241910,-0.032748,0.274296,-0.036964,-0.960376,21.897812,0.000343
247157,-0.002010,0.901583,-0.241870,-0.033010,0.274191,-0.037101,-0.960392,22.856712,0.000000
247160,-0.002247,0.901576,-0.241786,-0.033493,0.274313,-0.038080,-0.960302,23.729095,0.000343
247164,-0.002495,0.901564,-0.241676,-0.034134,0.274324,-0.038669,-0.960253,24.813652,0.000000
247167,-0.002652,0.901564,-0.241610,-0.034475,0.274166,-0.039328,-0.960259,25.841560,0.000000
247171,-0.003016,0.901559,-0.241489,-0.035101,0.274737,-0.039927,-0.960049,26.882515,0.000000
247175,-0.003324,0.901540,-0.241393,-0.035781,0.274324,-0.040776,-0.960106,27.949562,0.000343
247178,-0.003551,0.901540,-0.241333,-0.036224,0.274486,-0.041403,-0.960016,28.911552,0.000343
247182,-0.003911,0.901541,-0.241250,-0.036760,0.274792,-0.042668,-0.959853,29.468422,0.000343
247185,-0.004155,0.901528,-0.241165,-0.037317,0.274704,-0.043271,-0.959830,31.244087,0.000343
247189,-0.004523,0.901517,-0.241042,-0.038185,0.274642,-0.044470,-0.959758,32.381516,0.000343
247193,-0.004901,0.901509,-0.240911,-0.038908,0.274823,-0.045701,-0.959620,33.410454,0.000000
247196,-0.005136,0.901504,-0.240818,-0.039406,0.274708,-0.046434,-0.959597,34.007149,0.000343
247200,-0.005533,0.901490,-0.240682,-0.040103,0.274895,-0.047634,-0.959456,35.909500,0.000343
247203,-0.005845,0.901485,-0.240586,-0.040689,0.275173,-0.048528,-0.959307,37.008133,0.000343
247207,-0.006189,0.901470,-0.240462,-0.041446,0.274850,-0.049538,-0.959315,38.362885,0.000343
247210,-0.006500,0.901469,-0.240363,-0.042033,0.274952,-0.050524,-0.959209,39.597473,0.000000
247214,-0.006980,0.901460,-0.240235,-0.042957,0.275417,-0.051924,-0.958960,40.850945,0.000343
247217,-0.007266,0.901441,-0.240161,-0.043436,0.275250,-0.052832,-0.958937,42.129822,0.000343
247221,-0.007641,0.901421,-0.240061,-0.044153,0.275215,-0.053726,-0.958864,43.295059,0.000343
247224,-0.007968,0.901408,-0.239969,-0.044715,0.275314,-0.054671,-0.958757,44.733925,0.000000
247228,-0.008382,0.901380,-0.239851,-0.045635,0.275216,-0.055861,-0.958673,46.063271,0.000000
247232,-0.008833,0.901358,-0.239714,-0.046463,0.275561,-0.057094,-0.958461,47.400856,0.000343
247235,-0.009172,0.901354,-0.239611,-0.047175,0.275739,-0.058240,-0.958306,48.606949,0.000000
247238,-0.009466,0.901337,-0.239506,-0.047830,0.275696,-0.059191,-0.958228,49.972687,0.000343
247242,-0.009781,0.901314,-0.239400,-0.048495,0.275500,-0.060022,-0.958199,51.485367,0.000343
247246,-0.010209,0.901291,-0.239267,-0.049167,0.275752,-0.061390,-0.958006,52.877197,0.000343
247249,-0.010535,0.901272,-0.239175,-0.049854,0.275710,-0.062338,-0.957921,54.283447,0.000000
247253,-0.010965,0.901245,-0.239030,-0.050682,0.275732,-0.063589,-0.957789,55.568848,0.000343
247256,-0.011312,0.901238,-0.238929,-0.051303,0.275905,-0.064553,-0.957642,57.131310,0.000343
247260,-0.011743,0.901210,-0.238806,-0.052058,0.275548,-0.065947,-0.957609,58.567429,0.000343
247263,-0.012071,0.901182,-0.238719,-0.052722,0.275751,-0.066720,-0.957461,60.016594,0.000343
247267,-0.012527,0.901151,-0.238600,-0.053537,0.276133,-0.068139,-0.957205,61.324997,0.000343
247270,-0.012825,0.901118,-0.238512,-0.054157,0.276158,-0.068875,-0.957110,62.942390,0.000343
247274,-0.013204,0.901083,-0.238384,-0.054973,0.275890,-0.070216,-0.957044,64.419022,0.000343
247278,-0.013651,0.901046,-0.238253,-0.055873,0.276277,-0.071678,-0.956772,65.904922,0.000343
247281,-0.014057,0.901013,-0.238117,-0.056708,0.276199,-0.072873,-0.956654,67.250061,0.000343
247285,-0.014616,0.900956,-0.237929,-0.057734,0.276225,-0.074479,-0.956462,68.910370,0.000343
247288,-0.014952,0.900935,-0.237844,-0.058276,0.276369,-0.075470,-0.956310,70.423737,0.000343
247292,-0.015343,0.900897,-0.237722,-0.059091,0.276143,-0.076504,-0.956243,71.799774,0.000000
247295,-0.015743,0.900859,-0.237604,-0.059919,0.276168,-0.077798,-0.956080,73.318634,0.000000
247299,-0.016314,0.900805,-0.237446,-0.060954,0.276698,-0.079362,-0.955733,75.010872,0.000343
247302,-0.016637,0.900778,-0.237361,-0.061581,0.276549,-0.080440,-0.955645,76.549644,0.000343
247306,-0.017105,0.900740,-0.237219,-0.062532,0.276386,-0.081731,-0.955521,77.953491,0.000343
247309,-0.017594,0.900685,-0.237066,-0.063447,0.276467,-0.083329,-0.955299,79.651909,0.000343
247313,-0.018147,0.900613,-0.236888,-0.064492,0.276593,-0.084916,-0.955053,81.046143,0.000000
247316,-0.018476,0.900578,-0.236785,-0.065147,0.276573,-0.086056,-0.954912,82.606201,0.000343
247320,-0.019057,0.900494,-0.236617,-0.066237,0.277017,-0.087370,-0.954589,84.168663,0.000343
247324,-0.019546,0.900419,-0.236461,-0.067367,0.276717,-0.088861,-0.954460,84.965858,0.000343
247327,-0.019898,0.900383,-0.236378,-0.067992,0.276843,-0.089867,-0.954284,86.532097,0.000343
247331,-0.020412,0.900320,-0.236218,-0.068930,0.277066,-0.091569,-0.953991,89.056892,0.000687
247334,-0.020783,0.900278,-0.236106,-0.069695,0.276988,-0.092594,-0.953859,90.483055,0.000000
247338,-0.021291,0.900222,-0.235963,-0.070682,0.276986,-0.094101,-0.953639,92.219238,0.000343
247341,-0.021694,0.900161,-0.235838,-0.071397,0.277218,-0.095102,-0.953420,93.804703,0.000343
247345,-0.022217,0.900082,-0.235663,-0.072442,0.277096,-0.096801,-0.953205,95.393600,0.000000
247349,-0.022797,0.899996,-0.235469,-0.073491,0.277348,-0.098537,-0.952873,96.974258,0.000000
247352,-0.023207,0.899933,-0.235341,-0.074294,0.277432,-0.099887,-0.952646,97.773514,0.000000
247356,-0.023643,0.899873,-0.235203,-0.075197,0.277202,-0.101213,-0.952502,100.145531,0.000343
247359,-0.023973,0.899816,-0.235098,-0.075805,0.277165,-0.102225,-0.952357,101.743698,0.000000
247363,-0.024369,0.899761,-0.235006,-0.076431,0.277546,-0.103227,-0.952088,103.339806,0.000343
247366,-0.024610,0.899731,-0.234943,-0.076988,0.277455,-0.104031,-0.951982,104.915657,0.000343
247370,-0.025024,0.899669,-0.234837,-0.077756,0.277373,-0.105157,-0.951819,106.323280,0.000000
247373,-0.025431,0.899607,-0.234735,-0.078573,0.277565,-0.106432,-0.951555,108.080750,0.000343
247377,-0.026054,0.899501,-0.234560,-0.079765,0.277794,-0.108027,-0.951209,109.675140,0.000343
247380,-0.026541,0.899415,-0.234412,-0.080591,0.278024,-0.109476,-0.950906,110.463753,0.000343
247384,-0.027131,0.899320,-0.234256,-0.081300,0.278530,-0.110888,-0.950534,111.873779,0.000343
247387,-0.027526,0.899258,-0.234138,-0.082053,0.278655,-0.112061,-0.950295,114.404411,0.000343
247391,-0.028009,0.899179,-0.233992,-0.083178,0.278521,-0.113390,-0.950079,115.954170,0.000000
247395,-0.028524,0.899087,-0.233853,-0.084169,0.278443,-0.115239,-0.949792,117.503242,0.000343
247398,-0.028904,0.899007,-0.233731,-0.084913,0.278298,-0.116433,-0.949623,119.070854,0.000343
247402,-0.029482,0.898885,-0.233559,-0.085970,0.278524,-0.118105,-0.949255,120.513496,0.000343
247405,-0.029874,0.898816,-0.233436,-0.086676,0.278681,-0.119157,-0.949013,121.408882,0.000343
247409,-0.030256,0.898745,-0.233309,-0.087486,0.278383,-0.120334,-0.948878,123.760643,0.000000
247412,-0.030581,0.898681,-0.233206,-0.088161,0.278453,-0.121236,-0.948680,125.133247,0.000343
247416,-0.031129,0.898569,-0.233064,-0.089213,0.278894,-0.123012,-0.948223,126.662407,0.000343
247420,-0.031594,0.898474,-0.232958,-0.090155,0.278555,-0.124569,-0.948031,128.347435,0.000000
247423,-0.031991,0.898390,-0.232863,-0.090841,0.278676,-0.125656,-0.947786,129.726219,0.000343
247427,-0.032549,0.898282,-0.232742,-0.091828,0.278889,-0.127276,-0.947412,131.388245,0.000343
247430,-0.032933,0.898205,-0.232649,-0.092590,0.278746,-0.128429,-0.947224,132.885818,0.000343
247434,-0.033490,0.898101,-0.232512,-0.093530,0.279002,-0.130022,-0.946839,134.385109,0.000000
247437,-0.033898,0.898020,-0.232396,-0.094239,0.279126,-0.131328,-0.946552,135.725784,0.000343
247441,-0.034381,0.897899,-0.232230,-0.095262,0.278755,-0.132631,-0.946377,136.462898,0.000343
247445,-0.035026,0.897753,-0.232038,-0.096413,0.279284,-0.134520,-0.945838,138.806076,0.000343
247448,-0.035421,0.897655,-0.231910,-0.097176,0.279272,-0.135825,-0.945577,140.116196,0.000000
247451,-0.035719,0.897583,-0.231817,-0.097819,0.279117,-0.136836,-0.945411,141.706123,0.000343
247455,-0.036106,0.897501,-0.231706,-0.098481,0.278927,-0.137940,-0.945238,143.000107,0.000343
247458,-0.036495,0.897422,-0.231611,-0.099225,0.278966,-0.139143,-0.944972,143.707695,0.000000
247462,-0.036935,0.897316,-0.231517,-0.100030,0.278974,-0.140436,-0.944693,145.982552,0.000000
247466,-0.037426,0.897192,-0.231393,-0.100962,0.279203,-0.141745,-0.944331,147.245636,0.000343
247469,-0.037781,0.897095,-0.231289,-0.101751,0.279442,-0.142776,-0.944020,148.639526,0.000000
247473,-0.038129,0.896995,-0.231163,-0.102606,0.278977,-0.144081,-0.943867,150.156670,0.000343
247476,-0.038417,0.896911,-0.231060,-0.103155,0.279036,-0.144914,-0.943662,151.509018,0.000343
247480,-0.038781,0.896806,-0.230913,-0.103867,0.279309,-0.146225,-0.943301,152.190514,0.000343
247483,-0.038987,0.896741,-0.230825,-0.104395,0.279231,-0.146797,-0.943177,154.192085,0.000343
247487,-0.039316,0.896639,-0.230704,-0.105114,0.279195,-0.147888,-0.942937,155.513878,0.000000
247491,-0.039771,0.896532,-0.230598,-0.105981,0.279257,-0.149192,-0.942616,156.033669,0.000343
247494,-0.040165,0.896435,-0.230523,-0.106690,0.279124,-0.150294,-0.942400,158.120041,0.000343
247498,-0.040704,0.896305,-0.230442,-0.107483,0.279382,-0.151748,-0.942001,159.392395,0.000000
247501,-0.041019,0.896237,-0.230405,-0.107987,0.279419,-0.152619,-0.941791,160.652046,0.000343
247505,-0.041351,0.896152,-0.230347,-0.108612,0.279100,-0.153632,-0.941649,161.885948,0.000000
247508,-0.041622,0.896066,-0.230266,-0.109185,0.279116,-0.154603,-0.941420,162.995224,0.000000
247512,-0.041973,0.895952,-0.230143,-0.109904,0.279483,-0.155659,-0.941053,163.604279,0.000000
247515,-0.042139,0.895884,-0.230045,-0.110401,0.279266,-0.156384,-0.940939,165.514526,0.000343
247519,-0.042396,0.895790,-0.229897,-0.111103,0.279264,-0.157155,-0.940729,166.572647,0.000000
247522,-0.042636,0.895692,-0.229781,-0.111599,0.279240,-0.158186,-0.940504,167.849464,0.000343
247526,-0.042934,0.895589,-0.229646,-0.112339,0.278935,-0.159125,-0.940348,168.971443,0.000343
247530,-0.043349,0.895475,-0.229536,-0.113041,0.279340,-0.160052,-0.939987,170.091362,0.000000
247533,-0.043688,0.895390,-0.229462,-0.113625,0.279450,-0.161050,-0.939713,171.174202,0.000343
247537,-0.044120,0.895275,-0.229380,-0.114487,0.279139,-0.162113,-0.939518,172.170181,0.000000
247540,-0.044466,0.895181,-0.229329,-0.115039,0.279283,-0.162975,-0.939259,173.230362,0.000343
247544,-0.044870,0.895074,-0.229268,-0.115739,0.279434,-0.164238,-0.938907,174.375687,0.000343
247547,-0.045098,0.895011,-0.229219,-0.116232,0.279280,-0.164851,-0.938785,175.266266,0.000000
247551,-0.045396,0.894912,-0.229123,-0.116865,0.279332,-0.165885,-0.938509,176.355972,0.000343
247555,-0.045621,0.894825,-0.229014,-0.117483,0.279160,-0.166883,-0.938305,177.221832,0.000343
247558,-0.045792,0.894759,-0.228928,-0.117915,0.279012,-0.167390,-0.938205,178.268623,0.000000
247562,-0.046097,0.894644,-0.228812,-0.118463,0.279299,-0.168347,-0.937880,179.215164,0.000343
247565,-0.046289,0.894578,-0.228748,-0.118867,0.279278,-0.168937,-0.937729,179.655647,0.000343
247569,-0.046546,0.894487,-0.228686,-0.119420,0.278969,-0.169805,-0.937593,180.983963,0.000000
247572,-0.046791,0.894412,-0.228643,-0.119873,0.279164,-0.170415,-0.937367,181.838493,0.000343
247576,-0.047135,0.894315,-0.228587,-0.120373,0.279259,-0.171488,-0.937079,182.590714,0.000343
247579,-0.047343,0.894249,-0.228535,-0.120842,0.279052,-0.172120,-0.936964,182.988625,0.000000
247583,-0.047624,0.894170,-0.228457,-0.121306,0.279302,-0.172831,-0.936699,184.249649,0.000343
247587,-0.047840,0.894094,-0.228378,-0.121798,0.279153,-0.173404,-0.936574,184.926338,0.000000
247590,-0.048003,0.894032,-0.228308,-0.122237,0.279030,-0.173886,-0.936463,185.658989,0.000343
247593,-0.048160,0.893978,-0.228246,-0.122548,0.279013,-0.174532,-0.936308,186.351814,0.000343
247597,-0.048390,0.893884,-0.228177,-0.122913,0.279336,-0.175184,-0.936042,187.112961,0.000000
247601,-0.048519,0.893835,-0.228134,-0.123256,0.279017,-0.175645,-0.936006,187.785530,0.000000
247604,-0.048670,0.893782,-0.228102,-0.123481,0.279097,-0.176186,-0.935850,188.379478,0.000343
247608,-0.048865,0.893720,-0.228077,-0.123898,0.279202,-0.176809,-0.935646,189.048615,0.000000
247611,-0.048999,0.893676,-0.228058,-0.124122,0.279065,-0.177249,-0.935574,189.646683,0.000343
247615,-0.049237,0.893603,-0.228004,-0.124477,0.279252,-0.177931,-0.935342,190.201492,0.000000
247618,-0.049384,0.893557,-0.227952,-0.124777,0.279295,-0.178243,-0.935230,190.709953,0.000000
247622,-0.049493,0.893519,-0.227889,-0.125137,0.278850,-0.178770,-0.935214,191.179962,0.000000
247625,-0.049623,0.893472,-0.227841,-0.125326,0.278924,-0.179009,-0.935121,191.754341,0.000000
247629,-0.049828,0.893393,-0.227785,-0.125720,0.279230,-0.179665,-0.934851,192.266579,0.000000
247633,-0.049934,0.893364,-0.227750,-0.125938,0.278941,-0.180114,-0.934821,192.689896,0.000000
247636,-0.050081,0.893313,-0.227723,-0.126203,0.279116,-0.180412,-0.934676,193.178444,0.000343
247640,-0.050259,0.893261,-0.227702,-0.126514,0.279036,-0.181050,-0.934534,193.617554,0.000343
247643,-0.050688,0.893085,-0.227632,-0.127961,0.278526,-0.182923,-0.934124,193.984566,0.000343
247647,-0.051568,0.892744,-0.227378,-0.129555,0.278708,-0.185385,-0.933365,194.202576,0.000000
247650,-0.051642,0.892743,-0.227340,-0.129482,0.278752,-0.185481,-0.933343,194.799957,0.000000
247654,-0.051658,0.892761,-0.227321,-0.129453,0.278647,-0.185367,-0.933401,195.110664,0.000343
247657,-0.051811,0.892691,-0.227235,-0.129615,0.278747,-0.185844,-0.933254,195.469437,0.000000
247661,-0.051776,0.892701,-0.227266,-0.129629,0.278802,-0.185964,-0.933211,195.770531,0.000343
247664,-0.051738,0.892718,-0.227279,-0.129513,0.278691,-0.186070,-0.933239,196.040382,0.000000
247668,-0.051852,0.892662,-0.227254,-0.129787,0.278794,-0.186417,-0.933101,196.350746,0.000343
247672,-0.051902,0.892639,-0.227224,-0.130065,0.278660,-0.186494,-0.933087,196.695442,0.000000
247675,-0.052022,0.892598,-0.227183,-0.130338,0.278567,-0.186753,-0.933025,196.983147,0.000343
247679,-0.052284,0.892522,-0.227158,-0.130619,0.278944,-0.187325,-0.932758,197.223473,0.000000
247682,-0.052392,0.892484,-0.227150,-0.130921,0.279004,-0.187470,-0.932669,197.340889,0.000000
247686,-0.052430,0.892483,-0.227153,-0.130994,0.278529,-0.187741,-0.932746,197.683868,0.000000
247689,-0.052468,0.892454,-0.227158,-0.131143,0.278590,-0.187757,-0.932704,197.844543,0.000000
247693,-0.052543,0.892429,-0.227150,-0.131237,0.278741,-0.188100,-0.932576,198.033714,0.000000
247696,-0.052541,0.892426,-0.227140,-0.131327,0.278659,-0.188093,-0.932590,198.202972,0.000000
247700,-0.052588,0.892397,-0.227109,-0.131448,0.278809,-0.188298,-0.932487,198.370857,0.000343
247704,-0.052606,0.892388,-0.227072,-0.131500,0.278550,-0.188547,-0.932506,198.460121,0.000343
247707,-0.052650,0.892371,-0.227038,-0.131591,0.278462,-0.188514,-0.932526,198.732719,0.000000
247711,-0.052828,0.892313,-0.226982,-0.131828,0.278979,-0.188839,-0.932273,198.883438,0.000000
247714,-0.052881,0.892299,-0.226963,-0.131940,0.278921,-0.188929,-0.932256,199.026260,0.000000
247718,-0.052870,0.892296,-0.226970,-0.131954,0.278516,-0.188936,-0.932373,199.143333,0.000000
247721,-0.052912,0.892285,-0.226994,-0.131996,0.278650,-0.189106,-0.932293,199.237404,0.000343
247725,-0.052915,0.892286,-0.227034,-0.132018,0.278749,-0.189147,-0.932252,199.314651,0.000000
247729,-0.052908,0.892286,-0.227041,-0.132027,0.278665,-0.189034,-0.932299,199.379883,0.000000
247732,-0.052963,0.892269,-0.227018,-0.132104,0.278809,-0.189281,-0.932195,199.413872,0.000343
247736,-0.052994,0.892252,-0.226984,-0.132204,0.278671,-0.189206,-0.932237,199.557037,0.000343
247739,-0.053048,0.892235,-0.226958,-0.132284,0.278647,-0.189352,-0.932203,199.636688,0.000000
247743,-0.053116,0.892218,-0.226958,-0.132309,0.278990,-0.189421,-0.932083,199.706726,0.000000
247746,-0.053099,0.892217,-0.226970,-0.132332,0.278911,-0.189477,-0.932092,199.759598,0.000000
247750,-0.053030,0.892241,-0.227006,-0.132275,0.278559,-0.189420,-0.932217,199.825172,0.000000
247753,-0.053045,0.892238,-0.227013,-0.132279,0.278735,-0.189464,-0.932155,199.852982,0.000000
247757,-0.053072,0.892221,-0.226986,-0.132371,0.278742,-0.189599,-0.932112,199.868774,0.000000
247760,-0.053074,0.892215,-0.226962,-0.132367,0.278607,-0.189539,-0.932165,199.888687,0.000000
247764,-0.053144,0.892184,-0.226916,-0.132459,0.278923,-0.189731,-0.932019,199.905853,0.000000
247768,-0.053114,0.892193,-0.226891,-0.132477,0.278560,-0.189865,-0.932097,199.924393,0.000000
247771,-0.053085,0.892204,-0.226889,-0.132438,0.278540,-0.189760,-0.932130,199.937782,0.000000
247775,-0.053145,0.892171,-0.226879,-0.132510,0.278905,-0.189999,-0.931962,199.963188,0.000000
247778,-0.053129,0.892176,-0.226894,-0.132508,0.278828,-0.189881,-0.932010,199.988251,0.000000
247782,-0.053113,0.892190,-0.226912,-0.132500,0.278675,-0.189919,-0.932049,199.997520,0.000000
247785,-0.053156,0.892176,-0.226916,-0.132560,0.278853,-0.189976,-0.931975,200.004044,0.000000
247789,-0.053152,0.892181,-0.226931,-0.132472,0.278615,-0.190003,-0.932053,200.006447,0.000000
247792,-0.053146,0.892186,-0.226929,-0.132536,0.278517,-0.189960,-0.932083,200.008850,0.000000
247796,-0.053220,0.892163,-0.226915,-0.132555,0.278910,-0.190019,-0.931950,200.009193,0.000000
247800,-0.053163,0.892174,-0.226908,-0.132558,0.278623,-0.189717,-0.932097,200.009537,0.000000
247803,-0.053164,0.892176,-0.226897,-0.132535,0.278600,-0.189905,-0.932069,200.009537,0.000000
247806,-0.053171,0.892170,-0.226896,-0.132544,0.278655,-0.190023,-0.932027,200.009537,0.000000
247810,-0.053179,0.892162,-0.226902,-0.132577,0.278854,-0.189952,-0.931978,200.009537,0.000000
247814,-0.053139,0.892179,-0.226905,-0.132537,0.278648,-0.189791,-0.932078,200.009537,-0.000343
247817,-0.053174,0.892166,-0.226909,-0.132525,0.278814,-0.189899,-0.932008,200.009537,0.000000
247821,-0.053167,0.892162,-0.226909,-0.132563,0.278704,-0.189851,-0.932045,200.009193,0.000000
247824,-0.053167,0.892176,-0.226918,-0.132555,0.278606,-0.189859,-0.932074,200.009537,0.000000
247828,-0.053231,0.892150,-0.226924,-0.132605,0.278982,-0.189960,-0.931933,200.009537,0.000000
247831,-0.053219,0.892155,-0.226930,-0.132596,0.278954,-0.189916,-0.931952,200.009537,-0.000343
247835,-0.053126,0.892186,-0.226944,-0.132545,0.278568,-0.189899,-0.932078,200.009193,-0.000343
247839,-0.053196,0.892155,-0.226928,-0.132618,0.278895,-0.190141,-0.931921,200.009537,0.000000
247842,-0.053161,0.892160,-0.226914,-0.132597,0.278791,-0.189955,-0.931993,200.009193,0.000000
247846,-0.053160,0.892161,-0.226887,-0.132592,0.278715,-0.190061,-0.931995,200.009537,0.000000
247849,-0.053186,0.892150,-0.226867,-0.132659,0.278870,-0.190005,-0.931950,200.009193,0.000000
247853,-0.053158,0.892165,-0.226862,-0.132589,0.278584,-0.190088,-0.932029,200.009193,0.000000
247856,-0.053144,0.892170,-0.226867,-0.132594,0.278523,-0.190006,-0.932063,200.009193,0.000000
247860,-0.053219,0.892146,-0.226872,-0.132619,0.278946,-0.190125,-0.931909,200.008850,0.000000
247863,-0.053202,0.892155,-0.226893,-0.132611,0.278905,-0.190118,-0.931923,200.008507,0.000000
247867,-0.053157,0.892174,-0.226908,-0.132574,0.278616,-0.189989,-0.932042,200.008163,0.000000
247870,-0.053177,0.892171,-0.226919,-0.132554,0.278776,-0.190071,-0.931980,200.006790,0.000000
247874,-0.053180,0.892161,-0.226918,-0.132583,0.278730,-0.189968,-0.932011,200.005760,0.000000
247878,-0.053166,0.892168,-0.226901,-0.132580,0.278744,-0.189810,-0.932039,200.004730,0.000000
247881,-0.053195,0.892159,-0.226892,-0.132575,0.278885,-0.190016,-0.931955,200.003014,0.000000
247884,-0.053217,0.892146,-0.226879,-0.132600,0.278925,-0.190211,-0.931900,200.000610,0.000000
247888,-0.053145,0.892172,-0.226879,-0.132570,0.278594,-0.189864,-0.932074,199.999237,0.000000
247892,-0.053201,0.892150,-0.226868,-0.132611,0.278965,-0.189868,-0.931956,199.997864,0.000000
247895,-0.053213,0.892146,-0.226870,-0.132636,0.278906,-0.189964,-0.931951,199.996834,0.000000
247899,-0.053152,0.892184,-0.226878,-0.132547,0.278662,-0.189851,-0.932060,199.996147,0.000000
247902,-0.053185,0.892168,-0.226883,-0.132553,0.278784,-0.189915,-0.932009,199.995804,0.000000
247906,-0.053182,0.892159,-0.226879,-0.132602,0.278736,-0.189960,-0.932007,199.995461,0.000000
247910,-0.053188,0.892160,-0.226884,-0.132567,0.278758,-0.190097,-0.931978,199.995461,0.000000
247913,-0.053210,0.892146,-0.226878,-0.132638,0.278943,-0.189984,-0.931936,199.995117,0.000000
247917,-0.053159,0.892170,-0.226891,-0.132596,0.278578,-0.190097,-0.932028,199.995117,0.000000
247920,-0.053145,0.892177,-0.226903,-0.132538,0.278533,-0.189976,-0.932074,199.995117,0.000000
247924,-0.053239,0.892144,-0.226907,-0.132587,0.278920,-0.190198,-0.931906,199.995117,0.000000
247927,-0.053218,0.892158,-0.226924,-0.132560,0.278824,-0.190052,-0.931968,199.995117,0.000000
247931,-0.053207,0.892167,-0.226927,-0.132554,0.278653,-0.190065,-0.932018,199.995461,0.000000
247935,-0.053227,0.892159,-0.226924,-0.132586,0.278858,-0.189927,-0.931980,199.995117,0.000000
247938,-0.053211,0.892171,-0.226914,-0.132546,0.278640,-0.190103,-0.932015,199.995117,0.000000
247941,-0.053191,0.892174,-0.226896,-0.132565,0.278544,-0.190098,-0.932042,199.995461,0.000000
247945,-0.053235,0.892147,-0.226870,-0.132616,0.278942,-0.190014,-0.931933,199.995117,0.000000
247949,-0.053158,0.892167,-0.226855,-0.132581,0.278624,-0.189797,-0.932077,199.995117,0.000000
247952,-0.053155,0.892165,-0.226848,-0.132597,0.278600,-0.189930,-0.932055,199.995117,0.000000
247956,-0.053197,0.892151,-0.226856,-0.132588,0.278939,-0.189878,-0.931966,199.995117,0.000000
247959,-0.053187,0.892157,-0.226871,-0.132597,0.278842,-0.189973,-0.931974,199.995461,0.000000
247963,-0.053160,0.892173,-0.226891,-0.132549,0.278704,-0.189812,-0.932055,199.995461,0.000000
247966,-0.053204,0.892162,-0.226902,-0.132551,0.278842,-0.189911,-0.931993,199.995461,0.000000
247970,-0.053194,0.892171,-0.226910,-0.132539,0.278671,-0.189875,-0.932053,199.995117,0.000000
247974,-0.053239,0.892156,-0.226904,-0.132582,0.278835,-0.190104,-0.931951,199.995117,0.000000
247977,-0.053249,0.892146,-0.226893,-0.132615,0.278991,-0.189948,-0.931932,199.995461,0.000000
247981,-0.053170,0.892174,-0.226892,-0.132595,0.278552,-0.190099,-0.932035,199.995461,0.000000
247984,-0.053153,0.892171,-0.226880,-0.132587,0.278567,-0.189890,-0.932074,199.994774,0.000000
247988,-0.053212,0.892146,-0.226867,-0.132641,0.278968,-0.190133,-0.931897,199.995461,0.000000
247991,-0.053173,0.892156,-0.226873,-0.132598,0.278790,-0.189950,-0.931994,199.995117,0.000000
247995,-0.053171,0.892158,-0.226870,-0.132601,0.278705,-0.190064,-0.931996,199.995461,0.000000
247998,-0.053199,0.892152,-0.226876,-0.132595,0.278872,-0.190021,-0.931956,199.995461,0.000000
248002,-0.053176,0.892169,-0.226895,-0.132565,0.278593,-0.190072,-0.932033,199.995117,0.000000
248005,-0.053173,0.892175,-0.226899,-0.132529,0.278488,-0.190027,-0.932079,199.995461,0.000000
248009,-0.053241,0.892155,-0.226901,-0.132563,0.278941,-0.190093,-0.931925,199.995461,0.000000
248012,-0.053235,0.892154,-0.226902,-0.132598,0.278912,-0.190084,-0.931930,199.995804,0.000000
248016,-0.053182,0.892172,-0.226902,-0.132528,0.278595,-0.189970,-0.932058,199.995804,0.000000
248020,-0.053219,0.892154,-0.226892,-0.132558,0.278928,-0.189869,-0.931975,199.995804,0.000000
248023,-0.053209,0.892158,-0.226884,-0.132575,0.278755,-0.190031,-0.931991,199.995804,0.000000
248026,-0.053190,0.892166,-0.226881,-0.132566,0.278599,-0.190124,-0.932020,199.995461,0.000000
248030,-0.053234,0.892149,-0.226871,-0.132604,0.278961,-0.189983,-0.931935,199.995804,0.000000
248034,-0.053187,0.892166,-0.226876,-0.132589,0.278688,-0.189779,-0.932061,199.996147,-0.000343
248037,-0.053172,0.892175,-0.226888,-0.132539,0.278605,-0.189816,-0.932085,199.995804,0.000000
248041,-0.053231,0.892150,-0.226886,-0.132584,0.278969,-0.189911,-0.931950,199.996490,0.000000
248041,-0.053231,0.892150,-0.226886,-0.132584,0.278969,-0.189911,-0.931950,199.996147,-0.000343
248041,-0.053231,0.892150,-0.226886,-0.132584,0.278969,-0.189911,-0.931950,199.995804,0.000000
248041,-0.053231,0.892150,-0.226886,-0.132584,0.278969,-0.189911,-0.931950,199.996147,-0.000343
248041,-0.053231,0.892150,-0.226886,-0.132584,0.278969,-0.189911,-0.931950,199.996490,-0.000343
248041,-0.053231,0.892150,-0.226886,-0.132584,0.278969,-0.189911,-0.931950,199.996490,0.000000
248041,-0.053231,0.892150,-0.226886,-0.132584,0.278969,-0.189911,-0.931950,199.996490,0.000000
248041,-0.053231,0.892150,-0.226886,-0.132584,0.278969,-0.189911,-0.931950,199.996490,0.000000
248041,-0.053231,0.892150,-0.226886,-0.132584,0.278969,-0.189911,-0.931950,199.996490,0.000000
248041,-0.053231,0.892150,-0.226886,-0.132584,0.278969,-0.189911,-0.931950,199.996490,0.000000
248041,-0.053231,0.892150,-0.226886,-0.132584,0.278969,-0.189911,-0.931950,199.996490,0.000000
248041,-0.053231,0.892150,-0.226886,-0.132584,0.278969,-0.189911,-0.931950,199.996490,0.000000
248041,-0.053231,0.892150,-0.226886,-0.132584,0.278969,-0.189911,-0.931950,199.996490,0.000000
248041,-0.053231,0.892150,-0.226886,-0.132584,0.278969,-0.189911,-0.931950,199.996490,0.000000
248041,-0.053231,0.892150,-0.226886,-0.132584,0.278969,-0.189911,-0.931950,199.996490,0.000000
248041,-0.053231,0.892150,-0.226886,-0.132584,0.278969,-0.189911,-0.931950,199.996490,0.000000
248041,-0.053231,0.892150,-0.226886,-0.132584,0.278969,-0.189911,-0.931950,199.996490,0.000000
248041,-0.053231,0.892150,-0.226886,-0.132584,0.278969,-0.189911,-0.931950,199.996490,0.000000
248041,-0.053231,0.892150,-0.226886,-0.132584,0.278969,-0.189911,-0.931950,199.996490,0.000000
