0,0.000000,0.000000,0.000000,0.000000,0.000000,0.000000,0.000000,0.000000,0.000000
0,0.000000,0.000000,0.000000,0.000000,0.000000,0.000000,0.000000,0.000000,0.000000
0,0.000000,0.000000,0.000000,0.000000,0.000000,0.000000,0.000000,0.000000,0.000000
0,0.000000,0.000000,0.000000,0.000000,0.000000,0.000000,0.000000,0.000000,0.000000
0,0.000000,0.000000,0.000000,0.000000,0.000000,0.000000,0.000000,0.000000,0.000000
0,0.000000,0.000000,0.000000,0.000000,0.000000,0.000000,0.000000,0.000000,0.000000
0,0.000000,0.000000,0.000000,0.000000,0.000000,0.000000,0.000000,0.000000,0.000000
0,0.000000,0.000000,0.000000,0.000000,0.000000,0.000000,0.000000,0.000000,0.000000
0,0.000000,0.000000,0.000000,0.000000,0.000000,0.000000,0.000000,0.000000,0.000000
0,0.000000,0.000000,0.000000,0.000000,0.000000,0.000000,0.000000,0.000000,0.000000
0,0.000000,0.000000,0.000000,0.000000,0.000000,0.000000,0.000000,0.000000,0.000000
0,0.000000,0.000000,0.000000,0.000000,0.000000,0.000000,0.000000,0.000000,0.000000
0,0.000000,0.000000,0.000000,0.000000,0.000000,0.000000,0.000000,0.000000,0.000000
0,0.000000,0.000000,0.000000,0.000000,0.000000,0.000000,0.000000,0.000000,0.000000
0,0.000000,0.000000,0.000000,0.000000,0.000000,0.000000,0.000000,0.000000,0.000000
0,0.000000,0.000000,0.000000,0.000000,0.000000,0.000000,0.000000,0.000000,0.000000
0,0.000000,0.000000,0.000000,0.000000,0.000000,0.000000,0.000000,0.000000,0.000000
0,0.000000,0.000000,0.000000,0.000000,0.000000,0.000000,0.000000,0.000000,0.000000
0,0.000000,0.000000,0.000000,0.000000,0.000000,0.000000,0.000000,0.000000,0.000000
0,0.000000,0.000000,0.000000,0.000000,0.000000,0.000000,0.000000,0.000000,0.000000
0,0.000000,0.000000,0.000000,0.000000,0.000000,0.000000,0.000000,0.000000,0.000000
0,0.000000,0.000000,0.000000,0.000000,0.000000,0.000000,0.000000,0.000000,0.000000
0,0.000000,0.000000,0.000000,0.000000,0.000000,0.000000,0.000000,0.000000,0.000000
0,0.000000,0.000000,0.000000,0.000000,0.000000,0.000000,0.000000,0.000000,0.000000
0,0.000000,0.000000,0.000000,0.000000,0.000000,0.000000,0.000000,0.000000,0.000000
333912,-0.000778,0.901587,-0.241973,-0.030408,0.274162,-0.032973,-0.960637,0.000343,0.000000
333916,-0.000769,0.901600,-0.242072,-0.030403,0.274012,-0.032733,-0.960688,0.000687,0.000000
333919,-0.000793,0.901613,-0.242160,-0.030379,0.273838,-0.032955,-0.960731,0.000687,0.000000
333923,-0.000893,0.901625,-0.242231,-0.030342,0.274392,-0.032849,-0.960578,0.000687,0.000000
333926,-0.000945,0.901625,-0.242254,-0.030358,0.274269,-0.033185,-0.960601,0.000687,0.000000
333930,-0.000897,0.901618,-0.242259,-0.030341,0.273972,-0.032759,-0.960701,0.000687,0.000000
333934,-0.000930,0.901620,-0.242203,-0.030422,0.274388,-0.032875,-0.960575,0.000343,0.000000
333937,-0.000858,0.901617,-0.242155,-0.030364,0.274191,-0.032749,-0.960638,0.000687,-0.000343
333941,-0.000765,0.901603,-0.242088,-0.030349,0.274027,-0.032767,-0.960684,0.000343,0.000000
333944,-0.000759,0.901597,-0.242033,-0.030384,0.274274,-0.032672,-0.960616,0.000687,0.000000
333948,-0.000738,0.901589,-0.242002,-0.030426,0.274012,-0.032695,-0.960689,0.000343,0.000000
333951,-0.000744,0.901588,-0.242007,-0.030397,0.273970,-0.032520,-0.960707,0.000687,0.000000
333955,-0.000854,0.901601,-0.242035,-0.030453,0.274328,-0.032950,-0.960589,0.000687,0.000000
333959,-0.000825,0.901607,-0.242130,-0.030383,0.273849,-0.032930,-0.960729,0.000687,-0.000343
333962,-0.000851,0.901611,-0.242176,-0.030344,0.273897,-0.032946,-0.960716,0.000687,-0.000343
333965,-0.000875,0.901622,-0.242206,-0.030318,0.274128,-0.032683,-0.960659,0.000687,0.000000
333969,-0.000889,0.901625,-0.242211,-0.030341,0.274101,-0.033038,-0.960654,0.000687,0.000000
333973,-0.000893,0.901612,-0.242171,-0.030388,0.274149,-0.032949,-0.960642,0.000687,0.000000
333976,-0.000889,0.901607,-0.242131,-0.030414,0.274265,-0.032987,-0.960607,0.000343,0.000000
333980,-0.000805,0.901596,-0.242091,-0.030404,0.273966,-0.032872,-0.960697,0.000343,0.000000
333983,-0.000778,0.901593,-0.242069,-0.030392,0.273812,-0.032962,-0.960738,0.000687,0.000000
333987,-0.000822,0.901605,-0.242046,-0.030403,0.274375,-0.032849,-0.960581,0.000687,0.000000
333990,-0.000836,0.901604,-0.242048,-0.030422,0.274271,-0.033073,-0.960602,0.000687,0.000000
333994,-0.000809,0.901602,-0.242082,-0.030396,0.274023,-0.032754,-0.960685,0.000343,-0.000343
333998,-0.000857,0.901607,-0.242114,-0.030361,0.274257,-0.032735,-0.960619,0.000687,0.000000
334001,-0.000855,0.901609,-0.242140,-0.030340,0.274072,-0.032778,-0.960671,0.000687,0.000000
334005,-0.000859,0.901617,-0.242162,-0.030353,0.274181,-0.032760,-0.960641,0.000687,0.000000
334008,-0.000891,0.901621,-0.242165,-0.030352,0.274322,-0.032830,-0.960598,0.000343,0.000000
334012,-0.000848,0.901603,-0.242168,-0.030388,0.273943,-0.032712,-0.960709,0.000687,0.000000
334015,-0.000841,0.901600,-0.242170,-0.030367,0.273953,-0.032596,-0.960711,0.000687,-0.000343
334019,-0.000918,0.901602,-0.242142,-0.030395,0.274342,-0.032874,-0.960589,0.000343,-0.000343
334022,-0.000896,0.901610,-0.242143,-0.030335,0.274279,-0.032729,-0.960614,0.000343,0.000000
334026,-0.000855,0.901605,-0.242147,-0.030353,0.273935,-0.032802,-0.960709,0.000343,0.000000
334029,-0.000882,0.901612,-0.242132,-0.030354,0.274191,-0.032715,-0.960639,0.000343,-0.000343
334033,-0.000882,0.901606,-0.242115,-0.030360,0.274032,-0.032891,-0.960679,0.000343,-0.000343
334037,-0.000896,0.901607,-0.242090,-0.030403,0.274162,-0.033042,-0.960635,0.000343,-0.000343
334040,-0.000892,0.901607,-0.242078,-0.030366,0.274269,-0.033042,-0.960605,0.000343,-0.000343
334043,-0.000871,0.901606,-0.242079,-0.030371,0.274414,-0.032734,-0.960574,0.000343,-0.000343
334047,-0.000794,0.901594,-0.242089,-0.030401,0.273841,-0.032868,-0.960732,0.000343,-0.000343
334050,-0.000793,0.901596,-0.242101,-0.030329,0.274017,-0.032639,-0.960692,0.000687,-0.000343
334054,-0.000849,0.901600,-0.242115,-0.030395,0.274214,-0.033001,-0.960622,0.000687,-0.000343
334058,-0.000858,0.901599,-0.242144,-0.030367,0.274049,-0.032869,-0.960674,0.000343,-0.000343
334061,-0.000904,0.901607,-0.242167,-0.030372,0.274189,-0.033032,-0.960629,0.000687,0.000000
334065,-0.000903,0.901608,-0.242200,-0.030374,0.274017,-0.032911,-0.960682,0.000343,-0.000343
334068,-0.000889,0.901609,-0.242211,-0.030339,0.273821,-0.033003,-0.960735,0.000343,0.000000
334072,-0.000934,0.901614,-0.242184,-0.030375,0.274358,-0.032876,-0.960586,0.000343,-0.000343
334076,-0.000853,0.901601,-0.242148,-0.030346,0.273927,-0.032660,-0.960717,0.000343,0.000000
334079,-0.000829,0.901602,-0.242110,-0.030361,0.273947,-0.032656,-0.960711,0.000687,-0.000343
334083,-0.000865,0.901596,-0.242053,-0.030428,0.274373,-0.032736,-0.960584,0.000687,-0.000343
334086,-0.000833,0.901595,-0.242038,-0.030400,0.274232,-0.032748,-0.960625,0.000687,-0.000343
334090,-0.000802,0.901589,-0.242048,-0.030384,0.274049,-0.032687,-0.960680,0.000687,-0.000343
334093,-0.000851,0.901597,-0.242064,-0.030357,0.274228,-0.032701,-0.960629,0.000343,0.000000
334097,-0.000859,0.901598,-0.242121,-0.030381,0.274015,-0.032759,-0.960687,0.000343,-0.000343
334100,-0.000877,0.901605,-0.242160,-0.030319,0.273907,-0.032619,-0.960725,0.000343,0.000000
334104,-0.000987,0.901610,-0.242179,-0.030383,0.274364,-0.032978,-0.960580,0.000343,-0.000343
334107,-0.000983,0.901617,-0.242200,-0.030295,0.274336,-0.032782,-0.960597,0.000343,-0.000343
334111,-0.000925,0.901607,-0.242195,-0.030360,0.273842,-0.032903,-0.960732,0.000343,-0.000343
334115,-0.000965,0.901609,-0.242148,-0.030392,0.274307,-0.033093,-0.960592,0.000687,-0.000343
334118,-0.000909,0.901599,-0.242120,-0.030387,0.274148,-0.032943,-0.960643,0.000343,-0.000343
334121,-0.000857,0.901587,-0.242091,-0.030391,0.274024,-0.032641,-0.960688,0.000687,-0.000343
334125,-0.000855,0.901597,-0.242069,-0.030368,0.274212,-0.032942,-0.960625,0.000343,-0.000343
334129,-0.000812,0.901597,-0.242078,-0.030443,0.274002,-0.032849,-0.960686,0.000687,-0.000343
334132,-0.000800,0.901599,-0.242096,-0.030395,0.273811,-0.032905,-0.960740,0.000343,-0.000343
334136,-0.000884,0.901613,-0.242109,-0.030350,0.274325,-0.032997,-0.960591,0.000343,0.000000
334140,-0.000863,0.901600,-0.242139,-0.030379,0.273940,-0.032586,-0.960715,0.000343,-0.000343
334143,-0.000897,0.901603,-0.242150,-0.030356,0.273941,-0.032794,-0.960708,0.000343,-0.000343
334146,-0.000932,0.901608,-0.242150,-0.030362,0.274050,-0.033041,-0.960668,0.000343,-0.000343
334150,-0.000929,0.901605,-0.242157,-0.030359,0.274150,-0.032855,-0.960646,0.000343,-0.000343
334154,-0.000877,0.901604,-0.242157,-0.030319,0.274072,-0.032680,-0.960675,0.000343,-0.000343
334157,-0.000894,0.901611,-0.242151,-0.030338,0.274230,-0.032812,-0.960625,0.000343,-0.000343
334161,-0.000846,0.901599,-0.242149,-0.030363,0.273993,-0.032708,-0.960696,0.000343,-0.000343
334164,-0.000833,0.901601,-0.242142,-0.030348,0.273942,-0.032690,-0.960711,0.000343,-0.000343
334168,-0.000910,0.901604,-0.242113,-0.030414,0.274389,-0.032833,-0.960577,0.000343,-0.000343
334171,-0.000901,0.901610,-0.242115,-0.030337,0.274337,-0.032708,-0.960598,0.000687,0.000000
334175,-0.000855,0.901603,-0.242118,-0.030345,0.273901,-0.032797,-0.960720,0.000343,-0.000343
334178,-0.000876,0.901607,-0.242109,-0.030330,0.274114,-0.032696,-0.960663,0.000343,-0.000343
334182,-0.000879,0.901607,-0.242103,-0.030388,0.274119,-0.032875,-0.960653,0.000343,-0.000343
334186,-0.000894,0.901607,-0.242090,-0.030348,0.274062,-0.033011,-0.960666,0.000000,0.000343
334189,-0.000916,0.901605,-0.242087,-0.030386,0.274293,-0.032925,-0.960602,0.000343,0.004120
334193,-0.000882,0.901599,-0.242102,-0.030374,0.273908,-0.032983,-0.960710,0.000343,0.028839
334196,-0.000870,0.901600,-0.242116,-0.030369,0.273819,-0.032878,-0.960739,0.000343,0.071411
334200,-0.000930,0.901612,-0.242124,-0.030352,0.274308,-0.033029,-0.960595,0.000343,0.132523
334203,-0.000932,0.901611,-0.242135,-0.030389,0.274211,-0.033059,-0.960621,0.000343,0.202217
334207,-0.000884,0.901607,-0.242153,-0.030321,0.273931,-0.032892,-0.960708,0.000343,0.272255
334211,-0.000911,0.901611,-0.242145,-0.030354,0.274310,-0.032745,-0.960604,0.000343,0.336800
334214,-0.000887,0.901611,-0.242139,-0.030359,0.274082,-0.032891,-0.960664,0.000343,0.392075
334218,-0.000849,0.901608,-0.242130,-0.030317,0.274118,-0.032650,-0.960663,0.000687,0.439453
334221,-0.000869,0.901608,-0.242106,-0.030345,0.274276,-0.032889,-0.960609,0.000343,0.487862
334225,-0.000813,0.901601,-0.242101,-0.030356,0.273964,-0.032598,-0.960708,0.000343,0.552406
334228,-0.000808,0.901598,-0.242099,-0.030377,0.273935,-0.032648,-0.960714,0.000343,0.635834
334232,-0.000885,0.901607,-0.242089,-0.030374,0.274387,-0.032790,-0.960580,0.000343,0.742607
334235,-0.000878,0.901609,-0.242114,-0.030356,0.274322,-0.032814,-0.960599,0.000343,0.864487
334239,-0.000850,0.901603,-0.242147,-0.030332,0.273931,-0.032749,-0.960713,0.000343,0.992889
334243,-0.000909,0.901613,-0.242159,-0.030357,0.274212,-0.033144,-0.960618,0.000343,1.123352
334246,-0.000878,0.901616,-0.242171,-0.030320,0.274062,-0.032822,-0.960674,0.000343,1.257248
334249,-0.000864,0.901607,-0.242167,-0.030348,0.273996,-0.032633,-0.960698,0.000343,1.394920
334253,-0.000908,0.901608,-0.242140,-0.030360,0.274336,-0.032866,-0.960592,0.000343,1.547356
334257,-0.000845,0.901605,-0.242131,-0.030355,0.273864,-0.033001,-0.960723,0.000343,1.710434
334260,-0.000824,0.901601,-0.242115,-0.030368,0.273849,-0.032792,-0.960734,0.000343,1.887589
334264,-0.000878,0.901613,-0.242096,-0.030380,0.274313,-0.033072,-0.960591,0.000343,2.084999
334267,-0.000872,0.901609,-0.242096,-0.030372,0.274220,-0.032947,-0.960622,0.000343,2.305412
334271,-0.000849,0.901604,-0.242116,-0.030348,0.273964,-0.032871,-0.960699,0.000343,2.525826
334274,-0.000881,0.901610,-0.242125,-0.030357,0.274133,-0.032928,-0.960649,0.000000,2.756195
334278,-0.000887,0.901612,-0.242145,-0.030355,0.274041,-0.032956,-0.960674,0.000343,3.004761
334282,-0.000883,0.901615,-0.242169,-0.030315,0.274184,-0.032664,-0.960644,0.000343,3.261566
334285,-0.000911,0.901619,-0.242168,-0.030328,0.274278,-0.032955,-0.960607,0.000343,3.534851
334289,-0.000832,0.901611,-0.242186,-0.030297,0.273955,-0.032619,-0.960712,0.000343,3.832512
334292,-0.000814,0.901614,-0.242181,-0.030308,0.273866,-0.032750,-0.960732,0.000343,4.127426
334295,-0.000826,0.901612,-0.242164,-0.030370,0.273980,-0.032964,-0.960690,0.000000,4.449463
334299,-0.000849,0.901613,-0.242145,-0.030321,0.274265,-0.032797,-0.960616,0.000343,4.780426
334303,-0.000805,0.901610,-0.242136,-0.030289,0.273974,-0.032630,-0.960706,0.000343,5.148125
334306,-0.000847,0.901613,-0.242125,-0.030330,0.274192,-0.032708,-0.960640,0.000343,5.517540
334310,-0.000841,0.901607,-0.242133,-0.030293,0.274058,-0.032723,-0.960679,0.000343,5.917854
334314,-0.000891,0.901615,-0.242121,-0.030325,0.274120,-0.032986,-0.960651,0.000000,6.320915
334317,-0.000908,0.901617,-0.242127,-0.030297,0.274351,-0.032793,-0.960593,0.000343,6.751442
334320,-0.000912,0.901618,-0.242124,-0.030358,0.274426,-0.032756,-0.960571,0.000343,7.186775
334324,-0.000839,0.901610,-0.242143,-0.030316,0.273881,-0.032720,-0.960729,0.000343,7.640305
334328,-0.000890,0.901620,-0.242144,-0.030316,0.274289,-0.033119,-0.960599,0.000343,8.136749
334331,-0.000861,0.901618,-0.242154,-0.030324,0.274170,-0.032847,-0.960642,0.000343,8.631821
334335,-0.000829,0.901618,-0.242168,-0.030300,0.273971,-0.032956,-0.960696,0.000000,9.145432
334338,-0.000843,0.901623,-0.242173,-0.030286,0.274150,-0.032857,-0.960648,0.000343,9.693718
334342,-0.000841,0.901622,-0.242190,-0.030311,0.274003,-0.032980,-0.960685,0.000343,10.281830
334345,-0.000817,0.901625,-0.242207,-0.030277,0.273876,-0.032906,-0.960725,0.000343,10.882645
334349,-0.000894,0.901630,-0.242200,-0.030313,0.274248,-0.033013,-0.960614,0.000343,11.459084
334353,-0.000834,0.901624,-0.242209,-0.030226,0.273903,-0.032666,-0.960727,0.000000,12.069855
334356,-0.000839,0.901621,-0.242203,-0.030280,0.273864,-0.032898,-0.960729,0.000000,12.719421
334360,-0.000894,0.901625,-0.242172,-0.030308,0.274396,-0.032735,-0.960582,0.000343,13.411560
334363,-0.000862,0.901632,-0.242166,-0.030292,0.274195,-0.032939,-0.960633,0.000343,14.124985
334367,-0.000802,0.901625,-0.242165,-0.030245,0.274003,-0.032635,-0.960699,0.000343,14.855919
334370,-0.000820,0.901630,-0.242160,-0.030257,0.274149,-0.032895,-0.960648,0.000343,15.586166
334374,-0.000783,0.901625,-0.242179,-0.030250,0.274043,-0.032705,-0.960685,0.000000,16.344223
334377,-0.000777,0.901623,-0.242186,-0.030279,0.273884,-0.032770,-0.960727,0.000000,17.135925
334381,-0.000836,0.901632,-0.242192,-0.030274,0.274314,-0.032847,-0.960602,0.000343,17.983932
334384,-0.000852,0.901636,-0.242206,-0.030322,0.274358,-0.032901,-0.960586,0.000343,18.851166
334388,-0.000791,0.901637,-0.242231,-0.030325,0.273910,-0.032802,-0.960717,0.000000,19.728699
334392,-0.000862,0.901644,-0.242225,-0.030328,0.274251,-0.033292,-0.960603,0.000343,20.628548
334395,-0.000840,0.901637,-0.242228,-0.030322,0.274163,-0.032965,-0.960640,0.000343,21.534920
334399,-0.000823,0.901638,-0.242221,-0.030345,0.273987,-0.033153,-0.960683,0.000000,22.474251
334402,-0.000837,0.901637,-0.242203,-0.030365,0.274195,-0.033033,-0.960627,0.000000,23.440704
334406,-0.000825,0.901633,-0.242194,-0.030450,0.274014,-0.033273,-0.960668,0.000000,24.444237
334409,-0.000805,0.901625,-0.242196,-0.030435,0.273953,-0.033068,-0.960693,0.000000,25.470772
334413,-0.000866,0.901634,-0.242185,-0.030507,0.274302,-0.033420,-0.960578,0.000000,26.539879
334416,-0.000862,0.901640,-0.242193,-0.030505,0.274292,-0.033342,-0.960584,0.000000,27.605896
334420,-0.000819,0.901635,-0.242214,-0.030489,0.273928,-0.033288,-0.960690,0.000000,28.690796
334424,-0.000875,0.901643,-0.242213,-0.030499,0.274359,-0.033204,-0.960570,0.000000,29.796982
334427,-0.000870,0.901640,-0.242222,-0.030533,0.274166,-0.033446,-0.960616,0.000000,30.950890
334431,-0.000844,0.901639,-0.242221,-0.030561,0.274131,-0.033144,-0.960635,0.000000,32.126770
334434,-0.000879,0.901635,-0.242207,-0.030600,0.274208,-0.033484,-0.960600,0.000000,33.299217
334438,-0.000834,0.901632,-0.242197,-0.030610,0.274088,-0.033227,-0.960643,0.000000,34.485054
334441,-0.000830,0.901625,-0.242180,-0.030706,0.273957,-0.033405,-0.960671,0.000000,35.701103
334445,-0.000877,0.901632,-0.242157,-0.030699,0.274439,-0.033438,-0.960532,0.000000,36.944962
334448,-0.000889,0.901628,-0.242145,-0.030760,0.274399,-0.033598,-0.960536,0.000000,38.225212
334452,-0.000833,0.901621,-0.242158,-0.030762,0.274027,-0.033278,-0.960654,0.000000,39.513016
334456,-0.000900,0.901629,-0.242154,-0.030825,0.274290,-0.033838,-0.960557,0.000000,40.825195
334459,-0.000889,0.901622,-0.242162,-0.030843,0.274237,-0.033542,-0.960582,0.000343,42.144241
334463,-0.000893,0.901626,-0.242165,-0.030886,0.274101,-0.033829,-0.960609,0.000343,43.484917
334466,-0.000922,0.901620,-0.242158,-0.030921,0.274354,-0.033629,-0.960543,0.000000,44.833488
334469,-0.000947,0.901624,-0.242142,-0.030973,0.274482,-0.033772,-0.960500,0.000000,46.202660
334473,-0.000892,0.901613,-0.242145,-0.031025,0.274032,-0.033702,-0.960629,0.000000,47.604446
334477,-0.000970,0.901614,-0.242112,-0.031146,0.274376,-0.034190,-0.960510,0.000343,49.020653
334480,-0.000970,0.901606,-0.242100,-0.031170,0.274399,-0.034042,-0.960508,0.000000,50.443039
334484,-0.000941,0.901601,-0.242095,-0.031270,0.274008,-0.034192,-0.960611,0.000000,51.888771
334487,-0.000969,0.901595,-0.242076,-0.031307,0.274183,-0.034117,-0.960562,0.000000,53.344803
334491,-0.001001,0.901595,-0.242058,-0.031425,0.274267,-0.034409,-0.960524,0.000343,54.672432
334494,-0.000992,0.901585,-0.242050,-0.031462,0.274117,-0.034326,-0.960569,0.000000,56.298409
334498,-0.001042,0.901582,-0.242028,-0.031602,0.274401,-0.034581,-0.960474,0.000000,57.798042
334501,-0.001054,0.901580,-0.242012,-0.031715,0.274483,-0.034663,-0.960444,0.000000,59.303513
334505,-0.001012,0.901566,-0.241998,-0.031847,0.274063,-0.034708,-0.960557,0.000000,60.827522
334509,-0.001075,0.901566,-0.241965,-0.031917,0.274570,-0.034732,-0.960410,0.000000,62.339859
334512,-0.001097,0.901557,-0.241943,-0.032144,0.274495,-0.035049,-0.960412,0.000000,63.912621
334516,-0.001070,0.901545,-0.241934,-0.032210,0.274239,-0.034827,-0.960491,0.000343,65.504265
334519,-0.001131,0.901542,-0.241916,-0.032429,0.274341,-0.035197,-0.960441,0.000000,67.085953
334523,-0.001187,0.901533,-0.241894,-0.032659,0.274405,-0.035428,-0.960406,0.000000,68.675880
334526,-0.001217,0.901527,-0.241882,-0.032858,0.274279,-0.035694,-0.960426,0.000000,70.303230
334530,-0.001324,0.901512,-0.241837,-0.033140,0.274580,-0.035985,-0.960319,0.000000,71.906548
334533,-0.001385,0.901511,-0.241807,-0.033381,0.274680,-0.036365,-0.960268,0.000343,73.535271
334537,-0.001376,0.901490,-0.241781,-0.033696,0.274373,-0.036509,-0.960339,0.000000,75.184250
334541,-0.001474,0.901487,-0.241724,-0.034090,0.274696,-0.037380,-0.960199,0.000343,76.818123
334544,-0.001485,0.901480,-0.241689,-0.034321,0.274682,-0.037497,-0.960191,0.000343,78.445816
334548,-0.001485,0.901464,-0.241647,-0.034670,0.274389,-0.037962,-0.960244,-0.000343,80.075569
334551,-0.001534,0.901455,-0.241614,-0.034885,0.274548,-0.038161,-0.960182,0.000000,81.722832
334555,-0.001619,0.901448,-0.241574,-0.035281,0.274621,-0.038910,-0.960117,0.000000,83.415070
334558,-0.001668,0.901429,-0.241554,-0.035583,0.274510,-0.039120,-0.960129,0.000343,85.080185
334562,-0.001808,0.901425,-0.241519,-0.036077,0.274769,-0.040017,-0.959999,0.000000,86.799889
334566,-0.001882,0.901410,-0.241498,-0.036583,0.274624,-0.040417,-0.960005,0.000000,88.548088
334569,-0.001974,0.901393,-0.241469,-0.037067,0.274582,-0.041292,-0.959961,0.000000,90.226250
334573,-0.002159,0.901384,-0.241415,-0.037797,0.275014,-0.042233,-0.959768,0.000000,91.908875
334576,-0.002263,0.901368,-0.241377,-0.038377,0.274925,-0.043266,-0.959725,0.000000,93.657761
334580,-0.002327,0.901347,-0.241328,-0.039073,0.274790,-0.043704,-0.959716,0.000000,95.410423
334583,-0.002438,0.901335,-0.241280,-0.039584,0.274863,-0.044701,-0.959628,0.000000,97.133217
334587,-0.002555,0.901315,-0.241223,-0.040378,0.274912,-0.045800,-0.959529,0.000000,98.851891
334590,-0.002642,0.901303,-0.241186,-0.041052,0.274818,-0.046826,-0.959478,0.000000,100.561638
334594,-0.002835,0.901280,-0.241114,-0.042056,0.275188,-0.048197,-0.959260,0.000000,102.252159
334598,-0.002983,0.901263,-0.241067,-0.043181,0.275035,-0.049977,-0.959163,0.000000,103.996582
334601,-0.003124,0.901245,-0.241017,-0.044084,0.275108,-0.051121,-0.959041,0.000000,105.767441
334604,-0.003252,0.901235,-0.240958,-0.044740,0.275170,-0.052107,-0.958940,0.000000,107.518387
334608,-0.003424,0.901213,-0.240887,-0.045681,0.275413,-0.053439,-0.958752,0.000000,109.268646
334612,-0.003566,0.901185,-0.240801,-0.046736,0.275222,-0.054862,-0.958676,0.000000,111.043282
334615,-0.003731,0.901172,-0.240739,-0.047677,0.275321,-0.056341,-0.958515,0.000000,112.797318
334619,-0.004040,0.901130,-0.240633,-0.049723,0.275360,-0.059664,-0.958199,0.000000,114.529724
334622,-0.004314,0.901101,-0.240524,-0.051412,0.275375,-0.061953,-0.957960,0.000000,116.293030
334626,-0.004668,0.901080,-0.240421,-0.053469,0.275619,-0.065280,-0.957556,0.000000,118.060455
334629,-0.004958,0.901050,-0.240349,-0.054992,0.275608,-0.067680,-0.957307,0.000000,119.788399
334633,-0.005272,0.901017,-0.240277,-0.057055,0.275324,-0.070792,-0.957042,0.000000,121.521149
334637,-0.005675,0.900998,-0.240201,-0.059119,0.275832,-0.074079,-0.956522,0.000000,123.271408
334640,-0.005948,0.900970,-0.240135,-0.060806,0.275795,-0.076710,-0.956219,0.000000,125.006905
334644,-0.006143,0.900940,-0.240083,-0.062192,0.275584,-0.078616,-0.956036,0.000000,126.743774
334647,-0.006335,0.900910,-0.240017,-0.063274,0.275735,-0.080476,-0.955767,0.000343,128.518410
334651,-0.006590,0.900868,-0.239921,-0.064816,0.275771,-0.082738,-0.955460,0.000000,130.256310
334654,-0.006718,0.900849,-0.239868,-0.065737,0.275629,-0.084288,-0.955302,0.000000,132.028885
334658,-0.006992,0.900812,-0.239784,-0.067133,0.275961,-0.086477,-0.954914,0.000343,133.788414
334661,-0.007209,0.900785,-0.239710,-0.068318,0.275953,-0.088457,-0.954651,0.000000,135.526657
334665,-0.007352,0.900756,-0.239652,-0.069396,0.275686,-0.089755,-0.954529,0.000000,137.270050
334669,-0.007612,0.900724,-0.239593,-0.070445,0.275973,-0.091750,-0.954180,0.000343,139.022369
334672,-0.007793,0.900698,-0.239540,-0.071568,0.275999,-0.093326,-0.953935,0.000000,140.748596
334675,-0.007971,0.900671,-0.239492,-0.072807,0.275876,-0.095267,-0.953685,0.000000,142.524261
334679,-0.008233,0.900634,-0.239409,-0.074551,0.275909,-0.097903,-0.953274,0.000000,144.290657
334683,-0.008626,0.900560,-0.239299,-0.077146,0.275858,-0.102068,-0.952645,0.000000,146.060143
334686,-0.008945,0.900495,-0.239203,-0.079049,0.275771,-0.104947,-0.952201,0.000000,147.818298
334690,-0.009339,0.900421,-0.239085,-0.081255,0.275947,-0.108555,-0.951560,0.000000,149.545555
334693,-0.009596,0.900390,-0.239026,-0.082590,0.276063,-0.110793,-0.951154,0.000343,151.273842
334697,-0.009885,0.900327,-0.238954,-0.084640,0.275652,-0.113713,-0.950748,0.000343,153.031311
334700,-0.010085,0.900294,-0.238917,-0.085833,0.275713,-0.115610,-0.950394,0.000000,154.770927
334704,-0.010362,0.900239,-0.238872,-0.087433,0.275787,-0.118277,-0.949899,0.000000,156.514664
334708,-0.010640,0.900179,-0.238795,-0.089194,0.275715,-0.120792,-0.949440,0.000000,158.254967
334711,-0.010843,0.900134,-0.238731,-0.090399,0.275741,-0.122861,-0.949052,0.000000,160.019646
334715,-0.011124,0.900081,-0.238633,-0.092117,0.275679,-0.125451,-0.948566,0.000000,161.779518
334718,-0.011312,0.900030,-0.238556,-0.093264,0.275516,-0.127228,-0.948265,0.000000,163.534927
334722,-0.011549,0.899980,-0.238478,-0.094615,0.275788,-0.129160,-0.947790,0.000000,165.293427
334725,-0.011764,0.899932,-0.238413,-0.095902,0.275706,-0.131297,-0.947391,0.000000,167.043686
334729,-0.011946,0.899881,-0.238355,-0.097346,0.275421,-0.133182,-0.947064,0.000343,168.769913
334732,-0.012114,0.899844,-0.238322,-0.098325,0.275419,-0.134944,-0.946714,0.000000,170.515022
334736,-0.012410,0.899758,-0.238258,-0.099911,0.275504,-0.137386,-0.946171,0.000000,172.258072
334740,-0.012671,0.899687,-0.238184,-0.101826,0.275198,-0.140408,-0.945612,0.000343,174.015884
334743,-0.012962,0.899625,-0.238105,-0.103500,0.275437,-0.142888,-0.944990,0.000000,175.783653
334746,-0.013273,0.899543,-0.238004,-0.105111,0.275498,-0.145573,-0.944384,0.000000,177.543526
334750,-0.013485,0.899489,-0.237926,-0.106803,0.275191,-0.147923,-0.943919,0.000343,179.279709
334754,-0.013834,0.899389,-0.237821,-0.108635,0.275373,-0.150923,-0.943181,0.000000,181.028252
334757,-0.014074,0.899324,-0.237762,-0.110066,0.275419,-0.153087,-0.942653,0.000000,182.792931
334761,-0.014303,0.899255,-0.237713,-0.111829,0.274967,-0.156194,-0.942068,0.000000,184.532547
334764,-0.014529,0.899187,-0.237665,-0.113148,0.274990,-0.158184,-0.941571,0.000000,186.250191
334768,-0.014855,0.899089,-0.237601,-0.115074,0.274960,-0.161267,-0.940823,0.000000,188.022766
334772,-0.015135,0.899017,-0.237521,-0.116796,0.274758,-0.163693,-0.940251,0.000000,189.785385
334775,-0.015369,0.898943,-0.237460,-0.117987,0.274903,-0.165632,-0.939720,0.000000,191.520882
334779,-0.015582,0.898877,-0.237407,-0.119317,0.274751,-0.167667,-0.939235,0.000000,193.293800
334782,-0.015716,0.898826,-0.237362,-0.120341,0.274569,-0.169292,-0.938866,0.000000,195.037193
334786,-0.015936,0.898749,-0.237301,-0.121601,0.274843,-0.171149,-0.938287,0.000000,196.770973
334789,-0.016078,0.898701,-0.237265,-0.122545,0.274847,-0.172777,-0.937865,0.000000,198.516426
334793,-0.016219,0.898641,-0.237192,-0.123838,0.274491,-0.174417,-0.937495,0.000000,200.263939
334796,-0.016358,0.898585,-0.237135,-0.124626,0.274523,-0.175758,-0.937131,0.000343,202.003555
334800,-0.016553,0.898508,-0.237056,-0.125741,0.274719,-0.177255,-0.936643,0.000000,203.761024
334803,-0.016695,0.898459,-0.237017,-0.126645,0.274476,-0.178713,-0.936315,0.000000,205.520554
334807,-0.016908,0.898377,-0.236950,-0.127958,0.274460,-0.180505,-0.935797,0.000000,207.273560
334810,-0.017099,0.898310,-0.236904,-0.129045,0.274487,-0.182316,-0.935289,0.000000,209.004250
334814,-0.017267,0.898241,-0.236855,-0.130490,0.274125,-0.184266,-0.934812,0.000343,210.775108
334818,-0.017572,0.898131,-0.236782,-0.132175,0.274313,-0.187081,-0.933961,0.000343,212.534981
334821,-0.017762,0.898054,-0.236716,-0.133387,0.274322,-0.188812,-0.933437,0.000000,214.271164
334825,-0.017950,0.897978,-0.236652,-0.135023,0.273849,-0.191465,-0.932801,0.000343,216.025887
334828,-0.018207,0.897885,-0.236586,-0.136492,0.273673,-0.193927,-0.932129,0.000000,217.800865
334832,-0.018525,0.897758,-0.236493,-0.138387,0.273924,-0.196928,-0.931147,0.000343,219.519539
334835,-0.018723,0.897692,-0.236425,-0.139554,0.273777,-0.198782,-0.930621,0.000343,221.258125
334839,-0.018970,0.897586,-0.236350,-0.141000,0.273795,-0.201130,-0.929894,0.000000,223.022118
334843,-0.019162,0.897507,-0.236300,-0.142388,0.273544,-0.203276,-0.929289,0.000343,224.768944
334846,-0.019321,0.897425,-0.236262,-0.143618,0.273315,-0.205138,-0.928758,0.000000,226.504784
334848,-0.019498,0.897353,-0.236227,-0.144515,0.273578,-0.206400,-0.928261,0.000000,228.287659
334853,-0.019824,0.897225,-0.236113,-0.146528,0.273403,-0.209484,-0.927306,0.000000,230.021439
334857,-0.020005,0.897151,-0.236015,-0.147849,0.273061,-0.211217,-0.926804,0.000343,231.780624
334860,-0.020176,0.897069,-0.235949,-0.148834,0.272960,-0.212695,-0.926338,0.000000,233.544273
334863,-0.020350,0.896982,-0.235900,-0.149853,0.273075,-0.214148,-0.925805,0.000000,235.301399
334867,-0.020597,0.896875,-0.235863,-0.151560,0.272796,-0.216928,-0.924962,0.000343,237.007370
334871,-0.020843,0.896757,-0.235838,-0.153266,0.272763,-0.219583,-0.924063,0.000000,238.748703
334875,-0.021115,0.896644,-0.235779,-0.155083,0.272485,-0.222505,-0.923143,0.000343,240.513039
334878,-0.021289,0.896570,-0.235725,-0.156147,0.272256,-0.224026,-0.922663,0.000000,242.263985
334881,-0.021429,0.896496,-0.235664,-0.157046,0.272157,-0.225642,-0.922146,0.000000,244.005661
334885,-0.021722,0.896354,-0.235554,-0.158650,0.272433,-0.227899,-0.921234,0.000343,245.794029
334888,-0.021886,0.896260,-0.235482,-0.160030,0.272259,-0.230068,-0.920508,0.000000,247.539139
334892,-0.022091,0.896156,-0.235399,-0.161883,0.271894,-0.232927,-0.919572,0.000000,249.288368
334896,-0.022401,0.895983,-0.235309,-0.163803,0.271788,-0.236154,-0.918440,0.000000,251.035881
334899,-0.022624,0.895878,-0.235239,-0.165248,0.271491,-0.238265,-0.917723,0.000343,252.778931
334903,-0.022942,0.895739,-0.235150,-0.167056,0.271587,-0.241060,-0.916637,0.000000,254.526443
334906,-0.023155,0.895633,-0.235107,-0.168344,0.271578,-0.242924,-0.915911,0.000343,256.280823
334910,-0.023448,0.895494,-0.235056,-0.170224,0.270943,-0.246143,-0.914892,0.000000,258.046188
334913,-0.023648,0.895413,-0.235034,-0.171459,0.270813,-0.247963,-0.914208,0.000000,259.769669
334917,-0.023908,0.895288,-0.234993,-0.172936,0.270930,-0.250301,-0.913258,0.000000,261.511002
334921,-0.024088,0.895185,-0.234931,-0.174380,0.270481,-0.252370,-0.912547,0.000000,263.277740
334924,-0.024243,0.895080,-0.234873,-0.175550,0.270467,-0.254024,-0.911867,0.000000,265.022507
334928,-0.024449,0.894953,-0.234800,-0.176923,0.270529,-0.256211,-0.910971,0.000000,266.755943
334931,-0.024601,0.894859,-0.234736,-0.178252,0.270215,-0.258168,-0.910253,0.000000,268.526802
334935,-0.024820,0.894739,-0.234656,-0.179677,0.270263,-0.260389,-0.909325,0.000343,270.268135
334938,-0.024997,0.894638,-0.234601,-0.180867,0.270198,-0.262404,-0.908529,0.000343,272.019768
334942,-0.025195,0.894533,-0.234521,-0.182145,0.269762,-0.264345,-0.907840,0.000000,273.779640
334945,-0.025321,0.894465,-0.234492,-0.182896,0.269617,-0.265700,-0.907336,0.000000,275.537453
334949,-0.025570,0.894323,-0.234442,-0.184192,0.269835,-0.267615,-0.906446,0.000000,277.277412
334953,-0.025745,0.894210,-0.234390,-0.185884,0.269217,-0.270329,-0.905479,0.000000,279.029045
334956,-0.025955,0.894078,-0.234346,-0.187409,0.269170,-0.272586,-0.904501,0.000000,280.773811
334960,-0.026311,0.893909,-0.234235,-0.189686,0.269031,-0.276023,-0.903024,0.000000,282.531967
334963,-0.026469,0.893819,-0.234176,-0.190738,0.268722,-0.277512,-0.902438,0.000000,284.271927
334967,-0.026706,0.893685,-0.234119,-0.192069,0.268698,-0.279535,-0.901538,0.000000,286.032829
334970,-0.026893,0.893564,-0.234068,-0.193179,0.268703,-0.281090,-0.900816,0.000343,287.781372
334974,-0.026926,0.893373,-0.234057,-0.194171,0.269041,-0.283720,-0.899677,0.000000,289.520988
334977,-0.027068,0.893280,-0.234044,-0.195262,0.268885,-0.285349,-0.898971,0.000000,291.250992
334981,-0.027310,0.893119,-0.233984,-0.196837,0.268885,-0.288012,-0.897778,0.000000,293.022537
334984,-0.027433,0.893034,-0.233936,-0.197901,0.268690,-0.289482,-0.897129,0.000000,294.766273
334987,-0.027540,0.892954,-0.233867,-0.198732,0.268464,-0.290675,-0.896627,0.000000,296.517563
334987,-0.027540,0.892954,-0.233867,-0.198732,0.268464,-0.290675,-0.896627,0.000343,298.273659
334987,-0.027540,0.892954,-0.233867,-0.198732,0.268464,-0.290675,-0.896627,0.000000,300.020485
334987,-0.027540,0.892954,-0.233867,-0.198732,0.268464,-0.290675,-0.896627,0.000000,301.760101
334987,-0.027540,0.892954,-0.233867,-0.198732,0.268464,-0.290675,-0.896627,0.000000,303.534050
334987,-0.027540,0.892954,-0.233867,-0.198732,0.268464,-0.290675,-0.896627,0.000000,305.286026
334987,-0.027540,0.892954,-0.233867,-0.198732,0.268464,-0.290675,-0.896627,0.000343,307.023926
334987,-0.027540,0.892954,-0.233867,-0.198732,0.268464,-0.290675,-0.896627,0.000000,308.751526
334987,-0.027540,0.892954,-0.233867,-0.198732,0.268464,-0.290675,-0.896627,0.000343,310.502129
334987,-0.027540,0.892954,-0.233867,-0.198732,0.268464,-0.290675,-0.896627,0.000000,312.256851
334987,-0.027540,0.892954,-0.233867,-0.198732,0.268464,-0.290675,-0.896627,0.000343,314.018097
334987,-0.027540,0.892954,-0.233867,-0.198732,0.268464,-0.290675,-0.896627,0.000343,315.775223
334987,-0.027540,0.892954,-0.233867,-0.198732,0.268464,-0.290675,-0.896627,0.000000,317.539215
334987,-0.027540,0.892954,-0.233867,-0.198732,0.268464,-0.290675,-0.896627,0.000343,319.282951
334987,-0.027540,0.892954,-0.233867,-0.198732,0.268464,-0.290675,-0.896627,0.000000,321.005058
334987,-0.027540,0.892954,-0.233867,-0.198732,0.268464,-0.290675,-0.896627,0.000343,322.773514
334987,-0.027540,0.892954,-0.233867,-0.198732,0.268464,-0.290675,-0.896627,0.000000,324.537849
334987,-0.027540,0.892954,-0.233867,-0.198732,0.268464,-0.290675,-0.896627,0.000343,326.265450
334987,-0.027540,0.892954,-0.233867,-0.198732,0.268464,-0.290675,-0.896627,0.000000,328.012619
334987,-0.027540,0.892954,-0.233867,-0.198732,0.268464,-0.290675,-0.896627,0.000343,329.754982
334987,-0.027540,0.892954,-0.233867,-0.198732,0.268464,-0.290675,-0.896627,0.000343,331.494255
334987,-0.027540,0.892954,-0.233867,-0.198732,0.268464,-0.290675,-0.896627,0.000000,333.274727
334987,-0.027540,0.892954,-0.233867,-0.198732,0.268464,-0.290675,-0.896627,0.000000,335.045242
334987,-0.027540,0.892954,-0.233867,-0.198732,0.268464,-0.290675,-0.896627,0.000000,336.785889
334987,-0.027540,0.892954,-0.233867,-0.198732,0.268464,-0.290675,-0.896627,0.000000,338.526878
334987,-0.027540,0.892954,-0.233867,-0.198732,0.268464,-0.290675,-0.896627,0.000000,340.287437
334987,-0.027540,0.892954,-0.233867,-0.198732,0.268464,-0.290675,-0.896627,0.000000,342.039070
334987,-0.027540,0.892954,-0.233867,-0.198732,0.268464,-0.290675,-0.896627,0.000343,343.767014
334987,-0.027540,0.892954,-0.233867,-0.198732,0.268464,-0.290675,-0.896627,0.000000,345.523109
334987,-0.027540,0.892954,-0.233867,-0.198732,0.268464,-0.290675,-0.896627,0.000343,347.280922
335095,-0.033041,0.888914,-0.232307,-0.236470,0.262263,-0.347797,-0.868526,0.000343,348.993073
335098,-0.033199,0.888793,-0.232266,-0.237302,0.262251,-0.349126,-0.867769,0.000343,350.745049
335101,-0.033325,0.888676,-0.232220,-0.238217,0.262070,-0.350701,-0.866937,0.000343,352.512131
335105,-0.033451,0.888559,-0.232152,-0.239616,0.261470,-0.352742,-0.865905,0.000000,354.275436
335109,-0.033664,0.888340,-0.232091,-0.241137,0.261446,-0.355112,-0.864520,0.000343,356.044235
335112,-0.033789,0.888212,-0.232044,-0.242336,0.261164,-0.356788,-0.863579,0.000000,357.821617
335116,-0.033949,0.888069,-0.231960,-0.243778,0.260734,-0.358804,-0.862467,0.000000,359.539604
335119,-0.034072,0.887945,-0.231916,-0.244718,0.260790,-0.359995,-0.861687,0.000000,361.256905
335123,-0.034230,0.887798,-0.231855,-0.245976,0.260372,-0.362106,-0.860570,0.000000,363.017120
335126,-0.034377,0.887656,-0.231787,-0.247217,0.260106,-0.363715,-0.859616,0.000000,364.770470
335130,-0.034619,0.887415,-0.231743,-0.248905,0.259993,-0.366110,-0.858145,0.000000,366.493263
335133,-0.034870,0.887243,-0.231775,-0.249864,0.258573,-0.368003,-0.857486,0.000000,368.278198
335137,-0.035013,0.887136,-0.231732,-0.251017,0.257892,-0.370055,-0.856471,0.000343,370.035324
335141,-0.035241,0.886924,-0.231711,-0.252406,0.258072,-0.371920,-0.855199,0.000343,371.767387
335144,-0.035372,0.886805,-0.231690,-0.253421,0.257751,-0.373678,-0.854229,0.000343,373.549576
335148,-0.035535,0.886651,-0.231664,-0.254822,0.257362,-0.375740,-0.853024,0.000000,375.317001
335151,-0.035709,0.886493,-0.231633,-0.256042,0.257432,-0.377562,-0.851832,0.000343,377.037392
335155,-0.035878,0.886352,-0.231588,-0.257313,0.257071,-0.379553,-0.850673,0.000343,378.776321
335158,-0.035993,0.886251,-0.231551,-0.258148,0.256796,-0.380999,-0.849856,0.000000,380.513878
335162,-0.036210,0.886028,-0.231492,-0.259409,0.256770,-0.382794,-0.848673,0.000343,382.260704
335166,-0.036285,0.885907,-0.231453,-0.260171,0.255941,-0.384303,-0.848007,0.000000,384.002380
335169,-0.036394,0.885758,-0.231415,-0.260912,0.255529,-0.385643,-0.847295,0.000343,385.770836
335173,-0.036596,0.885519,-0.231358,-0.262037,0.255345,-0.387460,-0.846174,0.000000,387.517662
335176,-0.036717,0.885358,-0.231320,-0.262927,0.254959,-0.388730,-0.845432,0.000000,389.255562
335180,-0.036914,0.885165,-0.231267,-0.264123,0.254234,-0.390812,-0.844317,0.000343,391.018181
335183,-0.037080,0.885006,-0.231261,-0.264854,0.253970,-0.392103,-0.843568,0.000000,392.792816
335187,-0.037169,0.885019,-0.231066,-0.267576,0.255927,-0.394709,-0.840898,0.000343,394.521446
335190,-0.037288,0.884912,-0.231043,-0.268420,0.255718,-0.396007,-0.840082,0.000000,396.254539
335194,-0.037508,0.884720,-0.231014,-0.269723,0.255742,-0.397930,-0.838748,0.000000,397.997932
335197,-0.037637,0.884614,-0.230988,-0.270519,0.255612,-0.399095,-0.837977,-0.000343,399.717293
335201,-0.037739,0.884523,-0.230920,-0.271314,0.255033,-0.400611,-0.837173,0.000000,401.436310
335205,-0.037911,0.884324,-0.230852,-0.272507,0.255181,-0.402136,-0.836008,0.000343,403.186226
335208,-0.037996,0.884217,-0.230798,-0.273099,0.254854,-0.403266,-0.835370,0.000000,404.921722
335212,-0.038091,0.884095,-0.230718,-0.274056,0.254502,-0.404642,-0.834498,0.000000,406.458435
335215,-0.038208,0.883965,-0.230669,-0.274792,0.254476,-0.405751,-0.833725,0.000343,408.365936
335219,-0.038381,0.883800,-0.230609,-0.275960,0.254117,-0.407747,-0.832474,0.000343,410.062981
335222,-0.038530,0.883674,-0.230556,-0.277099,0.253817,-0.409490,-0.831331,0.000343,411.759682
335226,-0.038768,0.883447,-0.230517,-0.278632,0.253919,-0.411397,-0.829844,0.000343,413.473892
335229,-0.038912,0.883321,-0.230509,-0.279359,0.253656,-0.412813,-0.828977,-0.000343,415.173683
335233,-0.039058,0.883196,-0.230478,-0.280513,0.253108,-0.414688,-0.827818,0.000000,416.812019
335237,-0.039152,0.883015,-0.230362,-0.280448,0.251262,-0.417229,-0.827125,0.000000,418.492928
335240,-0.039400,0.882833,-0.230429,-0.282771,0.252773,-0.418236,-0.825364,0.000343,420.167656
335244,-0.039545,0.882685,-0.230353,-0.284014,0.252243,-0.420219,-0.824091,0.000000,421.820412
335247,-0.039668,0.882527,-0.230306,-0.285052,0.252176,-0.421614,-0.823040,0.000343,423.494797
335251,-0.039822,0.882316,-0.230253,-0.286399,0.251656,-0.423842,-0.821586,0.000000,425.153046
335254,-0.039845,0.882214,-0.230137,-0.286289,0.249881,-0.426065,-0.821016,0.000000,426.772842
335258,-0.040165,0.881881,-0.230253,-0.288293,0.250286,-0.427480,-0.819454,0.000000,428.366203
335261,-0.040302,0.881710,-0.230234,-0.289391,0.249976,-0.429167,-0.818279,0.000000,429.990120
335265,-0.040474,0.881530,-0.230199,-0.290575,0.249117,-0.431503,-0.816892,0.000000,431.607170
335268,-0.040500,0.881575,-0.229950,-0.291083,0.248251,-0.433108,-0.816124,0.000343,433.207054
335272,-0.040723,0.881401,-0.229906,-0.292992,0.248705,-0.435617,-0.813965,0.000000,434.773293
335275,-0.040813,0.881304,-0.229896,-0.293738,0.248346,-0.436663,-0.813245,0.000000,436.307602
335279,-0.040944,0.881150,-0.229872,-0.294584,0.248132,-0.437943,-0.812316,0.000000,437.859421
335283,-0.041039,0.881038,-0.229842,-0.295253,0.247870,-0.439069,-0.811545,0.000000,439.361458
335286,-0.041102,0.880959,-0.229807,-0.295824,0.247605,-0.439977,-0.810925,0.000343,440.914993
335290,-0.041253,0.880750,-0.229757,-0.296936,0.247529,-0.441316,-0.809814,0.000000,442.462006
335293,-0.041338,0.880612,-0.229712,-0.297695,0.247298,-0.442480,-0.808970,0.000000,443.973999
335297,-0.041426,0.880489,-0.229669,-0.298558,0.246831,-0.443972,-0.807977,0.000000,445.459900
335300,-0.041523,0.880347,-0.229634,-0.299336,0.246701,-0.445096,-0.807110,0.000343,446.917648
335304,-0.041681,0.880225,-0.229569,-0.300834,0.247321,-0.446668,-0.805493,0.000000,448.372307
335308,-0.041794,0.880133,-0.229518,-0.301534,0.246962,-0.447667,-0.804786,0.000000,449.795723
335311,-0.041937,0.880011,-0.229492,-0.302136,0.246980,-0.448453,-0.804117,0.000343,451.191330
335315,-0.042165,0.879843,-0.229442,-0.303009,0.246763,-0.449932,-0.803029,0.000343,452.620239
335318,-0.042363,0.879705,-0.229395,-0.303826,0.246422,-0.451080,-0.802180,0.000343,454.018593
335322,-0.042610,0.879485,-0.229347,-0.305034,0.246274,-0.452591,-0.800915,0.000000,455.401154
335325,-0.042760,0.879341,-0.229334,-0.305830,0.246167,-0.453829,-0.799943,0.000343,456.757965
335329,-0.042908,0.879241,-0.229274,-0.307052,0.245899,-0.455780,-0.798447,0.000343,458.112373
335332,-0.043023,0.879109,-0.229240,-0.307979,0.245719,-0.456867,-0.797523,0.000343,459.426270
335336,-0.043148,0.878955,-0.229202,-0.308866,0.245646,-0.458092,-0.796500,0.000000,460.716820
335339,-0.043209,0.878883,-0.229172,-0.309405,0.245463,-0.458845,-0.795913,0.000000,461.962738
335343,-0.043292,0.878760,-0.229116,-0.310118,0.245307,-0.459802,-0.795131,0.000343,463.239555
335347,-0.043390,0.878635,-0.229072,-0.310726,0.245172,-0.460987,-0.794248,0.000000,464.479637
335350,-0.043451,0.878564,-0.229026,-0.311239,0.244922,-0.461653,-0.793738,0.000343,465.702209
335354,-0.043589,0.878418,-0.228990,-0.311973,0.245016,-0.462522,-0.792914,0.000000,466.916885
335357,-0.043695,0.878320,-0.228963,-0.312477,0.244917,-0.463332,-0.792273,0.000000,468.118515
335361,-0.043810,0.878240,-0.228937,-0.313201,0.244551,-0.464494,-0.791420,0.000000,469.255943
335364,-0.043901,0.878143,-0.228925,-0.313805,0.244416,-0.465381,-0.790701,0.000343,470.380325
335368,-0.044045,0.877988,-0.228932,-0.314641,0.244472,-0.466488,-0.789698,0.000343,471.477242
335371,-0.044120,0.877914,-0.228918,-0.315150,0.244212,-0.467472,-0.788994,0.000000,472.586174
335375,-0.044212,0.877793,-0.228892,-0.315865,0.244045,-0.468451,-0.788178,0.000000,473.670387
335379,-0.044291,0.877689,-0.228848,-0.316443,0.243899,-0.469419,-0.787416,0.000343,474.712029
335382,-0.044331,0.877622,-0.228806,-0.316855,0.243679,-0.470072,-0.786928,0.000000,475.723801
335386,-0.044415,0.877485,-0.228758,-0.317569,0.243687,-0.470794,-0.786206,0.000343,476.713257
335389,-0.044475,0.877406,-0.228739,-0.317992,0.243688,-0.471398,-0.785672,0.000000,477.677994
335393,-0.044529,0.877367,-0.228705,-0.318412,0.243244,-0.472284,-0.785107,0.000343,478.600502
335396,-0.044610,0.877282,-0.228697,-0.318857,0.243204,-0.472884,-0.784578,0.000000,479.493828
335400,-0.044749,0.877152,-0.228685,-0.319418,0.243217,-0.473781,-0.783804,0.000000,480.418053
335403,-0.044841,0.877091,-0.228667,-0.319814,0.243033,-0.474448,-0.783296,0.000000,481.317902
335407,-0.044955,0.876992,-0.228641,-0.320469,0.242860,-0.475270,-0.782583,0.000000,482.185135
335411,-0.045057,0.876891,-0.228618,-0.320928,0.242794,-0.476265,-0.781811,0.000000,483.020439
335414,-0.045090,0.876852,-0.228585,-0.321216,0.242627,-0.476731,-0.781460,0.000000,483.781242
335417,-0.045131,0.876804,-0.228564,-0.321589,0.242507,-0.477137,-0.781096,-0.000343,484.533119
335421,-0.045206,0.876672,-0.228539,-0.322114,0.242688,-0.477847,-0.780389,0.000343,485.253067
335425,-0.045227,0.876657,-0.228502,-0.322371,0.242299,-0.478503,-0.780002,0.000000,485.959282
335428,-0.045261,0.876602,-0.228485,-0.322643,0.242237,-0.478868,-0.779685,0.000343,486.639404
335432,-0.045351,0.876497,-0.228478,-0.323045,0.242458,-0.479390,-0.779128,0.000343,487.319870
335435,-0.045390,0.876469,-0.228469,-0.323252,0.242280,-0.479776,-0.778860,0.000000,487.995186
335439,-0.045459,0.876416,-0.228456,-0.323632,0.242189,-0.480150,-0.778500,0.000343,488.654709
335442,-0.045521,0.876351,-0.228450,-0.323889,0.242207,-0.480613,-0.778102,0.000343,489.270973
335446,-0.045571,0.876327,-0.228440,-0.324077,0.242009,-0.481099,-0.777785,0.000343,489.821320
335450,-0.045625,0.876251,-0.228418,-0.324508,0.242116,-0.481332,-0.777428,0.000000,490.410805
335453,-0.045668,0.876199,-0.228408,-0.324687,0.242134,-0.481745,-0.777092,0.000000,490.912056
335457,-0.045689,0.876190,-0.228370,-0.324925,0.241786,-0.482156,-0.776845,0.000000,491.443176
335460,-0.045728,0.876144,-0.228346,-0.325134,0.241777,-0.482463,-0.776570,0.000000,491.965027
335464,-0.045805,0.876043,-0.228324,-0.325440,0.241892,-0.482928,-0.776117,0.000343,492.500610
335467,-0.045837,0.876019,-0.228305,-0.325606,0.241731,-0.483269,-0.775885,0.000000,492.929764
335471,-0.045870,0.875986,-0.228283,-0.325852,0.241603,-0.483495,-0.775681,0.000343,493.333168
335474,-0.045919,0.875930,-0.228289,-0.326041,0.241693,-0.483701,-0.775445,0.000343,493.741035
335478,-0.045944,0.875923,-0.228277,-0.326144,0.241419,-0.484128,-0.775221,0.000000,494.128990
335482,-0.046004,0.875860,-0.228273,-0.326386,0.241530,-0.484394,-0.774918,0.000343,494.540291
335485,-0.046041,0.875821,-0.228259,-0.326560,0.241559,-0.484552,-0.774737,0.000343,494.813232
335488,-0.046076,0.875804,-0.228249,-0.326671,0.241546,-0.484722,-0.774588,0.000000,495.261612
335492,-0.046097,0.875806,-0.228220,-0.326780,0.241169,-0.485064,-0.774445,0.000000,495.571976
335496,-0.046158,0.875728,-0.228222,-0.327019,0.241424,-0.485350,-0.774085,0.000343,495.973663
335499,-0.046162,0.875725,-0.228210,-0.327080,0.241269,-0.485528,-0.773996,0.000000,496.259651
335503,-0.046185,0.875708,-0.228205,-0.327256,0.241220,-0.485671,-0.773848,0.000343,496.577911
335506,-0.046211,0.875676,-0.228200,-0.327391,0.241268,-0.485803,-0.773693,0.000000,496.756096
335510,-0.046239,0.875679,-0.228200,-0.327426,0.241067,-0.486068,-0.773574,0.000343,497.018394
335513,-0.046251,0.875672,-0.228184,-0.327485,0.240988,-0.486235,-0.773469,0.000343,497.298546
335517,-0.046307,0.875600,-0.228182,-0.327756,0.241268,-0.486282,-0.773237,0.000000,497.517242
335521,-0.046317,0.875623,-0.228160,-0.327791,0.240976,-0.486373,-0.773256,0.000000,497.752075
335524,-0.046340,0.875608,-0.228143,-0.327845,0.240956,-0.486515,-0.773150,0.000000,497.956352
335528,-0.046392,0.875547,-0.228132,-0.328027,0.241203,-0.486621,-0.772929,0.000000,498.154793
335531,-0.046400,0.875546,-0.228121,-0.328008,0.241098,-0.486778,-0.772871,0.000000,498.297958
335535,-0.046405,0.875546,-0.228108,-0.328114,0.240967,-0.486771,-0.772871,0.000343,498.467560
335538,-0.046429,0.875515,-0.228112,-0.328207,0.241097,-0.486849,-0.772742,0.000000,498.619995
335542,-0.046431,0.875528,-0.228109,-0.328176,0.240928,-0.487016,-0.772703,0.000343,498.793716
335545,-0.046435,0.875532,-0.228108,-0.328208,0.240897,-0.487027,-0.772692,0.000000,498.916969
335549,-0.046474,0.875476,-0.228121,-0.328350,0.241105,-0.487117,-0.772510,0.000343,499.002113
335552,-0.046480,0.875471,-0.228123,-0.328376,0.241149,-0.487152,-0.772464,0.000343,499.104424
335556,-0.046478,0.875503,-0.228107,-0.328333,0.240782,-0.487281,-0.772515,0.000343,499.224243
335560,-0.046505,0.875447,-0.228112,-0.328425,0.241036,-0.487419,-0.772309,0.000343,499.324150
335563,-0.046508,0.875456,-0.228102,-0.328428,0.240979,-0.487454,-0.772304,0.000343,499.472466
335566,-0.046510,0.875466,-0.228084,-0.328453,0.240903,-0.487382,-0.772362,-0.000343,499.585762
335570,-0.046530,0.875436,-0.228074,-0.328513,0.240973,-0.487474,-0.772256,0.000343,499.670219
335574,-0.046549,0.875442,-0.228067,-0.328456,0.240818,-0.487684,-0.772197,0.000343,499.704552
335577,-0.046542,0.875453,-0.228064,-0.328457,0.240757,-0.487715,-0.772196,0.000000,499.730644
335581,-0.046564,0.875404,-0.228080,-0.328629,0.241022,-0.487674,-0.772066,0.000343,499.743004
335585,-0.046540,0.875453,-0.228082,-0.328590,0.240806,-0.487568,-0.772217,0.000000,499.758797
335588,-0.046541,0.875448,-0.228087,-0.328559,0.240755,-0.487695,-0.772166,0.000343,499.775620
335591,-0.046555,0.875431,-0.228091,-0.328603,0.240813,-0.487790,-0.772069,0.000343,499.785919
335595,-0.046573,0.875409,-0.228095,-0.328639,0.240943,-0.487793,-0.772011,0.000343,499.860764
335599,-0.046561,0.875430,-0.228078,-0.328688,0.240849,-0.487662,-0.772102,0.000000,499.998436
335602,-0.046581,0.875402,-0.228065,-0.328709,0.240905,-0.487760,-0.772014,0.000000,500.097313
335606,-0.046574,0.875417,-0.228054,-0.328693,0.240804,-0.487767,-0.772048,0.000343,500.114822
335609,-0.046573,0.875423,-0.228045,-0.328679,0.240740,-0.487836,-0.772030,0.000343,500.115509
335613,-0.046592,0.875378,-0.228053,-0.328807,0.241007,-0.487767,-0.771936,0.000000,500.115166
335616,-0.046600,0.875373,-0.228062,-0.328845,0.241026,-0.487790,-0.771899,0.000000,500.114822
335620,-0.046582,0.875424,-0.228067,-0.328698,0.240703,-0.487902,-0.771992,0.000343,500.113106
335623,-0.046587,0.875409,-0.228086,-0.328751,0.240801,-0.487838,-0.771979,0.000000,500.107613
335627,-0.046613,0.875381,-0.228103,-0.328803,0.240882,-0.487960,-0.771855,0.000000,500.084610
335630,-0.046607,0.875404,-0.228100,-0.328785,0.240803,-0.487902,-0.771923,0.000343,500.048561
335634,-0.046616,0.875379,-0.228097,-0.328813,0.240856,-0.487961,-0.771858,0.000343,499.990196
335638,-0.046623,0.875386,-0.228085,-0.328710,0.240718,-0.488170,-0.771813,0.000000,499.957581
335641,-0.046606,0.875410,-0.228075,-0.328710,0.240655,-0.488094,-0.771881,0.000000,499.927711
335645,-0.046629,0.875354,-0.228072,-0.328854,0.240902,-0.488094,-0.771742,0.000000,499.919472
335648,-0.046629,0.875355,-0.228071,-0.328826,0.240912,-0.488120,-0.771734,0.000000,499.919815
335652,-0.046601,0.875403,-0.228059,-0.328778,0.240613,-0.488078,-0.771875,0.000000,499.919815
335656,-0.046625,0.875358,-0.228071,-0.328943,0.240972,-0.487911,-0.771798,0.000000,499.920502
335659,-0.046625,0.875365,-0.228081,-0.328844,0.240846,-0.488127,-0.771743,0.000343,499.921532
335663,-0.046616,0.875399,-0.228080,-0.328842,0.240737,-0.487957,-0.771886,0.000000,499.923248
335666,-0.046626,0.875377,-0.228095,-0.328849,0.240816,-0.488067,-0.771788,0.000000,499.925308
335670,-0.046617,0.875394,-0.228098,-0.328879,0.240770,-0.487970,-0.771850,0.000343,499.929085
335673,-0.046620,0.875404,-0.228095,-0.328799,0.240649,-0.488073,-0.771858,0.000000,499.936638
335677,-0.046634,0.875365,-0.228101,-0.328936,0.240935,-0.487974,-0.771772,0.000343,499.950714
335680,-0.046637,0.875357,-0.228099,-0.328963,0.240960,-0.488043,-0.771710,0.000343,499.968224
335684,-0.046619,0.875408,-0.228074,-0.328816,0.240596,-0.488057,-0.771877,0.000343,499.989510
335687,-0.046617,0.875397,-0.228068,-0.328852,0.240683,-0.488041,-0.771845,0.000000,499.998436
335691,-0.046632,0.875361,-0.228065,-0.328900,0.240842,-0.488105,-0.771734,0.000000,500.004272
335694,-0.046617,0.875383,-0.228062,-0.328891,0.240742,-0.488081,-0.771784,0.000000,500.008049
335698,-0.046615,0.875372,-0.228057,-0.328936,0.240779,-0.488091,-0.771747,0.000000,500.009766
335702,-0.046623,0.875374,-0.228068,-0.328821,0.240681,-0.488325,-0.771679,0.000000,500.010452
335705,-0.046613,0.875399,-0.228075,-0.328806,0.240607,-0.488218,-0.771776,0.000000,500.011139
335708,-0.046616,0.875405,-0.228084,-0.328878,0.240613,-0.488060,-0.771843,0.000000,500.011482
335712,-0.046660,0.875349,-0.228111,-0.328892,0.240899,-0.488231,-0.771640,0.000000,500.011482
335716,-0.046641,0.875398,-0.228103,-0.328814,0.240588,-0.488261,-0.771751,0.000000,500.011482
335719,-0.046652,0.875385,-0.228104,-0.328848,0.240636,-0.488257,-0.771724,0.000000,500.011826
335723,-0.046664,0.875358,-0.228109,-0.328885,0.240820,-0.488285,-0.771633,0.000000,500.011482
335727,-0.046642,0.875390,-0.228092,-0.328917,0.240685,-0.488061,-0.771804,0.000343,500.011826
335730,-0.046640,0.875367,-0.228093,-0.328897,0.240779,-0.488213,-0.771687,0.000000,500.011826
335733,-0.046644,0.875345,-0.228087,-0.328904,0.240838,-0.488315,-0.771601,0.000000,500.011482
335737,-0.046623,0.875390,-0.228068,-0.328857,0.240573,-0.488237,-0.771753,0.000343,500.011482
335740,-0.046623,0.875385,-0.228065,-0.328815,0.240548,-0.488342,-0.771712,0.000000,500.011826
335744,-0.046648,0.875341,-0.228079,-0.329001,0.240910,-0.488161,-0.771634,0.000000,500.011482
335748,-0.046618,0.875402,-0.228086,-0.328869,0.240595,-0.488148,-0.771797,0.000000,500.011482
335751,-0.046619,0.875393,-0.228098,-0.328889,0.240698,-0.488138,-0.771762,0.000000,500.011482
335755,-0.046635,0.875357,-0.228116,-0.328956,0.240820,-0.488185,-0.771666,0.000000,500.011482
335758,-0.046631,0.875379,-0.228118,-0.328882,0.240703,-0.488162,-0.771749,0.000000,500.011482
335762,-0.046642,0.875361,-0.228111,-0.328963,0.240787,-0.488145,-0.771699,0.000343,500.011482
335766,-0.046637,0.875376,-0.228108,-0.328819,0.240661,-0.488393,-0.771643,0.000000,500.011482
335769,-0.046625,0.875396,-0.228089,-0.328830,0.240561,-0.488296,-0.771731,0.000000,500.011139
335773,-0.046642,0.875344,-0.228079,-0.328937,0.240823,-0.488345,-0.771572,0.000343,500.011139
335776,-0.046635,0.875340,-0.228070,-0.328937,0.240836,-0.488265,-0.771619,0.000343,500.011139
335780,-0.046614,0.875385,-0.228037,-0.328829,0.240550,-0.488369,-0.771688,0.000000,500.011482
335783,-0.046613,0.875374,-0.228039,-0.328898,0.240599,-0.488318,-0.771676,0.000343,500.011139
335787,-0.046629,0.875348,-0.228063,-0.328923,0.240772,-0.488353,-0.771589,0.000343,500.011139
335790,-0.046618,0.875370,-0.228071,-0.328893,0.240651,-0.488353,-0.771640,0.000000,500.010796
335794,-0.046623,0.875366,-0.228111,-0.328925,0.240772,-0.488273,-0.771639,0.000343,500.010452
335797,-0.046643,0.875345,-0.228127,-0.328897,0.240815,-0.488373,-0.771574,0.000000,500.010796
335801,-0.046637,0.875397,-0.228134,-0.328843,0.240580,-0.488322,-0.771703,0.000343,500.010452
335805,-0.046672,0.875347,-0.228142,-0.329051,0.240904,-0.488100,-0.771654,0.000000,500.010452
335808,-0.046684,0.875339,-0.228129,-0.329028,0.240885,-0.488213,-0.771598,0.000343,500.010109
335812,-0.046651,0.875400,-0.228106,-0.328853,0.240596,-0.488185,-0.771780,0.000000,500.009766
335815,-0.046658,0.875381,-0.228090,-0.328896,0.240639,-0.488217,-0.771728,0.000000,500.010109
335819,-0.046663,0.875354,-0.228082,-0.328972,0.240801,-0.488221,-0.771643,0.000000,500.009422
335822,-0.046649,0.875379,-0.228072,-0.328916,0.240653,-0.488206,-0.771722,0.000343,500.009422
335826,-0.046655,0.875358,-0.228064,-0.328990,0.240746,-0.488169,-0.771685,0.000000,500.009422
335829,-0.046661,0.875343,-0.228073,-0.329058,0.240887,-0.488097,-0.771658,0.000000,500.008736
335833,-0.046653,0.875392,-0.228066,-0.328872,0.240570,-0.488288,-0.771715,0.000000,500.008736
335837,-0.046681,0.875340,-0.228078,-0.328919,0.240800,-0.488423,-0.771538,0.000000,500.008392
335840,-0.046681,0.875343,-0.228084,-0.328944,0.240816,-0.488328,-0.771582,0.000000,500.008049
335843,-0.046679,0.875353,-0.228089,-0.329009,0.240794,-0.488144,-0.771678,0.000343,500.007362
335847,-0.046658,0.875372,-0.228087,-0.328910,0.240588,-0.488330,-0.771666,0.000343,500.007362
335851,-0.046665,0.875351,-0.228111,-0.328931,0.240753,-0.488374,-0.771578,0.000000,500.006332
335854,-0.046652,0.875373,-0.228111,-0.328850,0.240586,-0.488417,-0.771638,0.000000,500.005646
335858,-0.046657,0.875361,-0.228123,-0.328947,0.240740,-0.488329,-0.771604,0.000343,500.005302
335861,-0.046674,0.875345,-0.228122,-0.328950,0.240802,-0.488402,-0.771537,0.000000,500.004272
335865,-0.046664,0.875391,-0.228102,-0.328840,0.240522,-0.488377,-0.771688,0.000000,500.003586
335868,-0.046665,0.875389,-0.228094,-0.328838,0.240482,-0.488436,-0.771663,0.000000,500.002899
335872,-0.046703,0.875338,-0.228089,-0.329001,0.240853,-0.488310,-0.771558,0.000000,500.001183
335876,-0.046663,0.875400,-0.228071,-0.328889,0.240559,-0.488209,-0.771761,0.000000,500.000496
335879,-0.046664,0.875381,-0.228071,-0.328898,0.240634,-0.488268,-0.771697,0.000000,499.999466
335883,-0.046664,0.875356,-0.228075,-0.328971,0.240787,-0.488223,-0.771646,0.000000,499.998436
335886,-0.046647,0.875374,-0.228072,-0.328907,0.240631,-0.488265,-0.771696,0.000000,499.997406
335890,-0.046658,0.875351,-0.228072,-0.329016,0.240767,-0.488190,-0.771654,0.000000,499.996719
335893,-0.046668,0.875342,-0.228093,-0.329039,0.240879,-0.488141,-0.771640,0.000000,499.996033
335897,-0.046658,0.875392,-0.228097,-0.328879,0.240563,-0.488333,-0.771686,0.000000,499.995689
335901,-0.046693,0.875339,-0.228122,-0.328912,0.240813,-0.488451,-0.771519,0.000000,499.995346
335904,-0.046705,0.875347,-0.228126,-0.328956,0.240825,-0.488312,-0.771584,0.000000,499.995003
335904,-0.046705,0.875347,-0.228126,-0.328956,0.240825,-0.488312,-0.771584,0.000000,499.995003
335904,-0.046705,0.875347,-0.228126,-0.328956,0.240825,-0.488312,-0.771584,0.000000,499.995003
335904,-0.046705,0.875347,-0.228126,-0.328956,0.240825,-0.488312,-0.771584,0.000000,499.995003
335904,-0.046705,0.875347,-0.228126,-0.328956,0.240825,-0.488312,-0.771584,0.000000,499.995003
335904,-0.046705,0.875347,-0.228126,-0.328956,0.240825,-0.488312,-0.771584,0.000000,499.995003
335904,-0.046705,0.875347,-0.228126,-0.328956,0.240825,-0.488312,-0.771584,0.000000,499.995003
335904,-0.046705,0.875347,-0.228126,-0.328956,0.240825,-0.488312,-0.771584,0.000000,499.995003
335904,-0.046705,0.875347,-0.228126,-0.328956,0.240825,-0.488312,-0.771584,0.000000,499.995003
335904,-0.046705,0.875347,-0.228126,-0.328956,0.240825,-0.488312,-0.771584,0.000000,499.995003
335904,-0.046705,0.875347,-0.228126,-0.328956,0.240825,-0.488312,-0.771584,0.000000,499.995003
335904,-0.046705,0.875347,-0.228126,-0.328956,0.240825,-0.488312,-0.771584,0.000000,499.995003
335904,-0.046705,0.875347,-0.228126,-0.328956,0.240825,-0.488312,-0.771584,0.000000,499.995003
335904,-0.046705,0.875347,-0.228126,-0.328956,0.240825,-0.488312,-0.771584,0.000000,499.995003
335904,-0.046705,0.875347,-0.228126,-0.328956,0.240825,-0.488312,-0.771584,0.000000,499.995003
335904,-0.046705,0.875347,-0.228126,-0.328956,0.240825,-0.488312,-0.771584,0.000000,499.995003
335904,-0.046705,0.875347,-0.228126,-0.328956,0.240825,-0.488312,-0.771584,0.000000,499.995003
335904,-0.046705,0.875347,-0.228126,-0.328956,0.240825,-0.488312,-0.771584,0.000000,499.995003
335904,-0.046705,0.875347,-0.228126,-0.328956,0.240825,-0.488312,-0.771584,0.000000,499.995003
335904,-0.046705,0.875347,-0.228126,-0.328956,0.240825,-0.488312,-0.771584,0.000000,499.995003
335904,-0.046705,0.875347,-0.228126,-0.328956,0.240825,-0.488312,-0.771584,0.000000,499.995003
335904,-0.046705,0.875347,-0.228126,-0.328956,0.240825,-0.488312,-0.771584,0.000000,499.995003
