0,0.000000,0.000000,0.000000,0.000000,0.000000,0.000000,0.000000,0.000000,0.000000
0,0.000000,0.000000,0.000000,0.000000,0.000000,0.000000,0.000000,0.000000,0.000000
0,0.000000,0.000000,0.000000,0.000000,0.000000,0.000000,0.000000,0.000000,0.000000
0,0.000000,0.000000,0.000000,0.000000,0.000000,0.000000,0.000000,0.000000,0.000000
0,0.000000,0.000000,0.000000,0.000000,0.000000,0.000000,0.000000,0.000000,0.000000
0,0.000000,0.000000,0.000000,0.000000,0.000000,0.000000,0.000000,0.000000,0.000000
0,0.000000,0.000000,0.000000,0.000000,0.000000,0.000000,0.000000,0.000000,0.000000
0,0.000000,0.000000,0.000000,0.000000,0.000000,0.000000,0.000000,0.000000,0.000000
0,0.000000,0.000000,0.000000,0.000000,0.000000,0.000000,0.000000,0.000000,0.000000
0,0.000000,0.000000,0.000000,0.000000,0.000000,0.000000,0.000000,0.000000,0.000000
0,0.000000,0.000000,0.000000,0.000000,0.000000,0.000000,0.000000,0.000000,0.000000
0,0.000000,0.000000,0.000000,0.000000,0.000000,0.000000,0.000000,0.000000,0.000000
0,0.000000,0.000000,0.000000,0.000000,0.000000,0.000000,0.000000,0.000000,0.000000
0,0.000000,0.000000,0.000000,0.000000,0.000000,0.000000,0.000000,0.000000,0.000000
0,0.000000,0.000000,0.000000,0.000000,0.000000,0.000000,0.000000,0.000000,0.000000
0,0.000000,0.000000,0.000000,0.000000,0.000000,0.000000,0.000000,0.000000,0.000000
0,0.000000,0.000000,0.000000,0.000000,0.000000,0.000000,0.000000,0.000000,0.000000
0,0.000000,0.000000,0.000000,0.000000,0.000000,0.000000,0.000000,0.000000,0.000000
0,0.000000,0.000000,0.000000,0.000000,0.000000,0.000000,0.000000,0.000000,0.000000
0,0.000000,0.000000,0.000000,0.000000,0.000000,0.000000,0.000000,0.000000,0.000000
0,0.000000,0.000000,0.000000,0.000000,0.000000,0.000000,0.000000,0.000000,0.000000
0,0.000000,0.000000,0.000000,0.000000,0.000000,0.000000,0.000000,0.000000,0.000000
0,0.000000,0.000000,0.000000,0.000000,0.000000,0.000000,0.000000,0.000000,0.000000
0,0.000000,0.000000,0.000000,0.000000,0.000000,0.000000,0.000000,0.000000,0.000000
0,0.000000,0.000000,0.000000,0.000000,0.000000,0.000000,0.000000,0.000000,0.000000
0,0.000000,0.000000,0.000000,0.000000,0.000000,0.000000,0.000000,0.000000,0.000000
318565,-0.028236,0.892516,-0.233893,-0.203495,0.267838,-0.298236,-0.893257,-0.000343,299.999542
318572,-0.028233,0.892524,-0.233861,-0.203490,0.267746,-0.298161,-0.893311,-0.000343,299.999542
318572,-0.028233,0.892524,-0.233861,-0.203490,0.267746,-0.298161,-0.893311,-0.000343,299.999542
318576,-0.028201,0.892537,-0.233844,-0.203450,0.267658,-0.298035,-0.893388,-0.000343,299.999886
318583,-0.028196,0.892502,-0.233807,-0.203565,0.267992,-0.297991,-0.893277,0.000000,299.999542
318586,-0.028193,0.892501,-0.233806,-0.203583,0.268009,-0.298041,-0.893251,-0.000343,299.999542
318586,-0.028193,0.892501,-0.233806,-0.203583,0.268009,-0.298041,-0.893251,-0.000343,299.999542
318590,-0.028139,0.892548,-0.233830,-0.203427,0.267503,-0.297978,-0.893459,0.000000,299.999542
318594,-0.028202,0.892512,-0.233836,-0.203520,0.267913,-0.298310,-0.893204,-0.000343,299.999886
318601,-0.028183,0.892530,-0.233836,-0.203472,0.267629,-0.298240,-0.893324,-0.000343,299.999886
318601,-0.028183,0.892530,-0.233836,-0.203472,0.267629,-0.298240,-0.893324,0.000000,299.999886
318604,-0.028203,0.892519,-0.233832,-0.203512,0.267865,-0.298116,-0.893285,0.000000,299.999886
318608,-0.028201,0.892534,-0.233837,-0.203449,0.267558,-0.298303,-0.893329,0.000000,299.999542
318615,-0.028240,0.892504,-0.233845,-0.203544,0.267939,-0.298298,-0.893195,0.000000,299.999542
318618,-0.028238,0.892503,-0.233860,-0.203507,0.267864,-0.298258,-0.893239,0.000000,299.999886
318618,-0.028238,0.892503,-0.233860,-0.203507,0.267864,-0.298258,-0.893239,0.000000,299.999542
318622,-0.028194,0.892544,-0.233875,-0.203385,0.267488,-0.298231,-0.893389,0.000000,299.999886
318626,-0.028241,0.892515,-0.233865,-0.203484,0.267928,-0.298093,-0.893280,0.000000,299.999886
318629,-0.028230,0.892523,-0.233861,-0.203477,0.267789,-0.298264,-0.893266,0.000000,299.999886
318633,-0.028190,0.892537,-0.233847,-0.203433,0.267682,-0.297996,-0.893398,0.000000,299.999886
318636,-0.028211,0.892512,-0.233832,-0.203546,0.267899,-0.298152,-0.893255,0.000343,299.999886
318640,-0.028147,0.892538,-0.233825,-0.203452,0.267645,-0.297976,-0.893411,0.000000,299.999542
318643,-0.028137,0.892542,-0.233822,-0.203415,0.267461,-0.298051,-0.893450,0.000000,299.999886
318647,-0.028192,0.892507,-0.233813,-0.203539,0.267992,-0.298017,-0.893274,0.000343,299.999542
318651,-0.028154,0.892542,-0.233834,-0.203409,0.267401,-0.298179,-0.893427,0.000000,299.999886
318657,-0.028213,0.892526,-0.233851,-0.203470,0.267718,-0.298098,-0.893345,0.000000,299.999542
318661,-0.028222,0.892529,-0.233866,-0.203448,0.267686,-0.298121,-0.893351,0.000000,299.999886
318661,-0.028222,0.892529,-0.233866,-0.203448,0.267686,-0.298121,-0.893351,0.000343,299.999886
318664,-0.028204,0.892541,-0.233871,-0.203425,0.267541,-0.298048,-0.893425,0.000000,299.999886
318668,-0.028237,0.892508,-0.233852,-0.203529,0.267916,-0.298108,-0.893269,0.000000,299.999886
318672,-0.028186,0.892535,-0.233843,-0.203430,0.267495,-0.298271,-0.893363,0.000343,299.999886
318675,-0.028165,0.892542,-0.233829,-0.203413,0.267448,-0.298107,-0.893436,0.000343,299.999886
318679,-0.028219,0.892496,-0.233816,-0.203556,0.267916,-0.298269,-0.893209,0.000343,299.999886
318682,-0.028205,0.892508,-0.233818,-0.203554,0.267853,-0.298168,-0.893262,0.000000,299.999886
318686,-0.028187,0.892527,-0.233834,-0.203435,0.267591,-0.298161,-0.893370,0.000343,299.999886
318690,-0.028224,0.892511,-0.233847,-0.203527,0.267899,-0.298085,-0.893282,0.000343,299.999886
318693,-0.028225,0.892527,-0.233866,-0.203460,0.267672,-0.298281,-0.893300,0.000687,299.999542
318697,-0.028228,0.892522,-0.233870,-0.203477,0.267796,-0.298024,-0.893344,0.000343,299.999886
318700,-0.028255,0.892510,-0.233872,-0.203511,0.267894,-0.298271,-0.893225,0.000343,299.999886
318704,-0.028193,0.892548,-0.233864,-0.203437,0.267573,-0.297978,-0.893435,0.000343,299.999886
318707,-0.028190,0.892545,-0.233856,-0.203400,0.267473,-0.298151,-0.893416,0.000343,299.999886
318711,-0.028243,0.892503,-0.233828,-0.203561,0.267986,-0.298034,-0.893265,0.000343,299.999886
318714,-0.028231,0.892508,-0.233833,-0.203572,0.267918,-0.298127,-0.893252,0.000343,299.999886
318721,-0.028239,0.892525,-0.233846,-0.203480,0.267818,-0.298139,-0.893299,0.000343,299.999886
318725,-0.028220,0.892533,-0.233863,-0.203438,0.267647,-0.298075,-0.893381,0.000343,299.999886
318725,-0.028220,0.892533,-0.233863,-0.203438,0.267647,-0.298075,-0.893381,0.000343,299.999886
318728,-0.028207,0.892553,-0.233861,-0.203407,0.267487,-0.298084,-0.893433,0.000687,299.999886
318732,-0.028263,0.892507,-0.233836,-0.203535,0.267955,-0.298095,-0.893260,0.000343,299.999886
318735,-0.028257,0.892503,-0.233828,-0.203570,0.267995,-0.298083,-0.893244,0.000687,299.999886
318739,-0.028188,0.892545,-0.233816,-0.203395,0.267434,-0.298059,-0.893460,0.000343,299.999886
318743,-0.028231,0.892501,-0.233813,-0.203532,0.267880,-0.298314,-0.893210,0.000687,299.999886
318746,-0.028203,0.892521,-0.233822,-0.203510,0.267796,-0.298131,-0.893301,0.000687,299.999886
318750,-0.028204,0.892529,-0.233835,-0.203469,0.267614,-0.298222,-0.893335,0.000687,299.999886
318753,-0.028241,0.892515,-0.233848,-0.203472,0.267821,-0.298145,-0.893298,0.000343,299.999886
318757,-0.028243,0.892538,-0.233866,-0.203388,0.267528,-0.298278,-0.893360,0.000343,299.999886
318760,-0.028229,0.892558,-0.233874,-0.203372,0.267414,-0.298234,-0.893413,0.000343,299.999886
318764,-0.028295,0.892503,-0.233873,-0.203528,0.267936,-0.298313,-0.893194,0.000687,300.000229
318768,-0.028219,0.892551,-0.233868,-0.203390,0.267477,-0.298048,-0.893452,0.000687,300.000229
318774,-0.028206,0.892530,-0.233829,-0.203487,0.267644,-0.298194,-0.893331,0.000687,300.000229
318774,-0.028206,0.892530,-0.233829,-0.203487,0.267644,-0.298194,-0.893331,0.000687,299.999886
318782,-0.028176,0.892529,-0.233808,-0.203469,0.267720,-0.297964,-0.893389,0.000687,299.999886
318785,-0.028217,0.892507,-0.233811,-0.203517,0.267857,-0.298142,-0.893278,0.000687,299.999886
318785,-0.028217,0.892507,-0.233811,-0.203517,0.267857,-0.298142,-0.893278,0.000687,299.999542
318789,-0.028183,0.892542,-0.233841,-0.203444,0.267610,-0.298011,-0.893412,0.000687,299.997826
318793,-0.028247,0.892515,-0.233854,-0.203522,0.267861,-0.298266,-0.893234,0.000687,299.984779
318796,-0.028266,0.892511,-0.233873,-0.203549,0.267974,-0.298085,-0.893254,0.000687,299.948387
318800,-0.028219,0.892557,-0.233891,-0.203357,0.267388,-0.298302,-0.893401,0.000687,299.886932
318806,-0.028239,0.892534,-0.233860,-0.203463,0.267742,-0.298093,-0.893341,0.000687,299.808998
318810,-0.028223,0.892530,-0.233838,-0.203452,0.267723,-0.298152,-0.893329,0.000687,299.726257
318810,-0.028223,0.892530,-0.233838,-0.203452,0.267723,-0.298152,-0.893329,0.000687,299.654503
318814,-0.028216,0.892521,-0.233810,-0.203482,0.267707,-0.298257,-0.893292,0.000687,299.596481
318817,-0.028218,0.892504,-0.233803,-0.203538,0.267930,-0.298080,-0.893272,0.000687,299.549789
318824,-0.028169,0.892550,-0.233825,-0.203407,0.267444,-0.298106,-0.893439,0.000687,299.507217
318824,-0.028169,0.892550,-0.233825,-0.203407,0.267444,-0.298106,-0.893439,0.000687,299.458809
318828,-0.028237,0.892505,-0.233835,-0.203520,0.267913,-0.298349,-0.893191,0.000687,299.389114
318832,-0.028190,0.892548,-0.233864,-0.203412,0.267484,-0.298036,-0.893449,0.001030,299.294014
318838,-0.028224,0.892528,-0.233868,-0.203484,0.267755,-0.298206,-0.893294,0.000687,299.174538
318842,-0.028219,0.892537,-0.233865,-0.203438,0.267605,-0.298231,-0.893341,0.001030,299.038239
318842,-0.028219,0.892537,-0.233865,-0.203438,0.267605,-0.298231,-0.893341,0.000687,298.878250
318846,-0.028216,0.892527,-0.233848,-0.203498,0.267828,-0.298009,-0.893335,0.000687,298.741264
318849,-0.028242,0.892506,-0.233836,-0.203539,0.267948,-0.298260,-0.893206,0.000687,298.587112
318853,-0.028175,0.892549,-0.233845,-0.203410,0.267542,-0.297970,-0.893454,0.001030,298.437767
318856,-0.028175,0.892551,-0.233852,-0.203406,0.267498,-0.298151,-0.893407,0.000687,298.286362
318860,-0.028229,0.892512,-0.233846,-0.203548,0.267983,-0.298040,-0.893267,0.000687,298.126373
318867,-0.028180,0.892552,-0.233864,-0.203423,0.267603,-0.297998,-0.893423,0.000687,297.942696
318870,-0.028207,0.892529,-0.233860,-0.203440,0.267787,-0.298132,-0.893319,0.000687,297.744598
318870,-0.028207,0.892529,-0.233860,-0.203440,0.267787,-0.298132,-0.893319,0.001030,297.532768
318874,-0.028167,0.892552,-0.233865,-0.203443,0.267623,-0.298024,-0.893404,0.000687,297.284889
318878,-0.028202,0.892519,-0.233856,-0.203515,0.267808,-0.298183,-0.893279,0.000687,297.014351
318881,-0.028203,0.892517,-0.233855,-0.203540,0.267976,-0.298044,-0.893270,0.000687,296.746559
318885,-0.028160,0.892557,-0.233877,-0.203312,0.267371,-0.298192,-0.893453,0.000687,296.461601
318892,-0.028220,0.892521,-0.233889,-0.203492,0.267856,-0.298292,-0.893233,0.000687,296.184883
318892,-0.028220,0.892521,-0.233889,-0.203492,0.267856,-0.298292,-0.893233,0.000687,295.890999
318896,-0.028175,0.892564,-0.233902,-0.203382,0.267484,-0.298092,-0.893437,0.000687,295.583382
318902,-0.028199,0.892538,-0.233903,-0.203417,0.267801,-0.298098,-0.893332,0.000687,295.260315
318906,-0.028165,0.892558,-0.233901,-0.203375,0.267499,-0.298275,-0.893373,0.000687,294.906006
318906,-0.028165,0.892558,-0.233901,-0.203375,0.267499,-0.298275,-0.893373,0.001030,294.538994
318910,-0.028173,0.892539,-0.233891,-0.203403,0.267802,-0.298061,-0.893347,0.000687,294.136276
318913,-0.028188,0.892523,-0.233885,-0.203446,0.267835,-0.298273,-0.893257,0.000687,293.712616
318917,-0.028118,0.892577,-0.233893,-0.203317,0.267437,-0.297993,-0.893499,0.000687,293.295479
318920,-0.028126,0.892571,-0.233907,-0.203289,0.267406,-0.298184,-0.893450,0.000687,292.840576
318927,-0.028163,0.892567,-0.233953,-0.203293,0.267562,-0.298250,-0.893381,0.000687,292.385674
318931,-0.028149,0.892584,-0.233975,-0.203252,0.267592,-0.298033,-0.893454,0.000687,291.916695
318931,-0.028149,0.892584,-0.233975,-0.203252,0.267592,-0.298033,-0.893454,0.001030,291.406517
318934,-0.028190,0.892558,-0.233987,-0.203278,0.267680,-0.298239,-0.893353,0.000687,290.892906
318938,-0.028125,0.892605,-0.233999,-0.203191,0.267435,-0.298060,-0.893506,0.000687,290.378609
318941,-0.028112,0.892608,-0.233997,-0.203185,0.267295,-0.298196,-0.893503,0.000687,289.803543
318945,-0.028149,0.892568,-0.233992,-0.203271,0.267808,-0.298047,-0.893380,0.001030,289.189339
318952,-0.028064,0.892615,-0.233995,-0.203165,0.267379,-0.298034,-0.893537,0.000687,288.571358
318956,-0.028107,0.892585,-0.234008,-0.203158,0.267593,-0.298292,-0.893388,0.000687,287.957497
318956,-0.028107,0.892585,-0.234008,-0.203158,0.267593,-0.298292,-0.893388,0.000687,287.250938
318959,-0.028082,0.892608,-0.234024,-0.203101,0.267458,-0.298081,-0.893512,0.000687,286.673126
318963,-0.028103,0.892604,-0.234043,-0.203112,0.267473,-0.298225,-0.893457,0.000687,285.976181
318966,-0.028113,0.892601,-0.234063,-0.203142,0.267665,-0.298108,-0.893432,0.001030,285.234947
318970,-0.028075,0.892639,-0.234084,-0.203034,0.267217,-0.298313,-0.893522,0.001030,284.484100
318974,-0.028105,0.892616,-0.234102,-0.203087,0.267629,-0.298194,-0.893426,0.000687,283.710594
318977,-0.028101,0.892611,-0.234112,-0.203039,0.267573,-0.298307,-0.893416,0.000687,282.917862
318980,-0.028078,0.892624,-0.234116,-0.202989,0.267503,-0.298178,-0.893492,0.001030,282.096634
318984,-0.028037,0.892641,-0.234109,-0.202940,0.267282,-0.298181,-0.893568,0.000687,281.250687
318988,-0.028051,0.892623,-0.234103,-0.203018,0.267556,-0.298117,-0.893489,0.000687,280.387230
318995,-0.028026,0.892646,-0.234126,-0.202906,0.267457,-0.298029,-0.893574,0.000687,279.483948
318998,-0.028051,0.892631,-0.234139,-0.202937,0.267540,-0.298209,-0.893482,0.000687,278.548393
318998,-0.028051,0.892631,-0.234139,-0.202937,0.267540,-0.298209,-0.893482,0.000687,277.615242
319002,-0.027980,0.892686,-0.234172,-0.202768,0.267178,-0.297915,-0.893727,0.000687,276.641922
319006,-0.028006,0.892654,-0.234187,-0.202836,0.267496,-0.298014,-0.893583,0.001030,275.641823
319009,-0.027993,0.892669,-0.234205,-0.202724,0.267485,-0.297930,-0.893640,0.000687,274.639320
319013,-0.027931,0.892720,-0.234230,-0.202531,0.267012,-0.297900,-0.893835,0.000687,273.583946
319016,-0.027932,0.892712,-0.234238,-0.202517,0.267205,-0.297775,-0.893823,0.001030,272.515182
319020,-0.027935,0.892702,-0.234245,-0.202528,0.267239,-0.297924,-0.893760,0.001030,271.416206
319023,-0.027894,0.892729,-0.234264,-0.202430,0.267108,-0.297718,-0.893890,0.001030,270.310020
319027,-0.027901,0.892712,-0.234272,-0.202422,0.267284,-0.297817,-0.893806,0.000343,269.172935
319030,-0.027895,0.892712,-0.234287,-0.202398,0.267532,-0.297671,-0.893786,0.001030,267.997055
319034,-0.027821,0.892763,-0.234309,-0.202197,0.266962,-0.297711,-0.893988,0.001030,266.692772
319041,-0.027860,0.892736,-0.234323,-0.202243,0.267338,-0.297781,-0.893843,0.000687,265.619888
319044,-0.027833,0.892758,-0.234324,-0.202168,0.267237,-0.297540,-0.893970,0.000687,264.409332
319044,-0.027833,0.892758,-0.234324,-0.202168,0.267237,-0.297540,-0.893970,0.000687,263.175774
319048,-0.027810,0.892774,-0.234329,-0.202055,0.267129,-0.297564,-0.894020,0.000687,261.914406
319052,-0.027809,0.892770,-0.234337,-0.202035,0.267263,-0.297447,-0.894023,0.000687,260.627289
319055,-0.027782,0.892791,-0.234339,-0.201958,0.267034,-0.297494,-0.894094,0.000687,259.316139
319059,-0.027789,0.892780,-0.234348,-0.201960,0.267358,-0.297227,-0.894085,0.001030,257.990913
319062,-0.027800,0.892769,-0.234356,-0.201946,0.267391,-0.297391,-0.894024,0.000687,256.656761
319066,-0.027724,0.892824,-0.234366,-0.201753,0.267003,-0.297031,-0.894303,0.000687,255.307159
319069,-0.027725,0.892819,-0.234374,-0.201742,0.267038,-0.297130,-0.894262,0.000343,253.921165
319073,-0.027756,0.892800,-0.234366,-0.201823,0.267409,-0.296996,-0.894178,0.000687,252.524185
319080,-0.027714,0.892825,-0.234367,-0.201626,0.267208,-0.296800,-0.894347,0.000687,251.122398
319083,-0.027732,0.892806,-0.234368,-0.201680,0.267360,-0.296903,-0.894255,0.001030,249.704132
319083,-0.027732,0.892806,-0.234368,-0.201680,0.267360,-0.296903,-0.894255,0.000687,248.259773
319087,-0.027667,0.892847,-0.234370,-0.201490,0.267056,-0.296587,-0.894493,0.000687,246.813011
319091,-0.027707,0.892818,-0.234364,-0.201543,0.267369,-0.296705,-0.894349,0.001030,245.344276
319094,-0.027700,0.892816,-0.234368,-0.201529,0.267478,-0.296478,-0.894395,0.000687,243.863525
319098,-0.027644,0.892868,-0.234376,-0.201285,0.266931,-0.296469,-0.894616,0.001030,242.350845
319105,-0.027680,0.892846,-0.234382,-0.201200,0.267284,-0.296407,-0.894551,0.001030,240.832329
319105,-0.027680,0.892846,-0.234382,-0.201200,0.267284,-0.296407,-0.894551,0.000687,239.158287
319108,-0.027647,0.892868,-0.234388,-0.201164,0.267197,-0.296063,-0.894699,0.000687,237.774353
319112,-0.027639,0.892868,-0.234388,-0.201053,0.267236,-0.296039,-0.894720,0.000687,236.220818
319116,-0.027607,0.892891,-0.234396,-0.200868,0.267180,-0.295833,-0.894846,0.000687,234.654922
319119,-0.027577,0.892905,-0.234400,-0.200756,0.267030,-0.295680,-0.894967,0.000687,233.073921
319123,-0.027592,0.892898,-0.234404,-0.200651,0.267478,-0.295377,-0.894956,0.000687,231.471634
319130,-0.027502,0.892959,-0.234410,-0.200319,0.267224,-0.294807,-0.895295,0.000687,229.881020
319133,-0.027501,0.892955,-0.234413,-0.200218,0.267289,-0.294682,-0.895339,0.001373,228.283195
319133,-0.027501,0.892955,-0.234413,-0.200218,0.267289,-0.294682,-0.895339,0.001030,226.692581
319140,-0.027464,0.892986,-0.234416,-0.199856,0.267384,-0.294239,-0.895537,0.000687,225.020943
319144,-0.027440,0.892999,-0.234415,-0.199644,0.267625,-0.293587,-0.895727,0.000687,223.357544
319144,-0.027440,0.892999,-0.234415,-0.199644,0.267625,-0.293587,-0.895727,0.000687,221.702385
319147,-0.027431,0.893005,-0.234407,-0.199457,0.267709,-0.293438,-0.895792,0.000687,220.048943
319151,-0.027331,0.893071,-0.234417,-0.199094,0.267455,-0.292722,-0.896183,0.000687,218.403053
319155,-0.027331,0.893062,-0.234418,-0.198912,0.267911,-0.292257,-0.896239,0.000687,216.737251
319158,-0.027277,0.893101,-0.234426,-0.198563,0.268007,-0.291658,-0.896482,0.000687,215.052567
319165,-0.027108,0.893211,-0.234458,-0.197651,0.267882,-0.290129,-0.897217,0.000687,213.343849
319169,-0.027023,0.893257,-0.234488,-0.197091,0.268057,-0.289411,-0.897520,0.000687,211.651955
319169,-0.027023,0.893257,-0.234488,-0.197091,0.268057,-0.289411,-0.897520,0.000687,209.777069
319172,-0.026933,0.893312,-0.234492,-0.196675,0.268023,-0.288501,-0.897914,0.000687,208.236580
319176,-0.026870,0.893343,-0.234501,-0.196067,0.268233,-0.287607,-0.898271,0.000687,206.541939
319180,-0.026764,0.893400,-0.234504,-0.195468,0.268129,-0.286659,-0.898736,0.000687,204.805069
319183,-0.026712,0.893436,-0.234507,-0.195039,0.268077,-0.285966,-0.899065,0.000687,203.054466
319190,-0.026605,0.893501,-0.234525,-0.194100,0.268627,-0.284347,-0.899618,0.000687,201.333046
319194,-0.026524,0.893672,-0.234558,-0.193375,0.267714,-0.282858,-0.900515,0.000687,199.616776
319194,-0.026524,0.893672,-0.234558,-0.193375,0.267714,-0.282858,-0.900515,0.000687,197.872696
319197,-0.026381,0.893780,-0.234620,-0.192355,0.267958,-0.281242,-0.901167,0.001030,196.132736
319201,-0.026186,0.893926,-0.234691,-0.190929,0.268239,-0.278830,-0.902135,0.001030,194.390030
319204,-0.025965,0.894046,-0.234765,-0.189772,0.268194,-0.276811,-0.903014,0.000687,192.626724
319208,-0.025739,0.894147,-0.234851,-0.188217,0.268371,-0.274406,-0.904020,0.000687,190.885391
319211,-0.025655,0.894194,-0.234856,-0.187449,0.268475,-0.273271,-0.904493,0.001030,189.167747
319215,-0.025416,0.894330,-0.234896,-0.186198,0.268374,-0.270933,-0.905484,0.000687,187.427101
319222,-0.025171,0.894486,-0.234931,-0.183993,0.269052,-0.267354,-0.906796,0.000687,185.663795
319222,-0.025171,0.894486,-0.234931,-0.183993,0.269052,-0.267354,-0.906796,0.000687,183.923149
319225,-0.024996,0.894596,-0.234982,-0.182903,0.269107,-0.265696,-0.907487,0.000687,182.155037
319229,-0.024794,0.894731,-0.235054,-0.181477,0.269214,-0.263251,-0.908454,0.000687,180.374908
319233,-0.024619,0.894824,-0.235122,-0.180387,0.269243,-0.261677,-0.909117,0.000687,178.618126
319236,-0.024477,0.894899,-0.235164,-0.179647,0.269276,-0.260336,-0.909639,0.000687,176.882973
319240,-0.024303,0.894982,-0.235210,-0.178296,0.269625,-0.258335,-0.910371,0.000687,175.128937
319243,-0.024180,0.895046,-0.235246,-0.177368,0.269892,-0.257058,-0.910835,0.000687,173.395500
319250,-0.023814,0.895228,-0.235311,-0.175390,0.269753,-0.253867,-0.912153,0.000687,171.672707
319254,-0.023671,0.895307,-0.235349,-0.174177,0.270081,-0.252425,-0.912689,0.000687,169.923134
319254,-0.023671,0.895307,-0.235349,-0.174177,0.270081,-0.252425,-0.912689,0.000687,168.149872
319257,-0.023528,0.895391,-0.235389,-0.173341,0.270026,-0.250978,-0.913263,0.000687,166.405106
319261,-0.023238,0.895592,-0.235476,-0.170655,0.270362,-0.247176,-0.914705,0.001030,164.641113
319265,-0.022771,0.895837,-0.235653,-0.167676,0.270533,-0.242978,-0.916329,0.000343,162.868195
319268,-0.022518,0.895930,-0.235706,-0.166644,0.270349,-0.240781,-0.917151,0.000687,161.125145
319275,-0.022094,0.896157,-0.235847,-0.163428,0.270997,-0.236173,-0.918735,0.000687,159.389992
319275,-0.022094,0.896157,-0.235847,-0.163428,0.270997,-0.236173,-0.918735,0.000343,157.620163
319279,-0.021773,0.896331,-0.235924,-0.161287,0.270986,-0.232967,-0.919934,0.000687,155.884323
319282,-0.021562,0.896398,-0.235948,-0.160267,0.271012,-0.230974,-0.920608,0.000343,154.159126
319286,-0.021417,0.896480,-0.236009,-0.158853,0.271398,-0.228839,-0.921272,0.000343,152.423973
319290,-0.021105,0.896616,-0.236099,-0.157231,0.271399,-0.226310,-0.922174,0.000343,150.668221
319293,-0.020928,0.896717,-0.236184,-0.155995,0.271656,-0.224529,-0.922743,0.000687,148.924141
319297,-0.020681,0.896833,-0.236252,-0.154624,0.271731,-0.222338,-0.923482,0.000687,147.147789
319300,-0.020489,0.896921,-0.236323,-0.153336,0.271793,-0.220511,-0.924116,0.000687,145.387917
319304,-0.020342,0.896982,-0.236355,-0.152033,0.272226,-0.218413,-0.924703,0.000687,143.636627
319311,-0.019896,0.897177,-0.236435,-0.149332,0.272106,-0.214255,-0.926150,0.000687,141.907654
319314,-0.019721,0.897262,-0.236477,-0.148184,0.272256,-0.212292,-0.926742,0.000687,140.146065
319318,-0.019516,0.897351,-0.236537,-0.146623,0.272536,-0.209958,-0.927439,0.000687,138.406448
319318,-0.019516,0.897351,-0.236537,-0.146623,0.272536,-0.209958,-0.927439,0.000343,136.657219
319321,-0.019322,0.897421,-0.236587,-0.145515,0.272527,-0.208164,-0.928021,0.000343,134.900093
319325,-0.019084,0.897519,-0.236658,-0.143931,0.272724,-0.205884,-0.928718,0.000687,133.135757
319328,-0.018914,0.897588,-0.236722,-0.142877,0.272947,-0.204103,-0.929208,0.000343,131.398888
319332,-0.018629,0.897715,-0.236818,-0.141271,0.272765,-0.201568,-0.930061,0.000687,129.645882
319339,-0.018161,0.897894,-0.236973,-0.137982,0.273236,-0.196771,-0.931442,0.000343,127.890472
319343,-0.017823,0.898022,-0.237045,-0.136194,0.273102,-0.193819,-0.932363,0.000343,126.148109
319343,-0.017823,0.898022,-0.237045,-0.136194,0.273102,-0.193819,-0.932363,0.000343,124.401283
319346,-0.017627,0.898090,-0.237094,-0.134993,0.273246,-0.192066,-0.932858,0.000343,122.640381
319350,-0.017390,0.898173,-0.237136,-0.133533,0.273640,-0.189448,-0.933488,0.000687,120.895271
319353,-0.017125,0.898278,-0.237211,-0.131859,0.273623,-0.186942,-0.934236,0.000343,119.149818
319357,-0.016840,0.898386,-0.237295,-0.130190,0.273622,-0.184455,-0.934964,0.000687,117.395782
319364,-0.016530,0.898506,-0.237381,-0.128122,0.273687,-0.181183,-0.935870,0.000343,115.660286
319367,-0.016335,0.898576,-0.237442,-0.126745,0.273662,-0.179286,-0.936430,0.000343,113.907280
319367,-0.016335,0.898576,-0.237442,-0.126745,0.273662,-0.179286,-0.936430,0.000000,112.153587
319371,-0.016091,0.898691,-0.237546,-0.124615,0.274114,-0.176003,-0.937206,0.000343,110.391312
319374,-0.015754,0.898798,-0.237654,-0.122855,0.274030,-0.173493,-0.937931,0.000000,108.643456
319382,-0.015243,0.898951,-0.237793,-0.119988,0.274175,-0.168884,-0.939100,0.000000,106.892853
319385,-0.014992,0.899029,-0.237847,-0.118723,0.274139,-0.166919,-0.939623,0.000343,105.154610
319389,-0.014738,0.899107,-0.237881,-0.116901,0.274247,-0.164051,-0.940324,0.000000,103.410530
319389,-0.014738,0.899107,-0.237881,-0.116901,0.274247,-0.164051,-0.940324,0.000000,101.697006
319392,-0.014558,0.899162,-0.237923,-0.115555,0.274511,-0.162017,-0.940766,0.000000,99.947777
319396,-0.014273,0.899257,-0.238005,-0.113946,0.274301,-0.159521,-0.941450,0.000000,98.225670
319400,-0.014073,0.899335,-0.238090,-0.112472,0.274606,-0.157259,-0.941919,0.000000,96.490517
319403,-0.013869,0.899403,-0.238173,-0.111168,0.274712,-0.155258,-0.942375,0.000000,94.760170
319410,-0.013346,0.899555,-0.238347,-0.108093,0.274675,-0.150348,-0.943539,0.000000,93.024330
319410,-0.013346,0.899555,-0.238347,-0.108093,0.274675,-0.150348,-0.943539,0.000000,91.138115
319414,-0.013036,0.899645,-0.238431,-0.105929,0.274906,-0.147370,-0.944187,0.000000,89.601402
319417,-0.012723,0.899723,-0.238516,-0.104202,0.274798,-0.144857,-0.944799,0.000000,87.895775
319421,-0.012418,0.899790,-0.238590,-0.102472,0.274859,-0.142093,-0.945390,0.000000,86.224480
319424,-0.012271,0.899823,-0.238611,-0.101601,0.274938,-0.140785,-0.945656,0.000000,84.536362
319428,-0.012041,0.899883,-0.238657,-0.100377,0.274747,-0.138775,-0.946140,0.000000,82.857857
319435,-0.011675,0.899989,-0.238751,-0.097731,0.275129,-0.134629,-0.946904,0.000000,81.198921
319438,-0.011479,0.900040,-0.238819,-0.096479,0.275075,-0.132791,-0.947308,-0.000343,79.522476
319438,-0.011479,0.900040,-0.238819,-0.096479,0.275075,-0.132791,-0.947308,0.000000,77.860451
319442,-0.011173,0.900112,-0.238930,-0.094676,0.275053,-0.129908,-0.947896,-0.000343,76.208038
319446,-0.010912,0.900184,-0.239030,-0.092936,0.275207,-0.127391,-0.948365,0.000000,74.557686
319453,-0.010430,0.900290,-0.239163,-0.089877,0.275194,-0.122523,-0.949304,-0.000343,72.914200
319453,-0.010430,0.900290,-0.239163,-0.089877,0.275194,-0.122523,-0.949304,0.000000,71.147804
319456,-0.010228,0.900335,-0.239224,-0.088398,0.275339,-0.120296,-0.949686,-0.000343,69.699669
319460,-0.009839,0.900412,-0.239337,-0.086282,0.275073,-0.117120,-0.950354,-0.000343,68.085709
319463,-0.009558,0.900479,-0.239432,-0.084821,0.275092,-0.114775,-0.950766,0.000000,66.510201
319467,-0.009309,0.900541,-0.239522,-0.083079,0.275427,-0.112198,-0.951131,0.000000,64.948769
319471,-0.008945,0.900613,-0.239625,-0.080953,0.275101,-0.109157,-0.951762,-0.000343,63.396263
319474,-0.008670,0.900674,-0.239693,-0.079205,0.275224,-0.106426,-0.952183,-0.000343,61.858864
319478,-0.008397,0.900723,-0.239775,-0.077475,0.275367,-0.103894,-0.952563,-0.000343,60.302582
319485,-0.007883,0.900820,-0.239931,-0.074366,0.275315,-0.099329,-0.953313,-0.000343,58.764153
319488,-0.007689,0.900855,-0.239988,-0.073058,0.275372,-0.097260,-0.953611,-0.000343,57.242889
319488,-0.007689,0.900855,-0.239988,-0.073058,0.275372,-0.097260,-0.953611,-0.000343,55.753212
319492,-0.007422,0.900889,-0.240042,-0.071625,0.274940,-0.094988,-0.954073,-0.000343,54.287567
319496,-0.007250,0.900930,-0.240107,-0.070102,0.275415,-0.092511,-0.954292,-0.000343,52.819176
319499,-0.007087,0.900960,-0.240176,-0.068975,0.275394,-0.090995,-0.954526,-0.000343,51.375504
319503,-0.006785,0.901015,-0.240289,-0.067450,0.275102,-0.088622,-0.954943,-0.000343,49.931488
319509,-0.006431,0.901074,-0.240442,-0.065294,0.275143,-0.085757,-0.955342,-0.000343,48.522148
319513,-0.006219,0.901094,-0.240492,-0.063977,0.274907,-0.083847,-0.955669,-0.000343,47.114525
319513,-0.006219,0.901094,-0.240492,-0.063977,0.274907,-0.083847,-0.955669,-0.000343,45.715141
319517,-0.006055,0.901116,-0.240505,-0.062734,0.275073,-0.081904,-0.955872,-0.000343,44.341164
319520,-0.005965,0.901134,-0.240519,-0.061935,0.275134,-0.080678,-0.956011,-0.000343,42.988815
319524,-0.005739,0.901157,-0.240568,-0.060825,0.274808,-0.078795,-0.956333,-0.000343,41.667709
319531,-0.005399,0.901210,-0.240684,-0.058561,0.275108,-0.075479,-0.956655,-0.000343,40.338364
319534,-0.005207,0.901246,-0.240752,-0.057433,0.274981,-0.073804,-0.956891,-0.000343,39.048157
319534,-0.005207,0.901246,-0.240752,-0.057433,0.274981,-0.073804,-0.956891,-0.001030,37.776833
319538,-0.004956,0.901274,-0.240840,-0.055947,0.274769,-0.071507,-0.957214,-0.000687,36.536064
319542,-0.004792,0.901294,-0.240901,-0.054765,0.274903,-0.069911,-0.957362,-0.000343,35.294609
319549,-0.004464,0.901328,-0.241001,-0.052829,0.274973,-0.067113,-0.957651,-0.000343,34.088860
319552,-0.004352,0.901344,-0.241034,-0.052100,0.275021,-0.065911,-0.957760,-0.000687,32.877274
319552,-0.004352,0.901344,-0.241034,-0.052100,0.275021,-0.065911,-0.957760,-0.000687,31.689720
319556,-0.004176,0.901351,-0.241073,-0.051253,0.274641,-0.064495,-0.958011,-0.000343,30.524483
319559,-0.004085,0.901359,-0.241101,-0.050519,0.274613,-0.063378,-0.958133,-0.000343,29.395638
319566,-0.003868,0.901402,-0.241191,-0.048729,0.274717,-0.060987,-0.958351,-0.000687,28.286018
319570,-0.003673,0.901428,-0.241259,-0.047586,0.274690,-0.059155,-0.958531,-0.000343,27.226181
319570,-0.003673,0.901428,-0.241259,-0.047586,0.274690,-0.059155,-0.958531,-0.000687,26.149864
319573,-0.003511,0.901461,-0.241330,-0.046455,0.274873,-0.057577,-0.958630,-0.000687,25.112686
319577,-0.003257,0.901489,-0.241392,-0.045136,0.274701,-0.055550,-0.958862,-0.000687,24.094048
319581,-0.003132,0.901495,-0.241411,-0.044302,0.274837,-0.054168,-0.958941,-0.000687,23.108368
319584,-0.003043,0.901491,-0.241438,-0.043691,0.274844,-0.053427,-0.959009,-0.000687,22.143974
319591,-0.002785,0.901499,-0.241494,-0.042433,0.274570,-0.051295,-0.959260,-0.000687,21.205330
319595,-0.002705,0.901510,-0.241532,-0.041708,0.274740,-0.050234,-0.959299,-0.000343,20.290718
319595,-0.002705,0.901510,-0.241532,-0.041708,0.274740,-0.050234,-0.959299,-0.000687,19.407349
319598,-0.002634,0.901513,-0.241557,-0.041241,0.274645,-0.049500,-0.959385,-0.000687,18.526039
319602,-0.002533,0.901520,-0.241597,-0.040608,0.274511,-0.048372,-0.959508,-0.000343,17.673569
319605,-0.002492,0.901522,-0.241617,-0.040163,0.274626,-0.047733,-0.959525,-0.000687,16.863670
319612,-0.002313,0.901531,-0.241675,-0.039222,0.274357,-0.046179,-0.959717,-0.000343,16.080208
319612,-0.002313,0.901531,-0.241675,-0.039222,0.274357,-0.046179,-0.959717,-0.000687,15.328674
319616,-0.002268,0.901539,-0.241688,-0.038689,0.274689,-0.045516,-0.959676,-0.000687,14.601860
319620,-0.002128,0.901534,-0.241712,-0.038188,0.274303,-0.044731,-0.959843,-0.000687,13.890839
319623,-0.002059,0.901538,-0.241718,-0.037766,0.274356,-0.043966,-0.959880,-0.000687,13.200073
319630,-0.001923,0.901550,-0.241764,-0.036738,0.274485,-0.042710,-0.959940,-0.000687,12.525101
319630,-0.001923,0.901550,-0.241764,-0.036738,0.274485,-0.042710,-0.959940,-0.000343,11.833649
319634,-0.001837,0.901553,-0.241799,-0.036258,0.274433,-0.041951,-0.960006,-0.000687,11.230774
319637,-0.001780,0.901560,-0.241837,-0.035853,0.274560,-0.041312,-0.960013,-0.000687,10.624123
319641,-0.001669,0.901565,-0.241873,-0.035388,0.274301,-0.040582,-0.960135,-0.000687,10.033607
319644,-0.001610,0.901572,-0.241886,-0.035046,0.274197,-0.039932,-0.960205,-0.000687,9.475365
319648,-0.001605,0.901572,-0.241884,-0.034620,0.274483,-0.039493,-0.960157,-0.000687,8.959694
319655,-0.001461,0.901574,-0.241902,-0.034053,0.274220,-0.038220,-0.960303,-0.000687,8.474922
319658,-0.001430,0.901575,-0.241913,-0.033784,0.274271,-0.037910,-0.960311,-0.000343,7.981224
319658,-0.001430,0.901575,-0.241913,-0.033784,0.274271,-0.037910,-0.960311,-0.000687,7.483406
319662,-0.001386,0.901581,-0.241928,-0.033469,0.274341,-0.037446,-0.960320,-0.000343,7.022667
319666,-0.001307,0.901580,-0.241958,-0.033084,0.274294,-0.036698,-0.960376,-0.000687,6.615143
319669,-0.001293,0.901583,-0.241966,-0.032924,0.274373,-0.036630,-0.960361,-0.000687,6.186333
319673,-0.001221,0.901579,-0.241990,-0.032666,0.274151,-0.035917,-0.960460,-0.000687,5.769539
319680,-0.001194,0.901583,-0.241994,-0.032218,0.274486,-0.035415,-0.960399,-0.000343,5.358238
319683,-0.001154,0.901589,-0.242003,-0.032037,0.274369,-0.035207,-0.960446,-0.000343,5.019722
319683,-0.001154,0.901589,-0.242003,-0.032037,0.274369,-0.035207,-0.960446,-0.000343,4.659920
319687,-0.001076,0.901577,-0.242026,-0.031729,0.274042,-0.034657,-0.960569,-0.000343,4.355049
319691,-0.001088,0.901589,-0.242034,-0.031618,0.274288,-0.034820,-0.960497,-0.000687,4.027176
319698,-0.001043,0.901587,-0.242064,-0.031347,0.274220,-0.034353,-0.960542,-0.000687,3.721275
319698,-0.001043,0.901587,-0.242064,-0.031347,0.274220,-0.034353,-0.960542,-0.000687,3.416748
319701,-0.001042,0.901594,-0.242070,-0.031172,0.274382,-0.034007,-0.960514,-0.000343,3.175735
319705,-0.000990,0.901590,-0.242082,-0.031069,0.274031,-0.033928,-0.960620,-0.000687,2.923393
319709,-0.001006,0.901593,-0.242064,-0.030929,0.274359,-0.033655,-0.960540,-0.000687,2.676544
319712,-0.000991,0.901594,-0.242058,-0.030827,0.274308,-0.033741,-0.960555,-0.000687,2.443428
319716,-0.000901,0.901586,-0.242060,-0.030683,0.274038,-0.033109,-0.960659,-0.000343,2.223358
319719,-0.000889,0.901588,-0.242056,-0.030639,0.274079,-0.033187,-0.960646,-0.000687,2.023201
319723,-0.000889,0.901595,-0.242048,-0.030511,0.274375,-0.032904,-0.960575,-0.000687,1.833000
319726,-0.000866,0.901590,-0.242056,-0.030497,0.274167,-0.032973,-0.960633,-0.000687,1.637650
319730,-0.000857,0.901598,-0.242069,-0.030314,0.274239,-0.032576,-0.960631,-0.000687,1.469765
319737,-0.000845,0.901588,-0.242098,-0.030204,0.274058,-0.032335,-0.960695,-0.000687,1.311836
319740,-0.000832,0.901590,-0.242112,-0.030174,0.273948,-0.032439,-0.960724,-0.000687,1.177254
319740,-0.000832,0.901590,-0.242112,-0.030174,0.273948,-0.032439,-0.960724,-0.000343,1.064644
319744,-0.000874,0.901597,-0.242113,-0.030069,0.274442,-0.032241,-0.960593,-0.000343,0.952721
319748,-0.000785,0.901588,-0.242134,-0.030019,0.274000,-0.032117,-0.960725,-0.000343,0.840454
319751,-0.000774,0.901594,-0.242130,-0.029924,0.274102,-0.031868,-0.960707,-0.000687,0.739517
319755,-0.000793,0.901597,-0.242110,-0.029907,0.274260,-0.032137,-0.960653,-0.000343,0.635834
319762,-0.000770,0.901586,-0.242087,-0.029828,0.274228,-0.031945,-0.960671,-0.000343,0.533180
319765,-0.000775,0.901588,-0.242078,-0.029754,0.274410,-0.031684,-0.960630,-0.000343,0.442543
319765,-0.000775,0.901588,-0.242078,-0.029754,0.274410,-0.031684,-0.960630,-0.000687,0.365982
319769,-0.000730,0.901582,-0.242093,-0.029774,0.274012,-0.031817,-0.960739,-0.000687,0.329933
319773,-0.000775,0.901594,-0.242084,-0.029700,0.274326,-0.031888,-0.960649,-0.000687,0.281525
319776,-0.000767,0.901598,-0.242099,-0.029663,0.274333,-0.031897,-0.960648,-0.000687,0.231743
319779,-0.000745,0.901594,-0.242109,-0.029640,0.274294,-0.031523,-0.960672,-0.000687,0.193291
319786,-0.000724,0.901591,-0.242132,-0.029536,0.274232,-0.031412,-0.960697,-0.000343,0.152779
319790,-0.000734,0.901592,-0.242138,-0.029584,0.274118,-0.031679,-0.960719,-0.000687,0.114326
319790,-0.000734,0.901592,-0.242138,-0.029584,0.274118,-0.031679,-0.960719,-0.000687,0.072441
319794,-0.000743,0.901596,-0.242139,-0.029515,0.274236,-0.031489,-0.960694,-0.000343,0.050468
319797,-0.000767,0.901597,-0.242143,-0.029510,0.274318,-0.031699,-0.960663,-0.000343,0.044632
319801,-0.000707,0.901593,-0.242152,-0.029508,0.274001,-0.031270,-0.960768,-0.000343,0.033646
319804,-0.000699,0.901599,-0.242157,-0.029496,0.273908,-0.031474,-0.960788,-0.000687,0.016136
319811,-0.000725,0.901600,-0.242133,-0.029481,0.274286,-0.031602,-0.960676,-0.000687,0.001373
319811,-0.000725,0.901600,-0.242133,-0.029481,0.274286,-0.031602,-0.960676,-0.000687,-0.006866
319815,-0.000674,0.901595,-0.242117,-0.029387,0.274113,-0.031103,-0.960745,-0.000343,-0.011330
319818,-0.000708,0.901593,-0.242094,-0.029422,0.274227,-0.031439,-0.960700,-0.000687,-0.013046
319822,-0.000664,0.901590,-0.242092,-0.029391,0.274102,-0.031053,-0.960750,-0.000343,-0.013390
319829,-0.000703,0.901596,-0.242089,-0.029374,0.274431,-0.031131,-0.960654,-0.000687,-0.013390
319833,-0.000654,0.901589,-0.242129,-0.029360,0.273999,-0.031009,-0.960782,-0.000687,-0.013390
319833,-0.000654,0.901589,-0.242129,-0.029360,0.273999,-0.031009,-0.960782,-0.000343,-0.013390
319836,-0.000671,0.901593,-0.242144,-0.029312,0.274008,-0.030901,-0.960784,-0.000343,-0.013390
319840,-0.000744,0.901600,-0.242166,-0.029301,0.274346,-0.031313,-0.960674,-0.000687,-0.013390
319844,-0.000705,0.901599,-0.242193,-0.029348,0.273949,-0.031305,-0.960786,-0.000687,-0.013046
319847,-0.000709,0.901603,-0.242189,-0.029326,0.274087,-0.031209,-0.960751,-0.000343,-0.013046
319850,-0.000712,0.901601,-0.242181,-0.029272,0.274290,-0.030976,-0.960702,-0.000343,-0.013046
319854,-0.000683,0.901595,-0.242156,-0.029303,0.274073,-0.031166,-0.960757,-0.000687,-0.013046
319857,-0.000639,0.901592,-0.242133,-0.029303,0.274060,-0.030810,-0.960772,-0.000343,-0.012703
319861,-0.000689,0.901592,-0.242089,-0.029292,0.274356,-0.031301,-0.960672,-0.000687,-0.013046
319868,-0.000617,0.901583,-0.242102,-0.029300,0.273930,-0.031035,-0.960802,-0.000687,-0.012703
319871,-0.000637,0.901590,-0.242117,-0.029237,0.274133,-0.030876,-0.960751,-0.000343,-0.012360
319871,-0.000637,0.901590,-0.242117,-0.029237,0.274133,-0.030876,-0.960751,-0.000687,-0.012360
319879,-0.000697,0.901603,-0.242188,-0.029216,0.274125,-0.031087,-0.960748,-0.000687,-0.012016
319879,-0.000697,0.901603,-0.242188,-0.029216,0.274125,-0.031087,-0.960748,-0.000687,-0.011673
319883,-0.000731,0.901599,-0.242200,-0.029222,0.274263,-0.030985,-0.960711,-0.000687,-0.011330
319886,-0.000711,0.901603,-0.242208,-0.029189,0.274029,-0.031085,-0.960776,-0.000343,-0.010986
319889,-0.000689,0.901602,-0.242193,-0.029225,0.273882,-0.031234,-0.960812,-0.000687,-0.010643
319892,-0.000672,0.901594,-0.242170,-0.029214,0.273969,-0.030913,-0.960798,-0.000687,-0.009270
319895,-0.000694,0.901600,-0.242129,-0.029234,0.274331,-0.031320,-0.960681,-0.000687,-0.008583
319899,-0.000620,0.901586,-0.242115,-0.029225,0.274015,-0.030794,-0.960788,-0.000343,-0.006180
319903,-0.000654,0.901593,-0.242101,-0.029208,0.274377,-0.030870,-0.960683,-0.000687,-0.003777
319906,-0.000653,0.901593,-0.242111,-0.029207,0.274246,-0.030920,-0.960718,-0.000343,-0.001373
319913,-0.000697,0.901598,-0.242159,-0.029174,0.274308,-0.030897,-0.960703,-0.000687,0.000687
319917,-0.000682,0.901600,-0.242184,-0.029196,0.274086,-0.030920,-0.960765,-0.000343,0.002403
319917,-0.000682,0.901600,-0.242184,-0.029196,0.274086,-0.030920,-0.960765,-0.000687,0.003777
319924,-0.000734,0.901603,-0.242185,-0.029167,0.274419,-0.031064,-0.960666,-0.000343,0.004807
319927,-0.000726,0.901602,-0.242170,-0.029194,0.274423,-0.030955,-0.960667,-0.000343,0.005493
319927,-0.000726,0.901602,-0.242170,-0.029194,0.274423,-0.030955,-0.960667,-0.000343,0.005493
319931,-0.000640,0.901594,-0.242166,-0.029209,0.274014,-0.030862,-0.960787,-0.000687,0.005836
319935,-0.000686,0.901599,-0.242136,-0.029186,0.274301,-0.031282,-0.960692,-0.000343,0.005836
319938,-0.000654,0.901591,-0.242132,-0.029187,0.274186,-0.031038,-0.960733,-0.000687,0.005836
319942,-0.000643,0.901598,-0.242137,-0.029142,0.274111,-0.031092,-0.960754,-0.000343,0.005836
319945,-0.000677,0.901597,-0.242130,-0.029184,0.274315,-0.031098,-0.960694,-0.000343,0.005836
319952,-0.000626,0.901600,-0.242165,-0.029170,0.273929,-0.030980,-0.960808,-0.000343,0.005836
319956,-0.000694,0.901603,-0.242152,-0.029182,0.274399,-0.031198,-0.960667,-0.000687,0.005836
319959,-0.000665,0.901607,-0.242162,-0.029144,0.274267,-0.031169,-0.960706,-0.000687,0.005836
319959,-0.000665,0.901607,-0.242162,-0.029144,0.274267,-0.031169,-0.960706,0.000000,0.005836
319963,-0.000621,0.901596,-0.242161,-0.029175,0.274046,-0.030926,-0.960776,-0.000343,0.005836
319967,-0.000649,0.901598,-0.242154,-0.029125,0.274383,-0.030845,-0.960684,-0.000343,0.005836
319970,-0.000645,0.901594,-0.242150,-0.029164,0.274204,-0.031021,-0.960729,-0.000687,0.005836
319974,-0.000646,0.901593,-0.242157,-0.029145,0.274211,-0.030699,-0.960738,-0.000343,0.005836
319977,-0.000679,0.901601,-0.242166,-0.029147,0.274341,-0.031012,-0.960690,-0.000343,0.005836
319981,-0.000650,0.901598,-0.242180,-0.029167,0.274049,-0.030700,-0.960783,-0.000343,0.005836
319984,-0.000636,0.901599,-0.242194,-0.029112,0.273983,-0.030777,-0.960801,-0.000343,0.005836
319988,-0.000693,0.901603,-0.242185,-0.029102,0.274454,-0.030881,-0.960663,-0.000343,0.005836
319995,-0.000584,0.901602,-0.242179,-0.029095,0.274053,-0.030703,-0.960784,-0.000343,0.005836
319995,-0.000584,0.901602,-0.242179,-0.029095,0.274053,-0.030703,-0.960784,-0.000343,0.005836
319995,-0.000584,0.901602,-0.242179,-0.029095,0.274053,-0.030703,-0.960784,-0.000343,0.005836
319995,-0.000584,0.901602,-0.242179,-0.029095,0.274053,-0.030703,-0.960784,-0.000343,0.005836
319995,-0.000584,0.901602,-0.242179,-0.029095,0.274053,-0.030703,-0.960784,-0.000343,0.005836
319995,-0.000584,0.901602,-0.242179,-0.029095,0.274053,-0.030703,-0.960784,-0.000343,0.005493
319995,-0.000584,0.901602,-0.242179,-0.029095,0.274053,-0.030703,-0.960784,-0.000343,0.005836
319995,-0.000584,0.901602,-0.242179,-0.029095,0.274053,-0.030703,-0.960784,-0.000343,0.005836
319995,-0.000584,0.901602,-0.242179,-0.029095,0.274053,-0.030703,-0.960784,-0.000343,0.005836
319995,-0.000584,0.901602,-0.242179,-0.029095,0.274053,-0.030703,-0.960784,-0.000343,0.005493
319995,-0.000584,0.901602,-0.242179,-0.029095,0.274053,-0.030703,-0.960784,0.000000,0.005836
319995,-0.000584,0.901602,-0.242179,-0.029095,0.274053,-0.030703,-0.960784,-0.000343,0.005493
319995,-0.000584,0.901602,-0.242179,-0.029095,0.274053,-0.030703,-0.960784,-0.000343,0.005493
319995,-0.000584,0.901602,-0.242179,-0.029095,0.274053,-0.030703,-0.960784,0.000000,0.005493
319995,-0.000584,0.901602,-0.242179,-0.029095,0.274053,-0.030703,-0.960784,-0.000343,0.005836
319995,-0.000584,0.901602,-0.242179,-0.029095,0.274053,-0.030703,-0.960784,-0.000343,0.005493
319995,-0.000584,0.901602,-0.242179,-0.029095,0.274053,-0.030703,-0.960784,-0.000343,0.005493
319995,-0.000584,0.901602,-0.242179,-0.029095,0.274053,-0.030703,-0.960784,0.000000,0.005150
319995,-0.000584,0.901602,-0.242179,-0.029095,0.274053,-0.030703,-0.960784,0.000000,0.005493
319995,-0.000584,0.901602,-0.242179,-0.029095,0.274053,-0.030703,-0.960784,-0.000343,0.005150
319995,-0.000584,0.901602,-0.242179,-0.029095,0.274053,-0.030703,-0.960784,0.000000,0.005150
319995,-0.000584,0.901602,-0.242179,-0.029095,0.274053,-0.030703,-0.960784,-0.000343,0.005150
319995,-0.000584,0.901602,-0.242179,-0.029095,0.274053,-0.030703,-0.960784,0.000000,0.005150
319995,-0.000584,0.901602,-0.242179,-0.029095,0.274053,-0.030703,-0.960784,0.000000,0.005150
319995,-0.000584,0.901602,-0.242179,-0.029095,0.274053,-0.030703,-0.960784,0.000000,0.005150
319995,-0.000584,0.901602,-0.242179,-0.029095,0.274053,-0.030703,-0.960784,0.000000,0.004807
319995,-0.000584,0.901602,-0.242179,-0.029095,0.274053,-0.030703,-0.960784,0.000000,0.004807
319995,-0.000584,0.901602,-0.242179,-0.029095,0.274053,-0.030703,-0.960784,0.000343,0.004807
319995,-0.000584,0.901602,-0.242179,-0.029095,0.274053,-0.030703,-0.960784,0.000343,0.004807
319995,-0.000584,0.901602,-0.242179,-0.029095,0.274053,-0.030703,-0.960784,0.000000,0.004463
320016,-0.000561,0.901598,-0.242158,-0.029095,0.273948,-0.030728,-0.960813,0.000343,0.004463
320016,-0.000561,0.901598,-0.242158,-0.029095,0.273948,-0.030728,-0.960813,0.000343,0.004463
320016,-0.000561,0.901598,-0.242158,-0.029095,0.273948,-0.030728,-0.960813,0.000343,0.004463
320016,-0.000561,0.901598,-0.242158,-0.029095,0.273948,-0.030728,-0.960813,0.000343,0.004463
320016,-0.000561,0.901598,-0.242158,-0.029095,0.273948,-0.030728,-0.960813,0.000343,0.004463
320016,-0.000561,0.901598,-0.242158,-0.029095,0.273948,-0.030728,-0.960813,0.000343,0.004463
320016,-0.000561,0.901598,-0.242158,-0.029095,0.273948,-0.030728,-0.960813,0.000343,0.004463
320016,-0.000561,0.901598,-0.242158,-0.029095,0.273948,-0.030728,-0.960813,0.000343,0.004463
320016,-0.000561,0.901598,-0.242158,-0.029095,0.273948,-0.030728,-0.960813,0.000343,0.004463
320016,-0.000561,0.901598,-0.242158,-0.029095,0.273948,-0.030728,-0.960813,0.000343,0.004463
320016,-0.000561,0.901598,-0.242158,-0.029095,0.273948,-0.030728,-0.960813,0.000343,0.004463
