0,0.000000,0.000000,0.000000,0.000000,0.000000,0.000000,0.000000,0.000000,0.000000
0,0.000000,0.000000,0.000000,0.000000,0.000000,0.000000,0.000000,0.000000,0.000000
0,0.000000,0.000000,0.000000,0.000000,0.000000,0.000000,0.000000,0.000000,0.000000
0,0.000000,0.000000,0.000000,0.000000,0.000000,0.000000,0.000000,0.000000,0.000000
0,0.000000,0.000000,0.000000,0.000000,0.000000,0.000000,0.000000,0.000000,0.000000
0,0.000000,0.000000,0.000000,0.000000,0.000000,0.000000,0.000000,0.000000,0.000000
0,0.000000,0.000000,0.000000,0.000000,0.000000,0.000000,0.000000,0.000000,0.000000
0,0.000000,0.000000,0.000000,0.000000,0.000000,0.000000,0.000000,0.000000,0.000000
0,0.000000,0.000000,0.000000,0.000000,0.000000,0.000000,0.000000,0.000000,0.000000
0,0.000000,0.000000,0.000000,0.000000,0.000000,0.000000,0.000000,0.000000,0.000000
0,0.000000,0.000000,0.000000,0.000000,0.000000,0.000000,0.000000,0.000000,0.000000
0,0.000000,0.000000,0.000000,0.000000,0.000000,0.000000,0.000000,0.000000,0.000000
0,0.000000,0.000000,0.000000,0.000000,0.000000,0.000000,0.000000,0.000000,0.000000
0,0.000000,0.000000,0.000000,0.000000,0.000000,0.000000,0.000000,0.000000,0.000000
0,0.000000,0.000000,0.000000,0.000000,0.000000,0.000000,0.000000,0.000000,0.000000
0,0.000000,0.000000,0.000000,0.000000,0.000000,0.000000,0.000000,0.000000,0.000000
0,0.000000,0.000000,0.000000,0.000000,0.000000,0.000000,0.000000,0.000000,0.000000
0,0.000000,0.000000,0.000000,0.000000,0.000000,0.000000,0.000000,0.000000,0.000000
0,0.000000,0.000000,0.000000,0.000000,0.000000,0.000000,0.000000,0.000000,0.000000
0,0.000000,0.000000,0.000000,0.000000,0.000000,0.000000,0.000000,0.000000,0.000000
0,0.000000,0.000000,0.000000,0.000000,0.000000,0.000000,0.000000,0.000000,0.000000
0,0.000000,0.000000,0.000000,0.000000,0.000000,0.000000,0.000000,0.000000,0.000000
0,0.000000,0.000000,0.000000,0.000000,0.000000,0.000000,0.000000,0.000000,0.000000
0,0.000000,0.000000,0.000000,0.000000,0.000000,0.000000,0.000000,0.000000,0.000000
0,0.000000,0.000000,0.000000,0.000000,0.000000,0.000000,0.000000,0.000000,0.000000
279431,0.000756,0.901661,-0.242685,-0.026945,0.274141,-0.028308,-0.960895,-0.000343,-0.000343
279434,0.000783,0.901655,-0.242687,-0.026950,0.273966,-0.028326,-0.960944,-0.000343,0.000000
279438,0.000736,0.901654,-0.242699,-0.026932,0.274271,-0.028268,-0.960859,-0.000343,-0.000343
279441,0.000710,0.901670,-0.242711,-0.026944,0.274313,-0.028470,-0.960841,-0.000343,-0.000343
279445,0.000736,0.901666,-0.242766,-0.026933,0.273916,-0.028250,-0.960961,0.000000,0.000000
279448,0.000697,0.901671,-0.242796,-0.026936,0.274035,-0.028253,-0.960927,-0.000343,-0.000343
279452,0.000624,0.901675,-0.242814,-0.026907,0.274316,-0.028480,-0.960841,-0.000343,0.000000
279455,0.000636,0.901678,-0.242822,-0.026883,0.274204,-0.028437,-0.960875,0.000000,-0.000343
279459,0.000647,0.901671,-0.242798,-0.026916,0.274091,-0.028398,-0.960908,0.000000,-0.000343
279463,0.000652,0.901665,-0.242751,-0.026947,0.274100,-0.028690,-0.960895,0.000000,-0.000343
279466,0.000715,0.901661,-0.242723,-0.026930,0.273953,-0.028385,-0.960947,0.000000,-0.000343
279470,0.000718,0.901657,-0.242681,-0.026987,0.274140,-0.028642,-0.960884,0.000000,-0.000343
279473,0.000743,0.901658,-0.242673,-0.026930,0.274258,-0.028516,-0.960856,0.000000,-0.000343
279477,0.000801,0.901654,-0.242694,-0.026950,0.273759,-0.028487,-0.960998,0.000000,-0.000343
279480,0.000788,0.901655,-0.242708,-0.026975,0.273863,-0.028377,-0.960971,0.000343,-0.000343
279484,0.000700,0.901668,-0.242733,-0.026913,0.274177,-0.028698,-0.960874,0.000000,0.000000
279488,0.000712,0.901670,-0.242767,-0.026908,0.273965,-0.028249,-0.960948,0.000343,0.000000
279491,0.000656,0.901676,-0.242780,-0.026910,0.274115,-0.028598,-0.960895,0.000343,0.000000
279495,0.000646,0.901674,-0.242787,-0.026908,0.274160,-0.028355,-0.960889,0.000343,-0.000343
279498,0.000668,0.901672,-0.242777,-0.026939,0.273882,-0.028566,-0.960962,0.000343,-0.000343
279502,0.000650,0.901669,-0.242756,-0.026889,0.274323,-0.028327,-0.960844,0.000343,0.000000
279505,0.000653,0.901671,-0.242736,-0.026912,0.274326,-0.028622,-0.960834,0.000343,-0.000343
279509,0.000741,0.901659,-0.242726,-0.026936,0.273977,-0.028113,-0.960948,0.000343,-0.000343
279512,0.000735,0.901657,-0.242723,-0.026923,0.273891,-0.028445,-0.960963,0.000343,0.000000
279516,0.000693,0.901661,-0.242724,-0.026924,0.274203,-0.028354,-0.960877,0.000687,-0.000343
279519,0.000700,0.901665,-0.242745,-0.026901,0.274031,-0.028506,-0.960922,0.000687,-0.000343
279523,0.000698,0.901674,-0.242776,-0.026874,0.274140,-0.028296,-0.960898,0.000687,-0.000343
279527,0.000684,0.901674,-0.242794,-0.026916,0.274021,-0.028641,-0.960920,0.000687,-0.000343
279530,0.000718,0.901676,-0.242798,-0.026842,0.273920,-0.028244,-0.960963,0.000687,-0.000343
279534,0.000645,0.901671,-0.242777,-0.026923,0.274274,-0.028648,-0.960848,0.001030,-0.000343
279537,0.000644,0.901672,-0.242745,-0.026905,0.274415,-0.028377,-0.960816,0.000687,-0.000343
279541,0.000709,0.901656,-0.242727,-0.026920,0.273747,-0.028533,-0.961002,0.000687,0.000000
279544,0.000706,0.901653,-0.242699,-0.026939,0.273918,-0.028293,-0.960959,0.000687,-0.000343
279548,0.000659,0.901657,-0.242691,-0.026948,0.274113,-0.028678,-0.960892,0.000687,-0.000343
279551,0.000679,0.901660,-0.242709,-0.026933,0.274111,-0.028352,-0.960903,0.000687,0.000000
279555,0.000646,0.901664,-0.242730,-0.026927,0.274130,-0.028615,-0.960890,0.000687,-0.000343
279558,0.000624,0.901669,-0.242749,-0.026920,0.274348,-0.028489,-0.960832,0.000687,0.000000
279562,0.000658,0.901664,-0.242772,-0.026929,0.273829,-0.028637,-0.960975,0.000687,-0.000343
279566,0.000608,0.901672,-0.242769,-0.026914,0.274334,-0.028512,-0.960835,0.000687,-0.000343
279569,0.000603,0.901669,-0.242771,-0.026954,0.274297,-0.028753,-0.960837,0.000687,-0.000343
279573,0.000675,0.901659,-0.242767,-0.026898,0.273886,-0.028277,-0.960970,0.000687,-0.000343
279576,0.000658,0.901659,-0.242765,-0.026952,0.273980,-0.028574,-0.960933,0.000687,-0.000343
279580,0.000622,0.901663,-0.242756,-0.026929,0.274316,-0.028345,-0.960845,0.000687,0.000000
279583,0.000629,0.901660,-0.242763,-0.026969,0.274105,-0.028616,-0.960896,0.000687,-0.000343
279587,0.000608,0.901665,-0.242774,-0.026880,0.274190,-0.028339,-0.960882,0.001030,0.000000
279590,0.000559,0.901666,-0.242771,-0.026945,0.274298,-0.028694,-0.960839,0.000687,0.000000
279594,0.000596,0.901665,-0.242784,-0.026941,0.274041,-0.028290,-0.960924,0.000687,-0.000343
279598,0.000541,0.901672,-0.242761,-0.026886,0.274363,-0.028494,-0.960828,0.000687,-0.000343
279601,0.000545,0.901668,-0.242742,-0.026930,0.274453,-0.028391,-0.960804,0.001030,-0.000343
279605,0.000646,0.901664,-0.242728,-0.026885,0.273812,-0.028408,-0.960988,0.001030,-0.000343
279608,0.000640,0.901658,-0.242704,-0.026938,0.274078,-0.028202,-0.960916,0.001030,-0.000343
279612,0.000620,0.901654,-0.242687,-0.026958,0.274192,-0.028479,-0.960875,0.000687,-0.000343
279615,0.000659,0.901657,-0.242695,-0.026934,0.274069,-0.028193,-0.960919,0.000687,-0.000343
279619,0.000615,0.901660,-0.242699,-0.026941,0.274204,-0.028484,-0.960872,0.000687,-0.000343
279622,0.000590,0.901667,-0.242711,-0.026915,0.274392,-0.028350,-0.960823,0.000687,0.000000
279626,0.000611,0.901657,-0.242752,-0.026949,0.273913,-0.028500,-0.960954,0.001030,-0.000343
279629,0.000593,0.901660,-0.242759,-0.026909,0.273995,-0.028202,-0.960941,0.001030,-0.000343
279633,0.000521,0.901673,-0.242759,-0.026931,0.274322,-0.028688,-0.960833,0.000687,-0.000343
279636,0.000533,0.901665,-0.242758,-0.026903,0.274209,-0.028371,-0.960875,0.000687,0.000000
279640,0.000550,0.901661,-0.242743,-0.026942,0.274025,-0.028536,-0.960922,0.001030,-0.000343
279644,0.000539,0.901661,-0.242723,-0.026959,0.274258,-0.028520,-0.960855,0.000687,-0.000343
279647,0.000563,0.901654,-0.242713,-0.026996,0.274032,-0.028572,-0.960917,0.001030,-0.000343
279651,0.000556,0.901660,-0.242705,-0.026957,0.274264,-0.028489,-0.960854,0.001030,-0.000343
279654,0.000534,0.901663,-0.242704,-0.026967,0.274302,-0.028670,-0.960838,0.000687,-0.000343
279658,0.000575,0.901655,-0.242725,-0.026967,0.273961,-0.028354,-0.960944,0.000687,-0.000343
279661,0.000566,0.901659,-0.242735,-0.026993,0.273958,-0.028516,-0.960940,0.001030,0.000000
279665,0.000503,0.901666,-0.242723,-0.026985,0.274435,-0.028526,-0.960804,0.001030,-0.000343
279668,0.000513,0.901663,-0.242735,-0.026979,0.274235,-0.028722,-0.960855,0.001030,-0.000343
279672,0.000542,0.901663,-0.242739,-0.026934,0.274121,-0.028337,-0.960900,0.000687,-0.000343
279676,0.000537,0.901663,-0.242727,-0.026958,0.274214,-0.028375,-0.960872,0.001030,-0.000343
279679,0.000571,0.901659,-0.242729,-0.026970,0.274066,-0.028308,-0.960916,0.001030,0.000000
279683,0.000539,0.901659,-0.242714,-0.026934,0.274316,-0.028381,-0.960843,0.002060,-0.000343
279686,0.000522,0.901661,-0.242707,-0.026956,0.274424,-0.028377,-0.960812,0.008240,-0.000343
279690,0.000578,0.901656,-0.242729,-0.026972,0.273992,-0.028296,-0.960937,0.013046,-0.000343
279693,0.000560,0.901653,-0.242727,-0.026955,0.274058,-0.028203,-0.960922,0.037766,-0.000343
279697,0.000512,0.901661,-0.242733,-0.026955,0.274296,-0.028526,-0.960844,0.067635,-0.000343
279701,0.000549,0.901659,-0.242749,-0.026978,0.273971,-0.028573,-0.960935,0.103340,0.000000
279704,0.000534,0.901661,-0.242742,-0.026929,0.274110,-0.028479,-0.960899,0.121536,-0.000343
279707,0.000532,0.901665,-0.242737,-0.026920,0.274331,-0.028397,-0.960839,0.160332,-0.000343
279711,0.000573,0.901657,-0.242734,-0.026981,0.274065,-0.028444,-0.960912,0.216637,-0.000343
279715,0.000552,0.901656,-0.242720,-0.026987,0.274282,-0.028701,-0.960842,0.235863,0.000000
279718,0.000564,0.901661,-0.242714,-0.026974,0.274358,-0.028588,-0.960824,0.278778,-0.000343
279722,0.000625,0.901647,-0.242723,-0.026970,0.273817,-0.028554,-0.960980,0.333366,-0.000343
279725,0.000626,0.901655,-0.242727,-0.026921,0.273849,-0.028518,-0.960973,0.426407,-0.000343
279729,0.000555,0.901661,-0.242718,-0.026964,0.274305,-0.028658,-0.960837,0.463486,-0.000343
279732,0.000562,0.901656,-0.242730,-0.027013,0.274158,-0.028596,-0.960880,0.585709,-0.000343
279736,0.000551,0.901661,-0.242732,-0.026944,0.274143,-0.028582,-0.960886,0.639954,-0.000343
279739,0.000516,0.901660,-0.242725,-0.026971,0.274284,-0.028679,-0.960843,0.800629,0.000000
279743,0.000555,0.901660,-0.242731,-0.026968,0.273981,-0.028537,-0.960933,0.858307,-0.000343
279747,0.000504,0.901658,-0.242712,-0.026933,0.274340,-0.028341,-0.960838,1.016922,-0.000343
279750,0.000482,0.901660,-0.242703,-0.027011,0.274415,-0.028593,-0.960807,1.089706,-0.000343
279754,0.000546,0.901651,-0.242717,-0.026948,0.274007,-0.028189,-0.960937,1.218109,-0.000343
279757,0.000523,0.901656,-0.242715,-0.026958,0.274056,-0.028399,-0.960916,1.354408,-0.000343
279761,0.000487,0.901661,-0.242723,-0.026938,0.274324,-0.028389,-0.960841,1.586838,-0.000343
279764,0.000499,0.901659,-0.242745,-0.026978,0.274201,-0.028400,-0.960874,1.672668,-0.000343
279768,0.000491,0.901659,-0.242752,-0.026956,0.274220,-0.028387,-0.960870,1.852913,0.000000
279771,0.000470,0.901669,-0.242756,-0.026903,0.274323,-0.028533,-0.960838,2.128601,-0.000343
279775,0.000522,0.901657,-0.242761,-0.026970,0.274065,-0.028326,-0.960915,2.371330,0.000000
279779,0.000481,0.901662,-0.242741,-0.026988,0.274321,-0.028723,-0.960830,2.479134,-0.000343
279782,0.000497,0.901664,-0.242729,-0.026945,0.274446,-0.028511,-0.960802,2.717743,0.000000
279786,0.000562,0.901651,-0.242721,-0.026987,0.273892,-0.028627,-0.960956,2.963562,-0.000343
279789,0.000569,0.901653,-0.242705,-0.026952,0.274028,-0.028363,-0.960926,3.319588,0.000000
279793,0.000520,0.901653,-0.242689,-0.027045,0.274277,-0.028740,-0.960841,3.609009,0.000000
279796,0.000535,0.901652,-0.242691,-0.026997,0.274136,-0.028554,-0.960888,3.760414,-0.000343
279800,0.000499,0.901661,-0.242703,-0.027008,0.274178,-0.028744,-0.960870,4.057732,0.000000
279803,0.000458,0.901661,-0.242708,-0.027052,0.274409,-0.028712,-0.960804,4.374275,-0.000343
279807,0.000470,0.901661,-0.242732,-0.027115,0.273951,-0.028817,-0.960929,4.903336,-0.000343
279811,0.000388,0.901662,-0.242727,-0.027121,0.274443,-0.028723,-0.960792,5.064697,-0.000343
279814,0.000354,0.901664,-0.242720,-0.027171,0.274399,-0.029042,-0.960793,5.605774,-0.000343
279818,0.000386,0.901661,-0.242716,-0.027216,0.274114,-0.028676,-0.960884,6.043167,0.000000
279821,0.000352,0.901659,-0.242700,-0.027220,0.274116,-0.029037,-0.960873,6.244011,0.000000
279825,0.000321,0.901656,-0.242682,-0.027290,0.274340,-0.028901,-0.960811,6.870575,0.000000
279828,0.000335,0.901658,-0.242678,-0.027346,0.274152,-0.029186,-0.960855,7.091675,0.000000
279832,0.000300,0.901660,-0.242662,-0.027349,0.274342,-0.029003,-0.960806,7.734375,-0.000343
279832,0.000300,0.901660,-0.242662,-0.027349,0.274342,-0.029003,-0.960806,8.031006,0.000000
279839,0.000262,0.901654,-0.242665,-0.027504,0.274162,-0.029071,-0.960850,8.521957,-0.000343
279842,0.000219,0.901659,-0.242657,-0.027535,0.274106,-0.029350,-0.960857,9.044838,-0.000343
279846,0.000132,0.901666,-0.242646,-0.027594,0.274523,-0.029405,-0.960735,9.805641,-0.000343
279850,0.000138,0.901656,-0.242648,-0.027718,0.274069,-0.029551,-0.960856,10.170250,0.000000
279853,0.000090,0.901663,-0.242633,-0.027741,0.274230,-0.029531,-0.960810,11.054649,-0.000343
279857,0.000028,0.901665,-0.242611,-0.027906,0.274330,-0.029974,-0.960763,11.675720,-0.000343
279860,0.000018,0.901663,-0.242600,-0.027977,0.274258,-0.029801,-0.960787,11.956215,0.000000
279863,-0.000011,0.901662,-0.242580,-0.028086,0.274162,-0.029938,-0.960807,12.572479,-0.000343
279867,-0.000120,0.901659,-0.242547,-0.028222,0.274580,-0.030239,-0.960674,13.600044,-0.000343
279871,-0.000141,0.901662,-0.242539,-0.028347,0.274093,-0.030608,-0.960798,14.314842,-0.000343
279875,-0.000275,0.901666,-0.242514,-0.028525,0.274557,-0.030897,-0.960651,14.705887,0.000000
279878,-0.000354,0.901664,-0.242499,-0.028672,0.274430,-0.031220,-0.960672,15.747871,-0.000343
279881,-0.000440,0.901667,-0.242482,-0.028899,0.274414,-0.031328,-0.960667,16.608582,-0.000343
279885,-0.000637,0.901665,-0.242432,-0.029261,0.274316,-0.032109,-0.960658,17.000656,-0.000343
279889,-0.000838,0.901666,-0.242377,-0.029652,0.274389,-0.032592,-0.960609,17.819824,-0.000343
279892,-0.000971,0.901667,-0.242336,-0.029940,0.274176,-0.033019,-0.960646,18.671608,-0.000343
279896,-0.001203,0.901665,-0.242259,-0.030258,0.274391,-0.033458,-0.960560,19.887657,0.000000
279899,-0.001339,0.901666,-0.242221,-0.030532,0.274435,-0.034013,-0.960519,20.885696,-0.000343
279903,-0.001390,0.901657,-0.242204,-0.030661,0.274128,-0.033837,-0.960609,21.343002,0.000000
279907,-0.001511,0.901665,-0.242168,-0.030828,0.274494,-0.034323,-0.960482,22.287483,-0.000343
279910,-0.001665,0.901673,-0.242129,-0.031182,0.274504,-0.034779,-0.960451,23.648758,0.000000
279914,-0.001925,0.901655,-0.242029,-0.031852,0.274233,-0.035631,-0.960475,24.747734,-0.000343
279917,-0.002135,0.901653,-0.241956,-0.032207,0.274422,-0.036220,-0.960387,25.278168,0.000000
279921,-0.002431,0.901646,-0.241844,-0.032805,0.274575,-0.037222,-0.960285,26.311913,0.000000
279924,-0.002679,0.901639,-0.241748,-0.033336,0.274482,-0.037847,-0.960269,27.811890,0.000000
279928,-0.003057,0.901637,-0.241615,-0.034056,0.274837,-0.038930,-0.960099,28.475876,-0.000343
279931,-0.003279,0.901635,-0.241547,-0.034461,0.274973,-0.039382,-0.960027,30.151978,-0.000343
279935,-0.003567,0.901616,-0.241467,-0.035135,0.274576,-0.040503,-0.960069,30.713654,-0.000343
279938,-0.003849,0.901609,-0.241383,-0.035672,0.274680,-0.041190,-0.959991,32.344437,-0.000343
279942,-0.004208,0.901610,-0.241276,-0.036343,0.274878,-0.042580,-0.959848,33.051338,0.000000
279946,-0.004519,0.901593,-0.241153,-0.037079,0.274794,-0.043421,-0.959806,34.848289,0.000000
279949,-0.004819,0.901590,-0.241051,-0.037692,0.274916,-0.044259,-0.959709,35.478630,-0.000343
279952,-0.005149,0.901586,-0.240935,-0.038322,0.275168,-0.045142,-0.959571,36.707039,0.000000
279956,-0.005570,0.901572,-0.240807,-0.039137,0.274919,-0.046574,-0.959541,37.969093,-0.000343
279960,-0.006040,0.901565,-0.240662,-0.039907,0.275414,-0.047816,-0.959306,39.248657,-0.000343
279963,-0.006329,0.901554,-0.240582,-0.040506,0.275440,-0.048690,-0.959230,41.076851,-0.000343
279967,-0.006624,0.901542,-0.240498,-0.041131,0.275155,-0.049489,-0.959244,41.877136,0.000000
279970,-0.006917,0.901540,-0.240429,-0.041726,0.275246,-0.050534,-0.959138,43.880081,-0.000343
279974,-0.007342,0.901526,-0.240316,-0.042517,0.275536,-0.051804,-0.958952,44.565353,-0.000343
279977,-0.007629,0.901506,-0.240225,-0.043108,0.275361,-0.052772,-0.958923,46.486244,-0.000343
279981,-0.008077,0.901479,-0.240067,-0.043937,0.275424,-0.053808,-0.958810,48.021584,-0.000343
279985,-0.008535,0.901449,-0.239917,-0.044908,0.275515,-0.055163,-0.958661,49.433670,-0.000343
279988,-0.008816,0.901431,-0.239821,-0.045548,0.275512,-0.056007,-0.958583,50.147095,-0.000343
279992,-0.009313,0.901415,-0.239674,-0.046405,0.275900,-0.057455,-0.958345,52.163773,0.000000
279995,-0.009664,0.901408,-0.239571,-0.047134,0.275959,-0.058474,-0.958231,53.782196,-0.000343
279999,-0.010053,0.901379,-0.239466,-0.047899,0.275665,-0.059682,-0.958203,54.517593,-0.000343
280002,-0.010407,0.901357,-0.239373,-0.048479,0.275839,-0.060632,-0.958064,56.600189,0.000000
280006,-0.010945,0.901336,-0.239219,-0.049425,0.275890,-0.062337,-0.957891,57.504845,-0.000343
280009,-0.011284,0.901312,-0.239100,-0.050123,0.275835,-0.063225,-0.957813,59.779701,-0.000343
280013,-0.011695,0.901293,-0.238983,-0.050886,0.276084,-0.064471,-0.957618,60.540161,-0.000343
280016,-0.012014,0.901269,-0.238887,-0.051452,0.276241,-0.065330,-0.957484,62.697945,-0.000343
280020,-0.012438,0.901223,-0.238740,-0.052461,0.275964,-0.066767,-0.957410,63.624573,-0.000343
280023,-0.012720,0.901186,-0.238643,-0.053085,0.276111,-0.067477,-0.957283,65.979424,0.000000
280027,-0.013100,0.901157,-0.238535,-0.053738,0.276329,-0.068769,-0.957092,66.772499,-0.000343
280031,-0.013567,0.901115,-0.238385,-0.054768,0.276099,-0.070358,-0.956985,68.356590,-0.000343
280034,-0.014024,0.901077,-0.238249,-0.055695,0.276338,-0.071637,-0.956767,69.960251,-0.000343
280038,-0.014565,0.901047,-0.238086,-0.056601,0.276422,-0.073312,-0.956563,71.569405,-0.000343
280041,-0.014923,0.901022,-0.237992,-0.057270,0.276436,-0.074259,-0.956446,73.188171,0.000000
280045,-0.015463,0.900966,-0.237839,-0.058292,0.276692,-0.075783,-0.956191,75.486717,-0.000343
280048,-0.015856,0.900922,-0.237722,-0.059024,0.276764,-0.076986,-0.956029,77.291908,-0.000343
280052,-0.016306,0.900871,-0.237579,-0.059934,0.276496,-0.078284,-0.955944,78.118629,0.000000
280055,-0.016643,0.900835,-0.237464,-0.060651,0.276532,-0.079324,-0.955803,79.775505,0.000000
280059,-0.017126,0.900795,-0.237299,-0.061629,0.276886,-0.080776,-0.955516,81.431351,-0.000343
280063,-0.017556,0.900736,-0.237145,-0.062558,0.276612,-0.081981,-0.955433,83.777618,0.000000
280066,-0.017979,0.900691,-0.237027,-0.063282,0.276848,-0.083207,-0.955211,85.641174,0.000000
280070,-0.018493,0.900626,-0.236884,-0.064197,0.277023,-0.084779,-0.954960,87.160378,-0.000343
280073,-0.018910,0.900572,-0.236770,-0.065124,0.276953,-0.086036,-0.954806,88.854675,-0.000343
280077,-0.019600,0.900483,-0.236578,-0.066396,0.277146,-0.087824,-0.954499,89.899750,-0.000343
280080,-0.020137,0.900420,-0.236430,-0.067413,0.277337,-0.089480,-0.954219,91.599197,-0.000343
280084,-0.020703,0.900342,-0.236246,-0.068576,0.277148,-0.091080,-0.954039,94.005203,0.000000
280087,-0.021058,0.900298,-0.236137,-0.069286,0.277256,-0.092117,-0.953857,95.890388,0.000000
280091,-0.021493,0.900247,-0.236012,-0.070069,0.277411,-0.093549,-0.953615,97.616959,-0.000343
280094,-0.021849,0.900193,-0.235905,-0.070778,0.277356,-0.094614,-0.953474,98.463593,0.000000
280098,-0.022355,0.900105,-0.235736,-0.071853,0.277391,-0.096176,-0.953227,100.034294,0.000000
280102,-0.022848,0.900035,-0.235582,-0.072821,0.277523,-0.097952,-0.952934,102.808342,-0.000343
280105,-0.023223,0.899973,-0.235452,-0.073634,0.277498,-0.099107,-0.952760,103.699608,-0.000343
280109,-0.023796,0.899892,-0.235274,-0.074605,0.277684,-0.100880,-0.952444,105.447464,-0.000343
280112,-0.024254,0.899828,-0.235163,-0.075246,0.277830,-0.101953,-0.952236,107.182617,-0.000343
280116,-0.024919,0.899728,-0.234979,-0.076589,0.278155,-0.103729,-0.951843,109.806976,-0.000343
280119,-0.025419,0.899656,-0.234850,-0.077407,0.278446,-0.105002,-0.951552,110.671120,0.000000
280123,-0.026033,0.899572,-0.234688,-0.078416,0.278560,-0.106772,-0.951239,113.125191,-0.000343
280127,-0.026632,0.899464,-0.234500,-0.079582,0.278486,-0.108280,-0.950993,114.167519,-0.000343
280130,-0.027135,0.899377,-0.234373,-0.080465,0.278606,-0.109832,-0.950706,116.784668,-0.000343
280134,-0.027742,0.899269,-0.234193,-0.081720,0.278489,-0.111634,-0.950423,117.654991,0.000000
280137,-0.028190,0.899200,-0.234059,-0.082619,0.278340,-0.113250,-0.950198,120.126228,-0.000343
280141,-0.028765,0.899080,-0.233879,-0.083637,0.278818,-0.114797,-0.949783,121.163406,-0.000343
280144,-0.029089,0.899017,-0.233778,-0.084287,0.278936,-0.115924,-0.949554,123.790512,0.000000
280148,-0.029507,0.898930,-0.233647,-0.085172,0.278596,-0.117079,-0.949433,124.695854,0.000000
280151,-0.029994,0.898836,-0.233522,-0.086056,0.278695,-0.118641,-0.949130,127.136536,0.000000
280155,-0.030641,0.898713,-0.233348,-0.087256,0.278982,-0.120441,-0.948709,129.050903,-0.000343
280159,-0.031215,0.898599,-0.233179,-0.088443,0.278912,-0.122260,-0.948387,130.811806,-0.000343
280162,-0.031633,0.898505,-0.233052,-0.089217,0.279059,-0.123227,-0.948146,131.659470,-0.000343
280165,-0.032035,0.898424,-0.232949,-0.089932,0.279218,-0.124481,-0.947868,133.417625,-0.000343
280169,-0.032522,0.898327,-0.232814,-0.090886,0.278807,-0.125868,-0.947715,136.042328,-0.000343
280173,-0.033141,0.898202,-0.232661,-0.091928,0.279209,-0.127827,-0.947234,136.930504,0.000000
280176,-0.033575,0.898117,-0.232538,-0.092795,0.279290,-0.129031,-0.946962,138.671837,-0.000343
280180,-0.034116,0.897980,-0.232370,-0.093997,0.278968,-0.131018,-0.946665,140.431023,-0.000343
280183,-0.034583,0.897868,-0.232228,-0.094766,0.279106,-0.132221,-0.946381,142.170982,0.000000
280187,-0.035180,0.897726,-0.232047,-0.095930,0.279253,-0.134176,-0.945945,144.801865,-0.000343
280191,-0.035711,0.897605,-0.231894,-0.096916,0.279103,-0.135711,-0.945670,145.670471,-0.000343
280194,-0.036219,0.897491,-0.231755,-0.097823,0.279161,-0.137335,-0.945325,148.122826,-0.000343
280198,-0.036845,0.897345,-0.231598,-0.099015,0.279160,-0.139056,-0.944949,149.867935,-0.000343
280201,-0.037234,0.897253,-0.231498,-0.099781,0.279037,-0.140321,-0.944718,151.793289,0.000000
280205,-0.037841,0.897091,-0.231351,-0.100969,0.279581,-0.141788,-0.944212,152.671509,-0.000343
280208,-0.038290,0.896971,-0.231224,-0.101873,0.279500,-0.143382,-0.943898,155.127983,0.000000
280212,-0.038764,0.896842,-0.231080,-0.102821,0.279212,-0.144701,-0.943679,156.167564,-0.000343
280215,-0.039189,0.896743,-0.230966,-0.103656,0.279370,-0.146180,-0.943313,157.926407,-0.000343
280219,-0.039792,0.896572,-0.230783,-0.104863,0.279593,-0.147833,-0.942856,159.673576,0.000000
280223,-0.040358,0.896415,-0.230605,-0.105912,0.279388,-0.149529,-0.942532,161.420403,-0.000343
280226,-0.040787,0.896296,-0.230473,-0.106669,0.279610,-0.150614,-0.942208,163.870010,-0.000343
280230,-0.041338,0.896140,-0.230336,-0.107793,0.279404,-0.152460,-0.941844,165.797424,-0.000343
280233,-0.041761,0.896012,-0.230218,-0.108647,0.279335,-0.153798,-0.941549,167.540474,-0.000343
280237,-0.042392,0.895836,-0.230058,-0.109811,0.279541,-0.155716,-0.941037,168.427277,-0.000343
280240,-0.042769,0.895739,-0.229964,-0.110483,0.279601,-0.156662,-0.940784,170.878258,-0.000343
280244,-0.043280,0.895582,-0.229814,-0.111564,0.279124,-0.158447,-0.940499,172.806358,-0.000343
280247,-0.043752,0.895436,-0.229667,-0.112545,0.279446,-0.159623,-0.940087,174.549408,-0.000343
280251,-0.044340,0.895251,-0.229494,-0.113823,0.279588,-0.161494,-0.939571,175.422821,-0.000343
280254,-0.044712,0.895127,-0.229374,-0.114581,0.279451,-0.162553,-0.939337,177.176514,-0.000343
280258,-0.045302,0.894944,-0.229216,-0.115687,0.279497,-0.164498,-0.938850,179.624748,-0.000343
280261,-0.045741,0.894804,-0.229079,-0.116608,0.279578,-0.165817,-0.938479,181.539803,0.000000
280265,-0.046285,0.894631,-0.228912,-0.117769,0.279097,-0.167611,-0.938159,183.300362,-0.000343
280269,-0.046986,0.894407,-0.228747,-0.118952,0.279532,-0.169517,-0.937537,184.167938,-0.000343
280272,-0.047455,0.894246,-0.228615,-0.119913,0.279403,-0.171069,-0.937171,185.916481,-0.000343
280276,-0.047958,0.894077,-0.228462,-0.121023,0.279191,-0.172563,-0.936818,188.540840,-0.000343
280279,-0.048349,0.893950,-0.228357,-0.121665,0.279002,-0.173924,-0.936540,189.421806,-0.000343
280283,-0.049489,0.893575,-0.228044,-0.123837,0.279029,-0.177771,-0.935524,191.178246,-0.000343
280286,-0.050137,0.893328,-0.227833,-0.125340,0.278862,-0.179531,-0.935037,193.641930,0.000000
280290,-0.050540,0.893211,-0.227718,-0.125936,0.279294,-0.180455,-0.934650,195.555954,-0.000343
280294,-0.051031,0.893027,-0.227569,-0.127012,0.278893,-0.181906,-0.934343,196.412544,-0.000343
280297,-0.051523,0.892810,-0.227420,-0.128289,0.278615,-0.183610,-0.933918,198.869705,-0.000343
280300,-0.051969,0.892650,-0.227349,-0.129143,0.278304,-0.185293,-0.933561,200.611725,-0.000343
280304,-0.053039,0.892241,-0.227101,-0.131287,0.278936,-0.188216,-0.932488,202.547035,-0.000343
280307,-0.053536,0.892066,-0.226934,-0.132099,0.278927,-0.189791,-0.932056,203.431435,-0.000343
280311,-0.053910,0.891932,-0.226814,-0.132773,0.278785,-0.190753,-0.931807,205.885849,-0.000343
280315,-0.054546,0.891659,-0.226592,-0.134234,0.278746,-0.192831,-0.931181,207.799873,-0.000343
280318,-0.055278,0.891384,-0.226430,-0.135869,0.278334,-0.195366,-0.930538,209.560432,-0.000343
280322,-0.056231,0.890985,-0.226144,-0.137737,0.278520,-0.198265,-0.929594,211.129761,-0.000343
280325,-0.056535,0.890882,-0.226058,-0.138251,0.278510,-0.199034,-0.929357,213.062325,-0.000343
280329,-0.056940,0.890724,-0.225909,-0.139083,0.278033,-0.200474,-0.929066,213.917198,-0.000343
280332,-0.057495,0.890486,-0.225735,-0.140135,0.278153,-0.201938,-0.928555,216.351357,0.000000
280336,-0.058524,0.890047,-0.225541,-0.142297,0.278189,-0.205566,-0.927419,217.423897,-0.000343
280340,-0.059429,0.889619,-0.225256,-0.144457,0.278015,-0.208253,-0.926537,220.068855,-0.000343
280343,-0.059735,0.889521,-0.225177,-0.144871,0.278007,-0.209053,-0.926294,220.928192,-0.000687
280347,-0.060142,0.889341,-0.225044,-0.145652,0.277951,-0.210298,-0.925907,223.379860,-0.000343
280350,-0.060690,0.889109,-0.224885,-0.146690,0.277932,-0.211909,-0.925381,225.291824,-0.000343
280354,-0.061487,0.888768,-0.224753,-0.148316,0.277675,-0.214932,-0.924502,227.047577,-0.000343
280357,-0.062341,0.888372,-0.224515,-0.149795,0.277715,-0.217478,-0.923655,227.923050,0.000000
280361,-0.062900,0.888127,-0.224349,-0.150913,0.277468,-0.219130,-0.923157,229.683266,0.000000
280364,-0.063123,0.888040,-0.224270,-0.151349,0.277419,-0.219787,-0.922944,232.307281,-0.000343
280368,-0.063768,0.887745,-0.224069,-0.152487,0.277421,-0.221719,-0.922294,234.050674,-0.000343
280371,-0.064298,0.887486,-0.223970,-0.153811,0.277113,-0.223722,-0.921683,235.617256,-0.000343
280375,-0.065317,0.887013,-0.223743,-0.155794,0.277279,-0.226949,-0.920510,237.551537,-0.000343
280379,-0.065894,0.886741,-0.223603,-0.156888,0.277253,-0.228633,-0.919915,239.297676,-0.000343
280382,-0.066123,0.886637,-0.223523,-0.157382,0.276984,-0.229247,-0.919759,240.182762,-0.000343
280386,-0.066797,0.886287,-0.223320,-0.158688,0.276949,-0.231152,-0.919068,241.914139,-0.000343
280389,-0.067371,0.885977,-0.223193,-0.160102,0.276562,-0.233093,-0.918449,244.557037,-0.000343
280393,-0.068196,0.885547,-0.222967,-0.162012,0.276572,-0.235781,-0.917424,245.430450,-0.000343
280396,-0.068558,0.885371,-0.222859,-0.162641,0.276653,-0.236871,-0.917008,247.188950,-0.000343
280400,-0.068914,0.885183,-0.222736,-0.163282,0.276534,-0.238111,-0.916609,248.923759,-0.000343
280404,-0.069407,0.884911,-0.222554,-0.164546,0.276339,-0.239679,-0.916032,251.538849,-0.000343
280407,-0.069847,0.884667,-0.222450,-0.165597,0.276190,-0.241315,-0.915458,252.413635,-0.000343
280411,-0.070759,0.884147,-0.222185,-0.167509,0.275848,-0.244377,-0.914401,254.873886,-0.000343
280414,-0.071146,0.883934,-0.222062,-0.168381,0.275548,-0.245527,-0.914023,256.795464,-0.000343
280418,-0.071524,0.883758,-0.221945,-0.168950,0.275730,-0.246657,-0.913559,258.552933,-0.000343
280421,-0.071963,0.883489,-0.221795,-0.170092,0.275645,-0.247854,-0.913048,259.428749,-0.000343
280425,-0.072689,0.883086,-0.221624,-0.171657,0.274983,-0.250580,-0.912211,262.056198,-0.000343
280428,-0.073448,0.882662,-0.221452,-0.173256,0.275243,-0.252867,-0.911198,262.937508,-0.000343
280432,-0.074141,0.882272,-0.221300,-0.174687,0.275398,-0.254887,-0.910315,264.690857,-0.000343
280435,-0.074371,0.882155,-0.221229,-0.175141,0.275154,-0.255729,-0.910065,267.295990,-0.000343
280439,-0.074799,0.881890,-0.221090,-0.176130,0.274983,-0.257002,-0.909567,269.040756,-0.000343
280443,-0.075462,0.881498,-0.220943,-0.177594,0.274841,-0.259203,-0.908700,269.924126,-0.000343
280446,-0.076040,0.881145,-0.220774,-0.178962,0.274705,-0.261385,-0.907848,272.368240,-0.000343
280449,-0.076455,0.880872,-0.220612,-0.179998,0.274428,-0.262759,-0.907330,273.420181,-0.000343
280453,-0.076946,0.880580,-0.220456,-0.180955,0.274542,-0.264201,-0.906686,276.042137,-0.000343
280457,-0.077646,0.880145,-0.220212,-0.182643,0.274109,-0.266618,-0.905771,276.923790,-0.000343
280460,-0.078251,0.879769,-0.220062,-0.183867,0.274030,-0.268605,-0.904960,279.369278,-0.000343
280464,-0.078957,0.879329,-0.219880,-0.185357,0.273989,-0.271054,-0.903937,281.298752,-0.000343
280467,-0.079489,0.879002,-0.219764,-0.186471,0.273681,-0.272838,-0.903265,282.195854,-0.000343
280471,-0.080277,0.878485,-0.219533,-0.188344,0.273466,-0.275349,-0.902178,283.938217,-0.000343
280474,-0.080821,0.878150,-0.219393,-0.189658,0.273793,-0.277147,-0.901253,286.375465,-0.000343
280478,-0.081427,0.877609,-0.219235,-0.190671,0.273820,-0.279773,-0.900219,288.299103,-0.000343
280482,-0.082088,0.877144,-0.219034,-0.192100,0.273708,-0.282270,-0.899169,290.044556,-0.000343
280485,-0.082543,0.876813,-0.218902,-0.193147,0.273555,-0.283952,-0.898462,290.919342,-0.000343
280489,-0.083150,0.876378,-0.218715,-0.194567,0.273066,-0.286196,-0.897592,293.367920,-0.000343
280492,-0.083696,0.876023,-0.218601,-0.195652,0.273102,-0.287974,-0.896776,295.307693,-0.000343
280496,-0.084482,0.875462,-0.218388,-0.197283,0.273049,-0.290921,-0.895482,296.163940,-0.000343
280499,-0.085024,0.875071,-0.218244,-0.198471,0.272657,-0.292859,-0.894707,297.755928,-0.000343
280503,-0.085659,0.874616,-0.218073,-0.199826,0.272428,-0.294834,-0.893826,299.687805,-0.000343
280506,-0.086096,0.874320,-0.217966,-0.200752,0.272483,-0.296269,-0.893127,302.307358,-0.000343
280510,-0.086695,0.873877,-0.217827,-0.202186,0.272049,-0.298662,-0.892139,303.182487,-0.000343
280513,-0.087170,0.873516,-0.217703,-0.203260,0.271733,-0.300337,-0.891428,305.626945,-0.000343
280517,-0.087784,0.873061,-0.217551,-0.204608,0.272012,-0.302233,-0.890393,307.547836,-0.000343
280521,-0.088400,0.872593,-0.217355,-0.206071,0.271528,-0.304306,-0.889497,308.408546,-0.000343
280524,-0.088931,0.872199,-0.217184,-0.207363,0.271295,-0.306064,-0.888664,310.170479,-0.000343
280528,-0.089536,0.871767,-0.216956,-0.209098,0.271442,-0.308251,-0.887456,312.627983,-0.000343
280531,-0.090026,0.871374,-0.216829,-0.210162,0.271188,-0.309897,-0.886709,314.558144,-0.000343
280535,-0.090678,0.870887,-0.216651,-0.211659,0.271075,-0.311867,-0.885696,315.432930,0.000000
280538,-0.091135,0.870552,-0.216541,-0.212609,0.270859,-0.313297,-0.885030,317.175293,-0.000343
280542,-0.091747,0.870093,-0.216398,-0.213931,0.270293,-0.315189,-0.884212,319.810295,-0.000343
280546,-0.092373,0.869632,-0.216224,-0.215641,0.270525,-0.317743,-0.882811,320.677872,-0.000343
280549,-0.092782,0.869298,-0.216117,-0.216624,0.270405,-0.319123,-0.882109,322.429161,-0.000343
280553,-0.093307,0.868851,-0.215971,-0.217749,0.269677,-0.320996,-0.881375,324.174271,-0.000343
280556,-0.093732,0.868466,-0.215844,-0.218577,0.269518,-0.322226,-0.880769,326.790390,-0.000343
280560,-0.094376,0.867905,-0.215668,-0.220025,0.269245,-0.324444,-0.879677,327.667580,-0.000343
280563,-0.094847,0.867506,-0.215550,-0.221048,0.268876,-0.325989,-0.878962,330.131950,-0.000343
280567,-0.095480,0.866983,-0.215400,-0.222392,0.268530,-0.328213,-0.877900,331.176338,-0.000343
280570,-0.095904,0.866659,-0.215304,-0.223454,0.268554,-0.329627,-0.877093,333.798981,-0.000343
280574,-0.096428,0.866215,-0.215167,-0.224576,0.268142,-0.331518,-0.876220,335.386848,-0.000343
280577,-0.096907,0.865798,-0.215053,-0.225489,0.267970,-0.333056,-0.875454,337.300873,-0.000343
280581,-0.097654,0.865147,-0.214869,-0.227148,0.267974,-0.335480,-0.874098,338.180466,-0.000343
280584,-0.098165,0.864709,-0.214748,-0.228104,0.267578,-0.337240,-0.873292,339.927979,-0.000343
280588,-0.098748,0.864226,-0.214565,-0.229701,0.267433,-0.339239,-0.872144,342.382736,-0.000343
280591,-0.099133,0.863899,-0.214470,-0.230562,0.267325,-0.340576,-0.871428,343.413734,-0.000343
280595,-0.099603,0.863453,-0.214357,-0.231697,0.267026,-0.342422,-0.870494,345.176010,-0.000343
280599,-0.100185,0.862870,-0.214220,-0.233196,0.266949,-0.344542,-0.869280,347.616005,-0.000343
280602,-0.100659,0.862416,-0.214116,-0.234330,0.266815,-0.346352,-0.868297,349.545479,-0.000343
280606,-0.101169,0.861912,-0.213981,-0.235533,0.266290,-0.348327,-0.867342,351.302261,-0.000343
280609,-0.101537,0.861564,-0.213868,-0.236384,0.266183,-0.349667,-0.866604,352.186317,-0.000343
280613,-0.102090,0.861064,-0.213721,-0.237702,0.266190,-0.351727,-0.865407,354.628716,-0.000343
280616,-0.102502,0.860657,-0.213612,-0.238721,0.266053,-0.353243,-0.864550,356.540337,-0.000343
280620,-0.103064,0.860111,-0.213471,-0.239939,0.265696,-0.355420,-0.863430,358.292313,-0.000343
280624,-0.103657,0.859546,-0.213301,-0.241391,0.265466,-0.357696,-0.862155,359.173965,-0.000343
280627,-0.104034,0.859196,-0.213220,-0.242186,0.265116,-0.358827,-0.861570,360.917358,-0.000343
280631,-0.104565,0.858684,-0.213077,-0.243436,0.264989,-0.360848,-0.860412,363.547554,-0.000343
280634,-0.104999,0.858233,-0.212986,-0.244523,0.264913,-0.362443,-0.859456,364.418907,-0.000343
280638,-0.105587,0.857692,-0.212937,-0.245616,0.263274,-0.364802,-0.858650,366.177063,-0.000343
280641,-0.106011,0.857258,-0.212840,-0.246643,0.263149,-0.366367,-0.857727,367.928696,-0.000343
280645,-0.106613,0.856637,-0.212700,-0.248085,0.263222,-0.368496,-0.856375,370.555801,-0.000343
280648,-0.106982,0.856281,-0.212614,-0.248914,0.262873,-0.369864,-0.855652,372.313614,-0.000343
280652,-0.107477,0.855786,-0.212485,-0.250172,0.262545,-0.371629,-0.854620,373.181190,-0.000343
280656,-0.107936,0.855311,-0.212391,-0.251343,0.262559,-0.373375,-0.853511,375.628052,-0.000343
280659,-0.108249,0.854954,-0.212311,-0.252113,0.262207,-0.374794,-0.852770,376.664886,-0.000343
280662,-0.108603,0.854569,-0.212223,-0.252979,0.261960,-0.376228,-0.851957,378.409996,-0.000343
280666,-0.109103,0.854017,-0.212093,-0.254265,0.262086,-0.377926,-0.850783,380.172615,-0.000343
280670,-0.109528,0.853552,-0.211967,-0.255194,0.261498,-0.379294,-0.850077,382.616386,-0.000343
280673,-0.109870,0.853169,-0.211867,-0.255909,0.261286,-0.380514,-0.849382,384.551697,0.000000
280677,-0.110323,0.852637,-0.211767,-0.256966,0.261115,-0.382133,-0.848388,385.417900,-0.000343
280680,-0.110672,0.852203,-0.211688,-0.257796,0.260729,-0.383567,-0.847607,387.169189,-0.000343
280684,-0.111216,0.851559,-0.211576,-0.258959,0.260136,-0.385501,-0.846557,389.619827,-0.000343
280688,-0.111651,0.851083,-0.211499,-0.259753,0.259697,-0.387114,-0.845712,391.550331,-0.000343
280691,-0.111954,0.850761,-0.211445,-0.260308,0.259299,-0.388069,-0.845225,392.422714,-0.000343
280695,-0.112472,0.850162,-0.211356,-0.261322,0.258838,-0.389991,-0.844169,394.891205,-0.000343
280698,-0.112803,0.849751,-0.211309,-0.262055,0.258624,-0.391144,-0.843473,395.901947,0.000000
280702,-0.113097,0.849494,-0.211078,-0.264428,0.260456,-0.393797,-0.840931,398.506050,-0.000343
280705,-0.113415,0.849089,-0.210988,-0.265430,0.260362,-0.394919,-0.840118,399.391479,-0.000343
280709,-0.113885,0.848485,-0.210842,-0.266709,0.260226,-0.396905,-0.838818,401.806755,-0.000343
280712,-0.114190,0.848128,-0.210742,-0.267517,0.260042,-0.398074,-0.838063,403.702583,-0.000343
280716,-0.114601,0.847611,-0.210603,-0.268642,0.259692,-0.399746,-0.837016,404.569473,-0.000343
280720,-0.115080,0.847005,-0.210457,-0.269956,0.259463,-0.401719,-0.835718,406.290550,-0.000343
280723,-0.115422,0.846577,-0.210377,-0.270879,0.259091,-0.403316,-0.834765,407.845459,-0.000343
280727,-0.115891,0.846009,-0.210291,-0.272208,0.259136,-0.404865,-0.833568,410.584145,-0.000343
280730,-0.116257,0.845584,-0.210258,-0.272952,0.258801,-0.406467,-0.832649,411.430092,-0.000343
280734,-0.116661,0.845098,-0.210203,-0.273948,0.258356,-0.408072,-0.831674,413.131256,-0.000343
280737,-0.116932,0.844735,-0.210151,-0.274680,0.258011,-0.409315,-0.830929,415.501213,-0.000343
280741,-0.117329,0.844179,-0.210080,-0.275780,0.257933,-0.411007,-0.829752,417.331467,-0.000343
280744,-0.117637,0.843712,-0.209974,-0.276618,0.257542,-0.412671,-0.828768,418.179131,-0.000343
280748,-0.118037,0.843124,-0.209793,-0.277996,0.257263,-0.414449,-0.827506,419.846992,-0.000343
280751,-0.118327,0.842713,-0.209667,-0.278948,0.257217,-0.415671,-0.826587,421.497345,-0.000343
280755,-0.118711,0.842188,-0.209510,-0.280055,0.256849,-0.417118,-0.825597,423.985405,-0.000343
280759,-0.119000,0.841742,-0.209314,-0.279661,0.254874,-0.419115,-0.825331,424.797363,-0.000343
280762,-0.119338,0.841330,-0.209271,-0.280539,0.254746,-0.420555,-0.824340,426.429863,-0.000343
280766,-0.119873,0.840620,-0.209323,-0.281753,0.254415,-0.422931,-0.822811,428.695107,-0.000343
280769,-0.120229,0.840185,-0.209306,-0.282507,0.254138,-0.424119,-0.822026,430.469398,-0.000343
280773,-0.120666,0.839668,-0.209260,-0.283524,0.254033,-0.425851,-0.820812,431.272774,-0.000343
280776,-0.120929,0.839312,-0.209210,-0.284194,0.253857,-0.426891,-0.820094,433.501625,-0.000343
280780,-0.121242,0.838818,-0.209107,-0.285218,0.253478,-0.428442,-0.819046,435.233345,-0.000343
280783,-0.121451,0.838439,-0.209011,-0.286075,0.253446,-0.429310,-0.818303,436.772804,-0.000343
280787,-0.121715,0.837965,-0.208873,-0.287097,0.253141,-0.431051,-0.817123,437.561760,-0.000343
280790,-0.121962,0.837557,-0.208747,-0.287949,0.252882,-0.432146,-0.816325,438.940544,-0.000343
280794,-0.122318,0.837043,-0.208618,-0.288981,0.252766,-0.433674,-0.815185,441.402168,-0.000343
280798,-0.122648,0.836614,-0.208507,-0.289907,0.252346,-0.434927,-0.814318,442.915192,-0.000343
280801,-0.122950,0.836249,-0.208460,-0.290546,0.252112,-0.436236,-0.813462,443.663292,-0.000343
280805,-0.123341,0.835757,-0.208443,-0.291410,0.251905,-0.437515,-0.812530,445.145073,-0.000343
280808,-0.123612,0.835430,-0.208427,-0.292023,0.251628,-0.438622,-0.811798,446.603508,-0.000343
280812,-0.123996,0.834963,-0.208322,-0.293949,0.251966,-0.440388,-0.810041,448.648682,-0.000343
280815,-0.124313,0.834512,-0.208262,-0.294786,0.251730,-0.441733,-0.809077,450.087891,-0.000343
280819,-0.124643,0.834031,-0.208177,-0.295744,0.251497,-0.443051,-0.808078,450.938301,-0.000343
280822,-0.124855,0.833701,-0.208109,-0.296352,0.251242,-0.444155,-0.807329,452.353134,-0.000343
280826,-0.125124,0.833230,-0.208033,-0.297402,0.251281,-0.445171,-0.806370,453.615189,-0.000343
280830,-0.125326,0.832854,-0.207973,-0.298117,0.250852,-0.446487,-0.805512,455.122375,-0.000343
280833,-0.125516,0.832536,-0.207941,-0.298778,0.250764,-0.447245,-0.804873,457.011337,-0.000343
280836,-0.125724,0.832192,-0.207901,-0.299438,0.250600,-0.448300,-0.804092,457.814026,-0.000343
280840,-0.126065,0.831679,-0.207847,-0.300480,0.250471,-0.449661,-0.802983,459.794312,0.000000
280844,-0.126374,0.831225,-0.207774,-0.301437,0.250203,-0.450983,-0.801965,461.093102,-0.000343
280847,-0.126577,0.830935,-0.207730,-0.302085,0.250203,-0.451678,-0.801330,461.736832,-0.000343
280851,-0.126856,0.830526,-0.207648,-0.302742,0.249810,-0.453080,-0.800413,463.012962,-0.000343
280854,-0.127085,0.830173,-0.207570,-0.303475,0.249584,-0.453963,-0.799705,464.255104,-0.000343
280858,-0.127381,0.829697,-0.207505,-0.304258,0.249396,-0.455425,-0.798634,465.482140,0.000000
280861,-0.127569,0.829409,-0.207465,-0.304882,0.249337,-0.456172,-0.797989,467.146912,0.000000
280865,-0.127830,0.828974,-0.207413,-0.305702,0.248892,-0.457517,-0.797043,468.429222,-0.000343
280869,-0.128095,0.828501,-0.207417,-0.306607,0.248916,-0.458677,-0.796020,469.589653,-0.000343
280872,-0.128268,0.828207,-0.207414,-0.307164,0.248698,-0.459583,-0.795351,470.600739,0.000000
280876,-0.128495,0.827847,-0.207392,-0.307839,0.248468,-0.460529,-0.794614,471.275024,0.000000
280879,-0.128691,0.827518,-0.207358,-0.308448,0.248316,-0.461466,-0.793882,472.932930,0.000000
280883,-0.128930,0.827123,-0.207289,-0.309117,0.248027,-0.462586,-0.793060,473.437614,0.000000
280886,-0.129083,0.826872,-0.207237,-0.309539,0.247840,-0.463418,-0.792467,474.898796,-0.000343
280890,-0.129290,0.826513,-0.207176,-0.310277,0.247852,-0.464153,-0.791745,475.516090,0.000000
280893,-0.129444,0.826245,-0.207129,-0.310676,0.247677,-0.465019,-0.791134,476.506920,-0.000343
280897,-0.129617,0.825938,-0.207076,-0.311279,0.247305,-0.465808,-0.790549,477.468567,-0.000343
280900,-0.129792,0.825658,-0.207056,-0.311773,0.247190,-0.466624,-0.789910,478.817825,0.000000
280904,-0.130013,0.825339,-0.207051,-0.312335,0.247090,-0.467449,-0.789230,479.831314,0.000000
280908,-0.130491,0.824375,-0.206939,-0.314331,0.246115,-0.469983,-0.787235,480.635719,-0.000343
280911,-0.130849,0.823746,-0.206857,-0.315631,0.245623,-0.471424,-0.786006,481.168213,0.000000
280915,-0.130876,0.823797,-0.206873,-0.315252,0.245587,-0.471606,-0.786060,482.427177,0.000000
280918,-0.130950,0.823693,-0.206824,-0.315402,0.245666,-0.471773,-0.785876,483.136826,0.000000
280922,-0.131158,0.823230,-0.206750,-0.316369,0.245547,-0.472895,-0.784849,483.609238,-0.000343
280925,-0.131129,0.823133,-0.206717,-0.316583,0.245355,-0.473181,-0.784650,484.736366,0.000000
280929,-0.131209,0.823042,-0.206736,-0.316597,0.245197,-0.473696,-0.784383,485.122261,-0.000343
280932,-0.131313,0.822784,-0.206670,-0.317185,0.245104,-0.474174,-0.783886,486.180725,0.000000
280936,-0.131467,0.822541,-0.206644,-0.317596,0.244962,-0.474863,-0.783346,486.552200,0.000000
280940,-0.131680,0.822117,-0.206754,-0.317383,0.245593,-0.477987,-0.781332,487.500114,0.000000
280943,-0.131859,0.821907,-0.206773,-0.317565,0.245611,-0.478739,-0.780792,488.220406,0.000000
280946,-0.131979,0.821714,-0.206760,-0.317988,0.245587,-0.479183,-0.780355,488.543816,-0.000343
280950,-0.132055,0.821544,-0.206740,-0.318305,0.245243,-0.479714,-0.780008,489.157677,0.000000
280953,-0.132089,0.821400,-0.206717,-0.318615,0.245126,-0.479964,-0.779764,489.742699,0.000000
280957,-0.132173,0.821154,-0.206698,-0.318979,0.245207,-0.480707,-0.779132,490.575600,0.000000
280961,-0.132212,0.821036,-0.206676,-0.319212,0.245075,-0.480967,-0.778918,491.087837,0.000000
280964,-0.132258,0.820879,-0.206634,-0.319519,0.244963,-0.481371,-0.778578,491.311684,0.000000
280968,-0.132361,0.820694,-0.206596,-0.319832,0.244928,-0.481825,-0.778179,491.851387,0.000000
280971,-0.132453,0.820566,-0.206566,-0.320059,0.244760,-0.482284,-0.777854,492.534256,0.000000
280975,-0.132624,0.820344,-0.206568,-0.320477,0.244916,-0.482701,-0.777374,493.053703,0.000000
280979,-0.132718,0.820194,-0.206559,-0.320743,0.244701,-0.483253,-0.776989,493.244934,0.000000
280982,-0.132749,0.820104,-0.206557,-0.320943,0.244568,-0.483442,-0.776831,493.685417,0.000000
280986,-0.132805,0.819961,-0.206557,-0.321183,0.244660,-0.483821,-0.776467,494.238510,0.000000
280989,-0.132831,0.819902,-0.206555,-0.321248,0.244649,-0.483988,-0.776339,494.655304,0.000000
280993,-0.132860,0.819791,-0.206497,-0.321483,0.244458,-0.484283,-0.776118,494.847221,-0.000343
280996,-0.132896,0.819687,-0.206453,-0.321715,0.244509,-0.484402,-0.775931,495.337143,0.000000
281000,-0.132960,0.819546,-0.206412,-0.321973,0.244418,-0.484805,-0.775602,495.467262,0.000343
281003,-0.133011,0.819459,-0.206403,-0.322158,0.244260,-0.485026,-0.775436,495.819855,0.000000
281007,-0.133102,0.819282,-0.206409,-0.322443,0.244239,-0.485523,-0.775013,496.264458,0.000000
281011,-0.133137,0.819217,-0.206426,-0.322501,0.244019,-0.485849,-0.774854,496.603317,0.000000
281014,-0.133179,0.819156,-0.206431,-0.322610,0.243946,-0.486020,-0.774724,496.874199,0.000000
281018,-0.133275,0.819010,-0.206440,-0.322823,0.244071,-0.486315,-0.774411,497.021828,0.000000
281021,-0.133312,0.818939,-0.206422,-0.322950,0.244014,-0.486550,-0.774228,497.379570,0.000000
281025,-0.133362,0.818855,-0.206381,-0.323096,0.243834,-0.486763,-0.774090,497.607880,0.000000
281028,-0.133370,0.818780,-0.206341,-0.323284,0.243815,-0.486914,-0.773923,497.707100,0.000000
281032,-0.133397,0.818712,-0.206324,-0.323272,0.243819,-0.487130,-0.773791,497.983131,0.000000
281035,-0.133411,0.818668,-0.206307,-0.323349,0.243704,-0.487313,-0.773680,498.071709,0.000000
281039,-0.133446,0.818597,-0.206304,-0.323547,0.243822,-0.487274,-0.773584,498.333321,0.000000
281042,-0.133465,0.818559,-0.206306,-0.323555,0.243797,-0.487510,-0.773440,498.483696,0.000000
281046,-0.133498,0.818529,-0.206313,-0.323672,0.243660,-0.487525,-0.773425,498.676987,0.000000
281050,-0.133561,0.818446,-0.206331,-0.323791,0.243853,-0.487792,-0.773146,498.759727,0.000000
281053,-0.133594,0.818415,-0.206325,-0.323816,0.243774,-0.487870,-0.773111,498.966751,0.000343
281057,-0.133599,0.818376,-0.206294,-0.323879,0.243617,-0.488018,-0.773040,499.056015,0.000343
281060,-0.133610,0.818334,-0.206277,-0.323962,0.243661,-0.488077,-0.772955,499.162445,-0.000343
281064,-0.133614,0.818282,-0.206258,-0.324054,0.243672,-0.488257,-0.772799,499.248962,0.000000
281067,-0.133607,0.818268,-0.206249,-0.324099,0.243631,-0.488298,-0.772767,499.337540,0.000000
281071,-0.133617,0.818228,-0.206245,-0.324165,0.243641,-0.488329,-0.772717,499.443626,0.000000
281074,-0.133624,0.818206,-0.206247,-0.324231,0.243723,-0.488341,-0.772655,499.473839,0.000000
281078,-0.133641,0.818210,-0.206258,-0.324137,0.243493,-0.488566,-0.772626,499.588165,0.000000
281082,-0.133686,0.818150,-0.206278,-0.324232,0.243629,-0.488696,-0.772460,499.637947,0.000343
281085,-0.133706,0.818135,-0.206287,-0.324273,0.243620,-0.488702,-0.772442,499.741631,0.000000
281089,-0.133700,0.818141,-0.206285,-0.324248,0.243455,-0.488824,-0.772427,499.776649,0.000343
281092,-0.133702,0.818115,-0.206282,-0.324337,0.243528,-0.488757,-0.772410,499.841537,0.000343
281096,-0.133697,0.818097,-0.206280,-0.324286,0.243528,-0.488925,-0.772325,499.873810,0.000000
281099,-0.133689,0.818094,-0.206261,-0.324307,0.243433,-0.488934,-0.772340,499.896812,0.000000
281103,-0.133692,0.818061,-0.206246,-0.324447,0.243547,-0.488827,-0.772313,499.908485,0.000000
281106,-0.133697,0.818045,-0.206242,-0.324396,0.243586,-0.488952,-0.772243,499.915352,0.000000
281110,-0.133696,0.818059,-0.206242,-0.324409,0.243406,-0.488913,-0.772319,499.943504,0.000343
281114,-0.133715,0.818037,-0.206251,-0.324446,0.243579,-0.488855,-0.772286,499.955521,0.000343
281117,-0.133721,0.818029,-0.206256,-0.324450,0.243530,-0.488979,-0.772221,499.978867,0.000343
281121,-0.133713,0.818057,-0.206246,-0.324456,0.243401,-0.488844,-0.772345,499.991570,0.000000
281124,-0.133722,0.818035,-0.206243,-0.324450,0.243471,-0.488955,-0.772255,499.997063,0.000000
281128,-0.133726,0.818012,-0.206225,-0.324492,0.243538,-0.488925,-0.772235,500.001183,0.000343
281131,-0.133718,0.818019,-0.206212,-0.324508,0.243471,-0.488995,-0.772205,500.004959,0.000343
281135,-0.133720,0.818000,-0.206203,-0.324571,0.243561,-0.488904,-0.772207,500.005989,0.000343
281139,-0.133718,0.818005,-0.206202,-0.324449,0.243389,-0.489175,-0.772141,500.007362,0.000343
281142,-0.133720,0.818023,-0.206221,-0.324454,0.243368,-0.489024,-0.772242,500.008049,0.000343
281145,-0.133720,0.818019,-0.206235,-0.324481,0.243395,-0.488976,-0.772252,500.008736,0.000343
281149,-0.133748,0.817984,-0.206268,-0.324515,0.243507,-0.489053,-0.772154,500.008736,0.000343
281153,-0.133743,0.818013,-0.206289,-0.324453,0.243345,-0.489066,-0.772223,500.008736,0.000343
281156,-0.133747,0.818000,-0.206302,-0.324541,0.243448,-0.489032,-0.772175,500.008736,0.000343
281160,-0.133754,0.817991,-0.206306,-0.324463,0.243421,-0.489255,-0.772075,500.008736,0.000343
281163,-0.133733,0.818007,-0.206285,-0.324482,0.243357,-0.489148,-0.772155,500.008736,0.000343
281167,-0.133740,0.817972,-0.206255,-0.324535,0.243486,-0.489130,-0.772104,500.008736,0.000343
281170,-0.133725,0.817968,-0.206236,-0.324529,0.243512,-0.489097,-0.772118,500.008736,0.000343
281174,-0.133688,0.817990,-0.206198,-0.324554,0.243354,-0.489110,-0.772149,500.008392,0.000343
281177,-0.133677,0.817986,-0.206185,-0.324568,0.243387,-0.489054,-0.772169,500.008736,0.000343
281181,-0.133688,0.817966,-0.206200,-0.324580,0.243550,-0.489105,-0.772080,500.008736,0.000343
281184,-0.133696,0.817969,-0.206209,-0.324565,0.243465,-0.489135,-0.772095,500.008736,0.000687
281188,-0.133706,0.817985,-0.206231,-0.324505,0.243437,-0.489107,-0.772146,500.008392,0.000343
281192,-0.133725,0.817980,-0.206260,-0.324565,0.243494,-0.489030,-0.772152,500.008392,0.000343
281195,-0.133736,0.817980,-0.206275,-0.324453,0.243356,-0.489164,-0.772157,500.008392,0.000343
281199,-0.133744,0.817973,-0.206284,-0.324606,0.243567,-0.488981,-0.772143,500.008392,0.000343
281202,-0.133739,0.817963,-0.206283,-0.324610,0.243571,-0.489076,-0.772080,500.008392,0.000343
281206,-0.133704,0.818007,-0.206259,-0.324495,0.243367,-0.489047,-0.772210,500.008392,0.000343
281209,-0.133688,0.818000,-0.206238,-0.324522,0.243387,-0.489049,-0.772192,500.008392,0.000343
281213,-0.133694,0.817959,-0.206213,-0.324573,0.243527,-0.489061,-0.772118,500.008392,0.000343
281216,-0.133686,0.817971,-0.206197,-0.324568,0.243482,-0.489066,-0.772131,500.008049,0.000343
281220,-0.133693,0.817960,-0.206192,-0.324653,0.243506,-0.488997,-0.772131,500.008049,0.000343
281224,-0.133703,0.817956,-0.206217,-0.324540,0.243451,-0.489197,-0.772070,500.007706,0.000343
281227,-0.133699,0.817988,-0.206237,-0.324537,0.243392,-0.489054,-0.772180,500.007706,0.000343
281231,-0.133721,0.817964,-0.206273,-0.324531,0.243451,-0.489191,-0.772077,500.007019,0.000687
281234,-0.133728,0.817970,-0.206285,-0.324530,0.243536,-0.489132,-0.772089,500.006676,0.000343
281238,-0.133730,0.817984,-0.206267,-0.324489,0.243353,-0.489241,-0.772094,500.005989,0.000343
281241,-0.133733,0.817976,-0.206255,-0.324556,0.243372,-0.489127,-0.772132,500.003929,0.000343
281245,-0.133731,0.817943,-0.206244,-0.324572,0.243500,-0.489187,-0.772047,500.002556,0.000343
281248,-0.133711,0.817956,-0.206232,-0.324604,0.243481,-0.489146,-0.772066,500.001183,0.000343
281252,-0.133692,0.817977,-0.206226,-0.324548,0.243422,-0.489094,-0.772141,500.000496,0.000343
281256,-0.133691,0.817974,-0.206232,-0.324574,0.243510,-0.489045,-0.772133,499.998093,0.000343
281259,-0.133699,0.817977,-0.206228,-0.324518,0.243370,-0.489202,-0.772101,499.998093,0.000343
281262,-0.133700,0.817984,-0.206227,-0.324500,0.243331,-0.489182,-0.772134,499.997406,0.000343
281266,-0.133718,0.817944,-0.206234,-0.324646,0.243562,-0.489123,-0.772038,499.996376,0.000343
281270,-0.133697,0.817991,-0.206231,-0.324544,0.243386,-0.489011,-0.772207,499.996033,0.000343
281273,-0.133692,0.817988,-0.206230,-0.324536,0.243375,-0.489081,-0.772168,499.995689,0.000343
281277,-0.133711,0.817958,-0.206228,-0.324582,0.243566,-0.489065,-0.772099,499.995346,0.000343
281280,-0.133714,0.817966,-0.206234,-0.324535,0.243487,-0.489123,-0.772108,499.995346,0.000343
281284,-0.133721,0.817962,-0.206234,-0.324627,0.243509,-0.489027,-0.772123,499.995346,0.000343
281287,-0.133742,0.817954,-0.206248,-0.324619,0.243539,-0.489061,-0.772095,499.995003,0.000343
281291,-0.133744,0.817982,-0.206262,-0.324549,0.243392,-0.489053,-0.772176,499.995346,0.000687
281295,-0.133766,0.817957,-0.206275,-0.324554,0.243479,-0.489172,-0.772071,499.995003,0.000343
281298,-0.133759,0.817961,-0.206271,-0.324558,0.243568,-0.489106,-0.772083,499.995346,0.000343
281302,-0.133738,0.817975,-0.206241,-0.324489,0.243329,-0.489220,-0.772115,499.995346,0.000343
281305,-0.133720,0.817971,-0.206222,-0.324547,0.243378,-0.489100,-0.772151,499.995003,0.000343
281309,-0.133702,0.817944,-0.206218,-0.324597,0.243506,-0.489163,-0.772050,499.995346,0.000343
281312,-0.133678,0.817954,-0.206218,-0.324641,0.243483,-0.489041,-0.772116,499.995689,0.000343
281316,-0.133670,0.817978,-0.206226,-0.324538,0.243391,-0.489116,-0.772141,499.995346,0.000343
281319,-0.133689,0.817964,-0.206241,-0.324599,0.243525,-0.489047,-0.772117,499.995003,0.000343
281323,-0.133721,0.817975,-0.206247,-0.324463,0.243336,-0.489272,-0.772091,499.995003,0.000343
281327,-0.133762,0.817951,-0.206264,-0.324607,0.243545,-0.489040,-0.772112,499.995003,0.000343
281330,-0.133788,0.817933,-0.206270,-0.324600,0.243558,-0.489205,-0.772006,499.995003,0.000343
281333,-0.133781,0.817939,-0.206278,-0.324567,0.243528,-0.489218,-0.772021,499.995346,0.000343
281337,-0.133738,0.817979,-0.206268,-0.324542,0.243382,-0.489157,-0.772116,499.995346,0.000343
281341,-0.133717,0.817959,-0.206261,-0.324573,0.243541,-0.489071,-0.772107,499.995003,0.000343
281344,-0.133697,0.817970,-0.206244,-0.324526,0.243479,-0.489183,-0.772076,499.995003,0.000343
281348,-0.133686,0.817969,-0.206221,-0.324624,0.243480,-0.488963,-0.772173,499.995346,0.000343
281351,-0.133707,0.817947,-0.206220,-0.324604,0.243559,-0.489086,-0.772079,499.995346,0.000343
281355,-0.133706,0.817976,-0.206221,-0.324614,0.243431,-0.488996,-0.772172,499.995346,0.000343
281358,-0.133720,0.817976,-0.206231,-0.324567,0.243368,-0.489091,-0.772152,499.995003,0.000343
281362,-0.133740,0.817964,-0.206260,-0.324606,0.243569,-0.489031,-0.772110,499.995003,0.000343
281366,-0.133739,0.817987,-0.206262,-0.324490,0.243347,-0.489210,-0.772115,499.995003,0.000343
281369,-0.133741,0.817986,-0.206258,-0.324533,0.243399,-0.489046,-0.772185,499.995003,0.000343
281373,-0.133747,0.817952,-0.206247,-0.324585,0.243510,-0.489170,-0.772050,499.995346,0.000343
281376,-0.133735,0.817957,-0.206234,-0.324638,0.243505,-0.489039,-0.772112,499.995346,0.000343
281380,-0.133726,0.817962,-0.206219,-0.324601,0.243446,-0.489147,-0.772078,499.995346,0.000343
281383,-0.133714,0.817958,-0.206225,-0.324623,0.243563,-0.489010,-0.772118,499.995003,0.000343
281387,-0.133709,0.817973,-0.206231,-0.324508,0.243375,-0.489231,-0.772085,499.995346,0.000343
281390,-0.133703,0.817995,-0.206237,-0.324480,0.243321,-0.489119,-0.772186,499.995346,0.000343
281394,-0.133739,0.817947,-0.206262,-0.324551,0.243536,-0.489201,-0.772036,499.995346,0.000343
281398,-0.133735,0.817989,-0.206265,-0.324530,0.243373,-0.489050,-0.772192,499.995346,0.000343
281401,-0.133747,0.817986,-0.206272,-0.324525,0.243357,-0.489172,-0.772121,499.995346,0.000343
281405,-0.133762,0.817956,-0.206274,-0.324563,0.243523,-0.489128,-0.772081,499.995346,0.000343
281408,-0.133756,0.817967,-0.206261,-0.324474,0.243414,-0.489278,-0.772058,499.995346,0.000343
281412,-0.133738,0.817968,-0.206242,-0.324562,0.243474,-0.489026,-0.772162,499.995346,0.000343
281415,-0.133743,0.817950,-0.206241,-0.324591,0.243521,-0.489143,-0.772061,499.995346,0.000343
281419,-0.133715,0.817983,-0.206234,-0.324580,0.243418,-0.489009,-0.772183,499.995689,0.000343
281422,-0.133719,0.817978,-0.206237,-0.324537,0.243381,-0.489138,-0.772130,499.995689,0.000343
281426,-0.133733,0.817962,-0.206260,-0.324612,0.243559,-0.488999,-0.772131,499.995689,0.000343
281429,-0.133740,0.817962,-0.206273,-0.324521,0.243521,-0.489182,-0.772065,499.995689,0.000343
281433,-0.133745,0.817987,-0.206276,-0.324526,0.243412,-0.489062,-0.772173,499.995689,0.000343
281437,-0.133762,0.817951,-0.206284,-0.324575,0.243529,-0.489195,-0.772032,499.996033,0.000343
281440,-0.133755,0.817971,-0.206273,-0.324566,0.243461,-0.489044,-0.772153,499.996033,0.000343
281444,-0.133749,0.817970,-0.206260,-0.324603,0.243468,-0.489094,-0.772103,499.996033,0.000343
281447,-0.133745,0.817969,-0.206254,-0.324633,0.243596,-0.488931,-0.772153,499.996033,0.000343
281451,-0.133741,0.817971,-0.206234,-0.324472,0.243332,-0.489221,-0.772121,499.996376,0.000343
281454,-0.133735,0.817986,-0.206231,-0.324523,0.243366,-0.489062,-0.772189,499.996376,0.000343
281458,-0.133756,0.817948,-0.206242,-0.324556,0.243559,-0.489188,-0.772035,499.996719,0.000343
281461,-0.133752,0.817953,-0.206244,-0.324592,0.243537,-0.489102,-0.772081,499.996376,0.000343
281465,-0.133730,0.817976,-0.206255,-0.324534,0.243397,-0.489140,-0.772125,499.996719,0.000343
281468,-0.133722,0.817973,-0.206269,-0.324634,0.243495,-0.488945,-0.772176,499.997063,0.000343
281472,-0.133721,0.817976,-0.206283,-0.324470,0.243396,-0.489248,-0.772084,499.997406,0.000343
281476,-0.133711,0.817983,-0.206282,-0.324529,0.243476,-0.489055,-0.772156,499.997406,0.000343
281479,-0.133726,0.817955,-0.206273,-0.324529,0.243484,-0.489234,-0.772040,499.997406,0.000343
281483,-0.133716,0.817983,-0.206255,-0.324511,0.243383,-0.489090,-0.772171,499.998093,0.000343
281486,-0.133728,0.817983,-0.206240,-0.324490,0.243330,-0.489172,-0.772144,499.998093,0.000343
281490,-0.133751,0.817940,-0.206241,-0.324620,0.243593,-0.489071,-0.772071,499.998779,0.000343
281493,-0.133747,0.817951,-0.206243,-0.324531,0.243476,-0.489223,-0.772049,499.998779,0.000343
281497,-0.133731,0.817983,-0.206241,-0.324536,0.243404,-0.489066,-0.772169,499.999123,0.000343
281500,-0.133734,0.817970,-0.206254,-0.324520,0.243461,-0.489177,-0.772088,499.999809,0.000343
281504,-0.133723,0.817978,-0.206262,-0.324555,0.243462,-0.489048,-0.772155,499.999809,0.000343
281508,-0.133723,0.817964,-0.206259,-0.324594,0.243485,-0.489023,-0.772146,500.000153,0.000687
281511,-0.133717,0.817962,-0.206259,-0.324662,0.243581,-0.488925,-0.772150,500.000496,0.000343
281515,-0.133708,0.817983,-0.206254,-0.324475,0.243351,-0.489152,-0.772157,500.000496,0.000343
281518,-0.133699,0.817987,-0.206252,-0.324491,0.243414,-0.489053,-0.772193,500.000839,0.000343
281522,-0.133707,0.817963,-0.206262,-0.324570,0.243545,-0.489119,-0.772077,500.000839,0.000343
281525,-0.133706,0.817965,-0.206264,-0.324573,0.243528,-0.489056,-0.772121,500.001183,0.000343
281529,-0.133708,0.817982,-0.206256,-0.324525,0.243373,-0.489124,-0.772147,500.001183,0.000343
281532,-0.133716,0.817971,-0.206261,-0.324601,0.243498,-0.488970,-0.772173,500.001183,0.000343
281536,-0.133730,0.817966,-0.206262,-0.324509,0.243416,-0.489219,-0.772080,500.001526,0.000343
281539,-0.133719,0.817990,-0.206250,-0.324521,0.243397,-0.489042,-0.772193,500.001869,0.000343
281543,-0.133741,0.817953,-0.206249,-0.324546,0.243522,-0.489205,-0.772040,500.001526,0.000343
281547,-0.133720,0.817985,-0.206235,-0.324554,0.243390,-0.489111,-0.772138,500.001869,0.000343
281550,-0.133727,0.817976,-0.206226,-0.324506,0.243357,-0.489175,-0.772128,500.001869,0.000343
281552,-0.133727,0.817961,-0.206233,-0.324459,0.243403,-0.489257,-0.772081,500.001869,0.000343
281557,-0.133732,0.817958,-0.206244,-0.324563,0.243477,-0.489181,-0.772062,500.001869,0.000343
281561,-0.133721,0.817982,-0.206254,-0.324518,0.243427,-0.489118,-0.772136,500.002213,0.000343
281564,-0.133730,0.817970,-0.206268,-0.324521,0.243457,-0.489174,-0.772090,500.001869,0.000343
281568,-0.133730,0.817980,-0.206280,-0.324491,0.243398,-0.489074,-0.772185,500.002213,0.000343
281571,-0.133734,0.817982,-0.206276,-0.324485,0.243353,-0.489239,-0.772098,500.001869,0.000343
281575,-0.133745,0.817964,-0.206277,-0.324633,0.243562,-0.488970,-0.772140,500.001869,0.000343
281579,-0.133740,0.817975,-0.206254,-0.324514,0.243375,-0.489106,-0.772162,500.002213,0.000343
281582,-0.133738,0.817982,-0.206245,-0.324523,0.243374,-0.489016,-0.772216,500.002213,0.000343
281582,-0.133738,0.817982,-0.206245,-0.324523,0.243374,-0.489016,-0.772216,500.002213,0.000343
281582,-0.133738,0.817982,-0.206245,-0.324523,0.243374,-0.489016,-0.772216,500.002213,0.000343
281582,-0.133738,0.817982,-0.206245,-0.324523,0.243374,-0.489016,-0.772216,500.002213,0.000343
281582,-0.133738,0.817982,-0.206245,-0.324523,0.243374,-0.489016,-0.772216,500.002213,0.000343
281582,-0.133738,0.817982,-0.206245,-0.324523,0.243374,-0.489016,-0.772216,500.002213,0.000343
281582,-0.133738,0.817982,-0.206245,-0.324523,0.243374,-0.489016,-0.772216,500.002213,0.000343
281582,-0.133738,0.817982,-0.206245,-0.324523,0.243374,-0.489016,-0.772216,500.002213,0.000343
