0,0.000000,0.000000,0.000000,0.000000,0.000000,0.000000,0.000000,0.000000,0.000000
0,0.000000,0.000000,0.000000,0.000000,0.000000,0.000000,0.000000,0.000000,0.000000
0,0.000000,0.000000,0.000000,0.000000,0.000000,0.000000,0.000000,0.000000,0.000000
0,0.000000,0.000000,0.000000,0.000000,0.000000,0.000000,0.000000,0.000000,0.000000
0,0.000000,0.000000,0.000000,0.000000,0.000000,0.000000,0.000000,0.000000,0.000000
0,0.000000,0.000000,0.000000,0.000000,0.000000,0.000000,0.000000,0.000000,0.000000
0,0.000000,0.000000,0.000000,0.000000,0.000000,0.000000,0.000000,0.000000,0.000000
0,0.000000,0.000000,0.000000,0.000000,0.000000,0.000000,0.000000,0.000000,0.000000
0,0.000000,0.000000,0.000000,0.000000,0.000000,0.000000,0.000000,0.000000,0.000000
0,0.000000,0.000000,0.000000,0.000000,0.000000,0.000000,0.000000,0.000000,0.000000
0,0.000000,0.000000,0.000000,0.000000,0.000000,0.000000,0.000000,0.000000,0.000000
0,0.000000,0.000000,0.000000,0.000000,0.000000,0.000000,0.000000,0.000000,0.000000
0,0.000000,0.000000,0.000000,0.000000,0.000000,0.000000,0.000000,0.000000,0.000000
0,0.000000,0.000000,0.000000,0.000000,0.000000,0.000000,0.000000,0.000000,0.000000
0,0.000000,0.000000,0.000000,0.000000,0.000000,0.000000,0.000000,0.000000,0.000000
0,0.000000,0.000000,0.000000,0.000000,0.000000,0.000000,0.000000,0.000000,0.000000
0,0.000000,0.000000,0.000000,0.000000,0.000000,0.000000,0.000000,0.000000,0.000000
0,0.000000,0.000000,0.000000,0.000000,0.000000,0.000000,0.000000,0.000000,0.000000
0,0.000000,0.000000,0.000000,0.000000,0.000000,0.000000,0.000000,0.000000,0.000000
0,0.000000,0.000000,0.000000,0.000000,0.000000,0.000000,0.000000,0.000000,0.000000
0,0.000000,0.000000,0.000000,0.000000,0.000000,0.000000,0.000000,0.000000,0.000000
0,0.000000,0.000000,0.000000,0.000000,0.000000,0.000000,0.000000,0.000000,0.000000
0,0.000000,0.000000,0.000000,0.000000,0.000000,0.000000,0.000000,0.000000,0.000000
0,0.000000,0.000000,0.000000,0.000000,0.000000,0.000000,0.000000,0.000000,0.000000
0,0.000000,0.000000,0.000000,0.000000,0.000000,0.000000,0.000000,0.000000,0.000000
0,0.000000,0.000000,0.000000,0.000000,0.000000,0.000000,0.000000,0.000000,0.000000
327845,-0.037899,0.884350,-0.230987,-0.272764,0.254588,-0.403288,-0.835550,-0.000343,400.000191
327848,-0.037916,0.884340,-0.230997,-0.272809,0.254599,-0.403237,-0.835557,-0.000343,400.000191
327852,-0.037963,0.884291,-0.231016,-0.272905,0.254901,-0.403329,-0.835389,-0.000343,400.000191
327856,-0.037943,0.884333,-0.231011,-0.272725,0.254519,-0.403500,-0.835482,-0.000343,400.000191
327859,-0.037954,0.884317,-0.231005,-0.272867,0.254704,-0.403297,-0.835477,-0.000343,400.000191
327862,-0.037959,0.884302,-0.231002,-0.272905,0.254894,-0.403202,-0.835452,-0.000343,400.000191
327866,-0.037934,0.884326,-0.230989,-0.272784,0.254595,-0.403412,-0.835481,-0.000343,400.000191
327870,-0.037953,0.884286,-0.230980,-0.272873,0.254812,-0.403499,-0.835344,-0.000343,400.000191
327873,-0.037948,0.884281,-0.230974,-0.272910,0.254923,-0.403388,-0.835352,-0.000343,400.000191
327876,-0.037936,0.884289,-0.230971,-0.272928,0.254922,-0.403273,-0.835402,-0.000687,400.000191
327880,-0.037903,0.884336,-0.230966,-0.272785,0.254549,-0.403425,-0.835489,-0.000343,400.000191
327884,-0.037944,0.884280,-0.230986,-0.272894,0.254869,-0.403441,-0.835348,-0.000687,400.000191
327888,-0.037913,0.884343,-0.230991,-0.272804,0.254636,-0.403202,-0.835564,-0.000343,400.000191
327891,-0.037939,0.884313,-0.231009,-0.272812,0.254733,-0.403388,-0.835442,-0.000687,400.000191
327894,-0.037967,0.884288,-0.231017,-0.272868,0.254854,-0.403514,-0.835326,-0.000343,400.000534
327898,-0.037938,0.884332,-0.231016,-0.272782,0.254598,-0.403422,-0.835476,-0.000343,400.000191
327901,-0.037931,0.884340,-0.231009,-0.272697,0.254436,-0.403513,-0.835509,-0.000343,400.000191
327905,-0.037969,0.884274,-0.231005,-0.272920,0.254964,-0.403357,-0.835351,-0.000343,400.000534
327909,-0.037906,0.884346,-0.230987,-0.272748,0.254562,-0.403251,-0.835581,-0.000687,400.000534
327912,-0.037909,0.884332,-0.230981,-0.272780,0.254618,-0.403303,-0.835528,-0.000343,400.000534
327916,-0.037934,0.884292,-0.230980,-0.272916,0.254901,-0.403321,-0.835389,-0.000343,400.000191
327919,-0.037919,0.884309,-0.230975,-0.272846,0.254719,-0.403315,-0.835470,-0.000343,400.000534
327923,-0.037921,0.884307,-0.230966,-0.272902,0.254752,-0.403250,-0.835473,-0.000343,400.000534
327927,-0.037933,0.884302,-0.230978,-0.272803,0.254688,-0.403529,-0.835391,-0.000343,400.000534
327930,-0.037906,0.884335,-0.230985,-0.272799,0.254573,-0.403347,-0.835515,-0.000343,400.000534
327934,-0.037952,0.884283,-0.230998,-0.272848,0.254860,-0.403497,-0.835338,-0.000343,400.000534
327937,-0.037951,0.884281,-0.231009,-0.272881,0.254886,-0.403410,-0.835362,-0.000343,400.000534
327941,-0.037922,0.884337,-0.231006,-0.272737,0.254489,-0.403516,-0.835479,-0.000343,400.000191
327944,-0.037931,0.884327,-0.230999,-0.272764,0.254557,-0.403441,-0.835486,-0.000343,400.000534
327948,-0.037964,0.884283,-0.231001,-0.272874,0.254856,-0.403492,-0.835334,-0.000343,400.000534
327951,-0.037942,0.884309,-0.230992,-0.272820,0.254681,-0.403468,-0.835417,-0.000343,400.000191
327955,-0.037950,0.884297,-0.230991,-0.272848,0.254744,-0.403423,-0.835410,-0.000343,400.000534
327958,-0.037956,0.884281,-0.230985,-0.272861,0.254858,-0.403508,-0.835330,-0.000343,400.000534
327962,-0.037918,0.884330,-0.230977,-0.272783,0.254558,-0.403469,-0.835466,-0.000343,400.000534
327965,-0.037914,0.884330,-0.230975,-0.272707,0.254446,-0.403522,-0.835499,-0.000343,400.000534
327969,-0.037958,0.884270,-0.230991,-0.272917,0.254916,-0.403351,-0.835369,-0.000343,400.000534
327973,-0.037911,0.884344,-0.230989,-0.272777,0.254577,-0.403211,-0.835586,-0.000687,400.000534
327976,-0.037922,0.884326,-0.231002,-0.272804,0.254666,-0.403333,-0.835491,-0.000343,400.000534
327980,-0.037959,0.884294,-0.231014,-0.272871,0.254890,-0.403306,-0.835414,-0.000343,400.000534
327983,-0.037950,0.884310,-0.231020,-0.272824,0.254717,-0.403350,-0.835461,-0.000343,400.000534
327987,-0.037957,0.884304,-0.231020,-0.272869,0.254794,-0.403287,-0.835453,-0.000343,400.000534
327990,-0.037973,0.884286,-0.231022,-0.272954,0.254960,-0.403292,-0.835372,-0.000687,400.000534
327994,-0.037926,0.884337,-0.231011,-0.272757,0.254566,-0.403327,-0.835540,-0.000343,400.000534
327997,-0.037921,0.884344,-0.231004,-0.272793,0.254587,-0.403241,-0.835563,-0.000687,400.000534
328001,-0.037967,0.884277,-0.230995,-0.272892,0.254919,-0.403381,-0.835362,-0.000343,400.000191
328005,-0.037926,0.884332,-0.230984,-0.272694,0.254476,-0.403514,-0.835498,-0.000343,400.000534
328008,-0.037936,0.884315,-0.230976,-0.272828,0.254633,-0.403377,-0.835472,-0.000343,400.000534
328011,-0.037948,0.884304,-0.230982,-0.272907,0.254855,-0.403219,-0.835455,-0.000343,400.000534
328015,-0.037942,0.884318,-0.230997,-0.272805,0.254653,-0.403442,-0.835443,-0.000343,400.000534
328019,-0.037978,0.884291,-0.231007,-0.272844,0.254797,-0.403446,-0.835384,-0.000343,400.000534
328022,-0.037991,0.884281,-0.231010,-0.272869,0.254909,-0.403455,-0.835337,-0.000343,400.000534
328026,-0.037960,0.884335,-0.231006,-0.272746,0.254510,-0.403505,-0.835475,-0.000343,400.000534
328029,-0.037956,0.884334,-0.230996,-0.272727,0.254465,-0.403533,-0.835481,-0.000343,400.000534
328033,-0.037976,0.884278,-0.231001,-0.272893,0.254894,-0.403438,-0.835342,-0.000343,400.000534
328037,-0.037922,0.884340,-0.230984,-0.272793,0.254604,-0.403224,-0.835567,-0.000343,400.000534
328040,-0.037927,0.884321,-0.230982,-0.272860,0.254726,-0.403295,-0.835473,-0.000343,400.000534
328043,-0.037943,0.884289,-0.230982,-0.272847,0.254789,-0.403474,-0.835371,-0.000343,400.000534
328047,-0.037925,0.884320,-0.230984,-0.272817,0.254646,-0.403361,-0.835480,-0.000343,400.000877
328051,-0.037945,0.884298,-0.230986,-0.272896,0.254857,-0.403204,-0.835466,-0.000687,400.000534
328054,-0.037965,0.884280,-0.230995,-0.272954,0.254963,-0.403292,-0.835371,-0.000343,400.000877
328058,-0.037925,0.884347,-0.230997,-0.272778,0.254554,-0.403295,-0.835553,-0.000343,400.000534
328061,-0.037932,0.884342,-0.231005,-0.272786,0.254616,-0.403228,-0.835563,-0.000343,400.000534
328065,-0.037982,0.884286,-0.231014,-0.272902,0.254912,-0.403361,-0.835371,-0.000687,400.000534
328068,-0.037960,0.884314,-0.231012,-0.272866,0.254785,-0.403299,-0.835451,-0.000343,400.000534
328072,-0.037957,0.884312,-0.231006,-0.272868,0.254733,-0.403316,-0.835458,-0.000343,400.000534
328076,-0.037966,0.884298,-0.231006,-0.272807,0.254723,-0.403513,-0.835386,-0.000343,400.000534
328079,-0.037944,0.884326,-0.231003,-0.272776,0.254586,-0.403346,-0.835519,-0.000343,400.000534
328082,-0.037928,0.884347,-0.230996,-0.272848,0.254634,-0.403200,-0.835551,-0.000343,400.000534
328086,-0.037978,0.884278,-0.231007,-0.272872,0.254888,-0.403464,-0.835338,-0.000343,400.000877
328090,-0.037934,0.884340,-0.231001,-0.272734,0.254502,-0.403483,-0.835492,-0.000343,400.000534
328093,-0.037945,0.884328,-0.230996,-0.272755,0.254527,-0.403436,-0.835500,-0.000343,400.000534
328097,-0.037972,0.884283,-0.231000,-0.272887,0.254874,-0.403435,-0.835351,-0.000343,400.000534
328100,-0.037957,0.884298,-0.230997,-0.272801,0.254684,-0.403465,-0.835423,-0.000343,400.000534
328104,-0.037951,0.884307,-0.230990,-0.272817,0.254739,-0.403389,-0.835438,0.000000,400.000534
328108,-0.037941,0.884316,-0.230987,-0.272847,0.254757,-0.403272,-0.835479,-0.000343,400.000534
328111,-0.037933,0.884332,-0.230979,-0.272766,0.254577,-0.403414,-0.835492,-0.000343,400.000534
328115,-0.037955,0.884294,-0.230978,-0.272936,0.254933,-0.403201,-0.835431,-0.000343,400.000534
328118,-0.037977,0.884279,-0.230991,-0.272945,0.254942,-0.403326,-0.835365,-0.000343,399.999847
328122,-0.037926,0.884348,-0.230990,-0.272795,0.254546,-0.403240,-0.835576,-0.000343,399.994011
328125,-0.037934,0.884335,-0.230998,-0.272804,0.254621,-0.403299,-0.835521,-0.000343,399.983368
328129,-0.037965,0.884298,-0.231006,-0.272886,0.254876,-0.403325,-0.835404,-0.000343,399.945602
328132,-0.037954,0.884316,-0.231006,-0.272825,0.254744,-0.403301,-0.835476,-0.000343,399.870071
328136,-0.037959,0.884306,-0.230997,-0.272888,0.254791,-0.403264,-0.835459,-0.000343,399.725533
328140,-0.037960,0.884304,-0.231001,-0.272778,0.254658,-0.403557,-0.835394,-0.000343,399.680214
328143,-0.037930,0.884338,-0.230997,-0.272773,0.254553,-0.403332,-0.835537,-0.000343,399.593697
328147,-0.037964,0.884284,-0.230999,-0.272855,0.254860,-0.403532,-0.835320,-0.000343,399.529839
328150,-0.037964,0.884279,-0.231003,-0.272908,0.254922,-0.403397,-0.835348,-0.000343,399.490013
328154,-0.037926,0.884341,-0.230999,-0.272696,0.254449,-0.403516,-0.835504,-0.000343,399.469414
328157,-0.037937,0.884329,-0.230997,-0.272773,0.254570,-0.403430,-0.835484,-0.000343,399.422035
328161,-0.037961,0.884287,-0.231006,-0.272867,0.254853,-0.403484,-0.835341,-0.000343,399.345474
328164,-0.037939,0.884314,-0.231004,-0.272817,0.254686,-0.403430,-0.835434,-0.000343,399.166260
328168,-0.037947,0.884307,-0.230999,-0.272832,0.254771,-0.403416,-0.835410,-0.000343,399.102058
328171,-0.037957,0.884285,-0.231008,-0.272885,0.254846,-0.403450,-0.835353,-0.000343,398.948936
328175,-0.037930,0.884335,-0.231003,-0.272735,0.254514,-0.403453,-0.835502,-0.000343,398.727837
328178,-0.037923,0.884341,-0.231006,-0.272707,0.254462,-0.403506,-0.835501,-0.000343,398.651276
328182,-0.037961,0.884283,-0.231018,-0.272896,0.254956,-0.403379,-0.835351,-0.000343,398.497810
328186,-0.037912,0.884356,-0.231017,-0.272720,0.254558,-0.403252,-0.835591,-0.000343,398.344002
328189,-0.037917,0.884345,-0.231028,-0.272754,0.254664,-0.403327,-0.835511,-0.000343,398.105049
328193,-0.037937,0.884311,-0.231035,-0.272874,0.254861,-0.403267,-0.835441,-0.000343,398.018188
328196,-0.037919,0.884332,-0.231033,-0.272781,0.254732,-0.403342,-0.835475,-0.000343,397.823868
328200,-0.037910,0.884321,-0.231023,-0.272880,0.254854,-0.403233,-0.835458,-0.000343,397.612381
328204,-0.037905,0.884323,-0.231018,-0.272756,0.254662,-0.403479,-0.835438,-0.000343,397.265625
328207,-0.037871,0.884355,-0.231009,-0.272746,0.254586,-0.403260,-0.835570,-0.000343,397.132759
328211,-0.037921,0.884295,-0.231015,-0.272815,0.254855,-0.403504,-0.835347,-0.000343,396.858101
328214,-0.037925,0.884295,-0.231019,-0.272869,0.254918,-0.403305,-0.835407,0.000000,396.582413
328217,-0.037914,0.884322,-0.231024,-0.272849,0.254849,-0.403204,-0.835483,-0.000343,396.153259
328221,-0.037910,0.884342,-0.231035,-0.272774,0.254621,-0.403330,-0.835516,-0.000343,396.012154
328225,-0.037944,0.884309,-0.231056,-0.272778,0.254758,-0.403475,-0.835404,-0.000343,395.709343
328228,-0.037919,0.884346,-0.231057,-0.272726,0.254615,-0.403377,-0.835511,0.000000,395.227661
328231,-0.037897,0.884373,-0.231054,-0.272753,0.254598,-0.403220,-0.835583,-0.000343,395.048790
328235,-0.037930,0.884310,-0.231059,-0.272795,0.254824,-0.403369,-0.835429,0.000000,394.684181
328239,-0.037870,0.884366,-0.231054,-0.272635,0.254441,-0.403451,-0.835558,0.000000,394.295540
328242,-0.037857,0.884369,-0.231050,-0.272637,0.254456,-0.403410,-0.835572,0.000000,393.889389
328246,-0.037875,0.884315,-0.231066,-0.272798,0.254863,-0.403337,-0.835431,0.000000,393.245659
328249,-0.037863,0.884329,-0.231074,-0.272724,0.254675,-0.403439,-0.835464,-0.000343,393.033485
328253,-0.037839,0.884368,-0.231089,-0.272693,0.254621,-0.403364,-0.835526,0.000000,392.572060
328257,-0.037856,0.884361,-0.231112,-0.272702,0.254752,-0.403267,-0.835530,-0.000343,392.094154
328260,-0.037859,0.884380,-0.231125,-0.272600,0.254557,-0.403378,-0.835570,-0.000343,391.630669
328264,-0.037874,0.884366,-0.231136,-0.272724,0.254747,-0.403193,-0.835560,-0.000343,390.858879
328267,-0.037899,0.884343,-0.231155,-0.272719,0.254819,-0.403265,-0.835505,0.000000,390.569115
328271,-0.037841,0.884417,-0.231152,-0.272567,0.254441,-0.403247,-0.835679,0.000000,390.025635
328274,-0.037836,0.884417,-0.231161,-0.272565,0.254475,-0.403234,-0.835675,-0.000343,389.462242
328278,-0.037855,0.884367,-0.231177,-0.272616,0.254720,-0.403304,-0.835550,0.000000,388.865547
328282,-0.037803,0.884425,-0.231171,-0.272436,0.254334,-0.403474,-0.835644,0.000000,387.914886
328285,-0.037801,0.884415,-0.231174,-0.272495,0.254457,-0.403310,-0.835667,-0.000343,387.540321
328288,-0.037810,0.884402,-0.231183,-0.272543,0.254663,-0.403202,-0.835641,-0.000343,386.870155
328292,-0.037783,0.884428,-0.231202,-0.272416,0.254445,-0.403356,-0.835674,-0.000343,386.203423
328295,-0.037764,0.884452,-0.231209,-0.272420,0.254371,-0.403164,-0.835788,-0.000343,385.520897
328299,-0.037804,0.884402,-0.231239,-0.272455,0.254639,-0.403379,-0.835591,0.000000,384.796829
328303,-0.037763,0.884465,-0.231256,-0.272291,0.254265,-0.403432,-0.835733,-0.000343,384.030533
328306,-0.037764,0.884465,-0.231267,-0.272263,0.254253,-0.403417,-0.835753,0.000000,383.238144
328310,-0.037801,0.884419,-0.231295,-0.272385,0.254614,-0.403395,-0.835614,0.000000,382.420006
328314,-0.037747,0.884514,-0.231310,-0.272119,0.254102,-0.403280,-0.835912,-0.000343,381.593628
328317,-0.037766,0.884468,-0.231305,-0.272238,0.254365,-0.403305,-0.835781,0.000000,380.728111
328321,-0.037769,0.884458,-0.231321,-0.272285,0.254490,-0.403226,-0.835766,0.000000,379.832726
328324,-0.037761,0.884479,-0.231319,-0.272154,0.254310,-0.403361,-0.835798,0.000000,378.457375
328327,-0.037734,0.884520,-0.231330,-0.271948,0.253984,-0.403547,-0.835875,0.000000,377.525253
328331,-0.037758,0.884453,-0.231337,-0.272265,0.254594,-0.403275,-0.835717,0.000000,377.030182
328335,-0.037702,0.884536,-0.231346,-0.271976,0.254067,-0.403239,-0.835989,0.000000,376.058922
328338,-0.037690,0.884540,-0.231365,-0.271950,0.254092,-0.403254,-0.835983,0.000000,374.538345
328342,-0.037706,0.884485,-0.231370,-0.272164,0.254519,-0.403130,-0.835843,0.000000,374.006538
328345,-0.037698,0.884512,-0.231382,-0.272059,0.254415,-0.403118,-0.835914,0.000000,372.950478
328349,-0.037654,0.884558,-0.231408,-0.271862,0.254121,-0.403115,-0.836069,0.000000,371.870384
328352,-0.037664,0.884522,-0.231417,-0.272014,0.254468,-0.402917,-0.836010,-0.000343,370.205956
328356,-0.037624,0.884587,-0.231453,-0.271739,0.254078,-0.403114,-0.836123,0.000343,369.618187
328360,-0.037618,0.884572,-0.231472,-0.271713,0.254215,-0.403142,-0.836076,0.000000,368.469429
328363,-0.037603,0.884570,-0.231488,-0.271710,0.254278,-0.403039,-0.836108,0.000000,366.692047
328366,-0.037577,0.884595,-0.231509,-0.271626,0.254269,-0.402927,-0.836192,0.000000,366.124535
328370,-0.037512,0.884652,-0.231526,-0.271444,0.253880,-0.402954,-0.836356,-0.000343,364.900589
328374,-0.037523,0.884618,-0.231545,-0.271505,0.254225,-0.402941,-0.836238,0.000000,363.531761
328377,-0.037488,0.884649,-0.231551,-0.271398,0.254049,-0.402890,-0.836350,0.000000,361.788368
328381,-0.037470,0.884668,-0.231561,-0.271325,0.254053,-0.402787,-0.836423,0.000000,361.123352
328384,-0.037465,0.884658,-0.231568,-0.271314,0.254192,-0.402757,-0.836398,0.000000,359.848938
328388,-0.037442,0.884696,-0.231580,-0.271140,0.253977,-0.402722,-0.836537,0.000000,358.547401
328392,-0.037441,0.884678,-0.231587,-0.271296,0.254239,-0.402462,-0.836532,0.000000,356.513214
328395,-0.037441,0.884671,-0.231604,-0.271239,0.254332,-0.402512,-0.836498,-0.000343,355.842018
328399,-0.037393,0.884741,-0.231611,-0.271081,0.253989,-0.402325,-0.836744,0.000000,354.468384
328402,-0.037391,0.884741,-0.231620,-0.271030,0.254041,-0.402307,-0.836753,-0.000343,353.091316
328406,-0.037408,0.884709,-0.231637,-0.271062,0.254256,-0.402280,-0.836690,0.000000,351.699829
328409,-0.037381,0.884734,-0.231640,-0.270967,0.254153,-0.402265,-0.836759,0.000000,349.557838
328413,-0.037350,0.884749,-0.231638,-0.270940,0.254077,-0.402067,-0.836886,0.000000,348.857117
328416,-0.037359,0.884733,-0.231638,-0.270941,0.254285,-0.402067,-0.836823,0.000000,347.403145
328420,-0.037309,0.884772,-0.231637,-0.270813,0.253995,-0.402068,-0.836952,0.000000,345.212746
328423,-0.037286,0.884787,-0.231633,-0.270752,0.253967,-0.401973,-0.837026,0.000000,343.712425
328427,-0.037317,0.884735,-0.231639,-0.270896,0.254334,-0.401991,-0.836859,0.000000,342.955742
328431,-0.037274,0.884795,-0.231640,-0.270626,0.253872,-0.402030,-0.837068,0.000343,341.465721
328434,-0.037274,0.884791,-0.231641,-0.270650,0.253975,-0.401919,-0.837082,0.000000,339.160652
328437,-0.037287,0.884780,-0.231648,-0.270696,0.254152,-0.401740,-0.837099,-0.000343,338.372383
328441,-0.037286,0.884778,-0.231659,-0.270661,0.254142,-0.401844,-0.837064,0.000000,336.820908
328445,-0.037285,0.884786,-0.231664,-0.270624,0.254140,-0.401695,-0.837148,0.000000,335.110817
328448,-0.037289,0.884775,-0.231668,-0.270623,0.254281,-0.401669,-0.837118,0.000000,333.714867
328452,-0.037256,0.884815,-0.231668,-0.270413,0.254048,-0.401615,-0.837282,0.000000,331.317101
328455,-0.037237,0.884829,-0.231662,-0.270369,0.253988,-0.401596,-0.837324,0.000000,330.527802
328459,-0.037260,0.884786,-0.231664,-0.270493,0.254448,-0.401364,-0.837256,0.000000,328.920364
328463,-0.037200,0.884846,-0.231651,-0.270326,0.254055,-0.401139,-0.837536,0.000000,327.297134
328466,-0.037192,0.884845,-0.231655,-0.270287,0.254133,-0.401053,-0.837567,0.000000,324.853706
328469,-0.037200,0.884828,-0.231660,-0.270233,0.254220,-0.401054,-0.837557,0.000000,324.041748
328473,-0.037191,0.884841,-0.231667,-0.270159,0.254281,-0.400889,-0.837642,0.000000,322.395515
328477,-0.037168,0.884856,-0.231662,-0.270068,0.254280,-0.400668,-0.837777,0.000000,320.727310
328480,-0.037180,0.884843,-0.231664,-0.270043,0.254452,-0.400466,-0.837829,0.000000,318.248177
328484,-0.037131,0.884895,-0.231657,-0.269804,0.254166,-0.400331,-0.838058,0.000000,317.392616
328487,-0.037115,0.884916,-0.231657,-0.269703,0.254188,-0.400079,-0.838204,0.000000,315.714798
328491,-0.037142,0.884871,-0.231660,-0.269674,0.254545,-0.399865,-0.838207,0.000000,314.043503
328495,-0.037072,0.884945,-0.231656,-0.269328,0.254193,-0.399649,-0.838528,0.000000,312.338562
328498,-0.037055,0.884961,-0.231652,-0.269234,0.254300,-0.399288,-0.838698,0.000000,310.638084
328502,-0.037057,0.884946,-0.231664,-0.269099,0.254617,-0.398995,-0.838784,0.000000,308.055267
328505,-0.037009,0.884993,-0.231670,-0.268877,0.254535,-0.398631,-0.839053,0.000000,306.361656
328509,-0.036986,0.885014,-0.231666,-0.268669,0.254651,-0.398177,-0.839300,0.000000,305.491333
328512,-0.036967,0.885028,-0.231671,-0.268511,0.254820,-0.397890,-0.839436,0.000000,303.777122
328516,-0.036910,0.885092,-0.231673,-0.268145,0.254631,-0.397501,-0.839794,-0.000343,302.064285
328519,-0.036882,0.885118,-0.231665,-0.267923,0.254603,-0.397151,-0.840039,-0.000343,300.326729
328523,-0.036877,0.885105,-0.231672,-0.267774,0.255104,-0.396587,-0.840201,0.000000,298.573723
328527,-0.036786,0.885199,-0.231660,-0.267397,0.254908,-0.395898,-0.840705,0.000000,296.823807
328530,-0.036762,0.885220,-0.231661,-0.267143,0.255066,-0.395476,-0.840937,0.000000,294.236183
328533,-0.036744,0.885236,-0.231662,-0.266946,0.255293,-0.395127,-0.841094,0.000000,293.327065
328537,-0.036765,0.885134,-0.231856,-0.264809,0.252900,-0.393662,-0.843177,0.000000,291.609077
328541,-0.036705,0.885199,-0.231854,-0.264557,0.253211,-0.392900,-0.843518,0.000000,289.149513
328544,-0.036678,0.885230,-0.231858,-0.264279,0.253467,-0.392388,-0.843767,0.000000,287.221756
328548,-0.036584,0.885352,-0.231866,-0.263736,0.253401,-0.391598,-0.844324,0.000000,286.368599
328551,-0.036521,0.885422,-0.231874,-0.263383,0.253573,-0.390878,-0.844716,0.000000,284.618683
328555,-0.036469,0.885475,-0.231895,-0.262884,0.254095,-0.389978,-0.845130,0.000000,282.845078
328559,-0.036314,0.885664,-0.231910,-0.262042,0.254195,-0.388715,-0.845943,0.000000,281.104431
328562,-0.036202,0.885795,-0.231930,-0.261300,0.254623,-0.387351,-0.846669,0.000343,278.460846
328565,-0.036093,0.885962,-0.231935,-0.260406,0.255360,-0.385520,-0.847558,0.000000,277.620735
328569,-0.035759,0.886317,-0.232011,-0.258584,0.256127,-0.382628,-0.849193,0.000000,275.824814
328573,-0.035497,0.886543,-0.232066,-0.256677,0.256597,-0.379394,-0.851079,0.000000,273.202171
328576,-0.035327,0.886710,-0.232151,-0.255450,0.256953,-0.377544,-0.852162,0.000000,271.475258
328580,-0.035061,0.886947,-0.232212,-0.253762,0.256828,-0.375035,-0.853811,0.000000,270.537643
328583,-0.034938,0.887106,-0.232274,-0.252389,0.257017,-0.373402,-0.854876,0.000000,268.812447
328587,-0.034774,0.887232,-0.232307,-0.251027,0.257538,-0.370989,-0.856170,0.000000,266.227226
328590,-0.034594,0.887433,-0.232363,-0.249522,0.257738,-0.368979,-0.857417,0.000000,265.361710
328594,-0.034258,0.887678,-0.232313,-0.248165,0.259166,-0.366001,-0.858656,0.000000,263.627586
328597,-0.034139,0.887791,-0.232372,-0.247216,0.259451,-0.364597,-0.859441,0.000343,261.874580
328601,-0.033961,0.887925,-0.232406,-0.246150,0.259550,-0.362958,-0.860410,0.000000,260.104752
328604,-0.033842,0.888047,-0.232465,-0.245243,0.259353,-0.362005,-0.861130,0.000000,257.468033
328608,-0.033764,0.888103,-0.232478,-0.244423,0.259815,-0.360509,-0.861851,0.000000,256.607323
328612,-0.033604,0.888256,-0.232515,-0.243329,0.259748,-0.359024,-0.862800,0.000000,254.866333
328615,-0.033511,0.888330,-0.232516,-0.242698,0.259893,-0.357834,-0.863428,0.000000,253.094788
328619,-0.033419,0.888440,-0.232560,-0.241737,0.260478,-0.356335,-0.864141,0.000000,250.484505
328622,-0.033288,0.888559,-0.232586,-0.240850,0.260591,-0.354955,-0.864922,0.000000,249.601479
328626,-0.033076,0.888748,-0.232639,-0.239248,0.260692,-0.352646,-0.866280,0.000000,247.818947
328629,-0.032945,0.888850,-0.232673,-0.238193,0.261039,-0.351016,-0.867127,0.000000,246.076927
328633,-0.032749,0.889020,-0.232737,-0.236922,0.261139,-0.349252,-0.868157,0.000000,244.358940
328636,-0.032595,0.889144,-0.232769,-0.235982,0.261272,-0.347667,-0.869009,0.000000,241.706772
328640,-0.032409,0.889322,-0.232851,-0.234116,0.261994,-0.345096,-0.870320,0.000000,240.842628
328644,-0.032141,0.889563,-0.232903,-0.232326,0.261984,-0.342429,-0.871855,0.000000,239.104042
328647,-0.031939,0.889729,-0.232971,-0.230796,0.262139,-0.340072,-0.873137,0.000000,237.324944
328651,-0.031672,0.889948,-0.233086,-0.228789,0.263023,-0.336899,-0.874628,0.000000,234.711571
328654,-0.031476,0.890082,-0.233127,-0.227841,0.262979,-0.335343,-0.875486,0.000000,233.838844
328657,-0.031354,0.890184,-0.233156,-0.226935,0.263079,-0.333902,-0.876242,0.000000,232.113647
328661,-0.031146,0.890324,-0.233218,-0.225538,0.263427,-0.331733,-0.877321,0.000000,230.353432
328665,-0.030929,0.890531,-0.233278,-0.223895,0.263537,-0.329574,-0.878522,0.000000,228.434944
328668,-0.030777,0.890688,-0.233304,-0.222515,0.263695,-0.327737,-0.879512,0.000000,226.860466
328671,-0.030594,0.890853,-0.233369,-0.221010,0.264243,-0.325456,-0.880573,0.000000,224.916229
328675,-0.030424,0.890980,-0.233431,-0.219430,0.264676,-0.323299,-0.881632,0.000000,222.967186
328679,-0.030189,0.891164,-0.233496,-0.217979,0.264751,-0.321082,-0.882779,0.000000,221.587715
328682,-0.029960,0.891293,-0.233547,-0.216848,0.264802,-0.319249,-0.883706,-0.000343,218.958549
328686,-0.029776,0.891462,-0.233628,-0.215202,0.265404,-0.316706,-0.884843,0.000000,218.088226
328690,-0.029537,0.891621,-0.233692,-0.213535,0.265389,-0.314106,-0.886176,0.000000,216.356163
328693,-0.029405,0.891732,-0.233730,-0.212312,0.265731,-0.312161,-0.887055,-0.000343,213.732491
328697,-0.029035,0.891993,-0.233825,-0.209936,0.265860,-0.308588,-0.888830,0.000000,212.847748
328700,-0.028865,0.892115,-0.233874,-0.208795,0.265998,-0.306795,-0.889678,0.000000,211.104698
328704,-0.028717,0.892205,-0.233921,-0.207497,0.266491,-0.304841,-0.890506,0.000000,209.364395
328708,-0.028432,0.892369,-0.233997,-0.206044,0.266286,-0.302808,-0.891597,0.000000,206.733513
328711,-0.028319,0.892463,-0.234025,-0.205166,0.266581,-0.301336,-0.892210,0.000000,205.858040
328715,-0.028181,0.892556,-0.234066,-0.203935,0.267042,-0.299461,-0.892985,0.000000,204.114647
328718,-0.028015,0.892672,-0.234117,-0.202773,0.267085,-0.297756,-0.893807,0.000000,202.355804
328722,-0.027765,0.892835,-0.234175,-0.201008,0.267263,-0.294845,-0.895116,-0.000343,199.730415
328725,-0.027622,0.892938,-0.234221,-0.199835,0.267577,-0.293139,-0.895845,0.000000,198.849449
328729,-0.027421,0.893060,-0.234282,-0.198607,0.267616,-0.291253,-0.896721,0.000000,197.079277
328732,-0.027244,0.893150,-0.234315,-0.197840,0.267588,-0.289796,-0.897371,0.000000,195.330391
328736,-0.027074,0.893274,-0.234373,-0.196378,0.268205,-0.287529,-0.898237,0.000000,193.581505
328740,-0.026793,0.893430,-0.234430,-0.194862,0.268136,-0.284927,-0.899416,0.000000,191.851845
328743,-0.026717,0.893581,-0.234463,-0.194099,0.267489,-0.283659,-0.900173,0.000000,189.252205
328746,-0.026611,0.893638,-0.234478,-0.193362,0.267632,-0.282351,-0.900701,0.000000,188.358536
328750,-0.026476,0.893755,-0.234521,-0.192185,0.267952,-0.280405,-0.901465,0.000000,186.617203
328754,-0.026273,0.893896,-0.234574,-0.190890,0.268001,-0.278026,-0.902462,0.000000,183.990784
328757,-0.026179,0.893985,-0.234612,-0.190033,0.268239,-0.276268,-0.903112,0.000000,183.110504
328761,-0.025943,0.894106,-0.234679,-0.188729,0.268216,-0.274339,-0.903980,0.000000,181.372261
328764,-0.025785,0.894190,-0.234726,-0.187395,0.268134,-0.272430,-0.904859,0.000000,179.611702
328768,-0.025535,0.894328,-0.234809,-0.185350,0.268758,-0.269269,-0.906040,0.000000,177.833290
328771,-0.025300,0.894466,-0.234862,-0.183950,0.268876,-0.266902,-0.906990,0.000000,176.078224
328775,-0.024979,0.894656,-0.234947,-0.182053,0.268798,-0.263784,-0.908307,-0.000343,174.325905
328779,-0.024727,0.894790,-0.235042,-0.180301,0.269171,-0.261295,-0.909265,0.000000,172.562256
328782,-0.024591,0.894870,-0.235083,-0.179449,0.269149,-0.259901,-0.909840,-0.000343,169.982872
328785,-0.024443,0.894947,-0.235111,-0.178537,0.269261,-0.258375,-0.910420,0.000000,169.112892
328789,-0.024242,0.895053,-0.235179,-0.176977,0.269631,-0.256174,-0.911237,-0.000343,167.366066
328793,-0.023987,0.895223,-0.235250,-0.174986,0.269702,-0.253260,-0.912415,-0.000343,165.618896
328796,-0.023719,0.895386,-0.235329,-0.173242,0.269793,-0.250680,-0.913432,0.000000,163.860054
328799,-0.023448,0.895530,-0.235418,-0.171258,0.269988,-0.247712,-0.914558,0.000000,161.215782
328803,-0.023152,0.895676,-0.235522,-0.169345,0.270311,-0.245099,-0.915522,0.000000,160.330696
328807,-0.022882,0.895810,-0.235585,-0.167819,0.270285,-0.242662,-0.916460,0.000000,158.590393
328810,-0.022644,0.895914,-0.235649,-0.166367,0.270528,-0.240309,-0.917272,0.000000,156.841507
328814,-0.022360,0.896067,-0.235726,-0.164261,0.270854,-0.237118,-0.918385,0.000000,154.220924
328817,-0.022163,0.896167,-0.235769,-0.162978,0.270904,-0.235190,-0.919095,-0.000343,153.346825
328821,-0.021930,0.896280,-0.235833,-0.161350,0.271229,-0.232542,-0.919959,0.000000,151.619911
328825,-0.021683,0.896401,-0.235912,-0.159759,0.271200,-0.230085,-0.920863,0.000000,149.860382
328828,-0.021465,0.896501,-0.235975,-0.158482,0.271242,-0.228012,-0.921587,0.000000,147.241859
328832,-0.021199,0.896627,-0.236064,-0.156558,0.271803,-0.224951,-0.922502,0.000000,146.358490
328835,-0.020981,0.896739,-0.236137,-0.155127,0.271992,-0.222848,-0.923198,0.000000,144.605484
328839,-0.020624,0.896901,-0.236234,-0.153067,0.271873,-0.219716,-0.924327,0.000000,142.829475
328842,-0.020403,0.896991,-0.236297,-0.151581,0.272104,-0.217482,-0.925032,0.000000,141.088829
328846,-0.020114,0.897114,-0.236368,-0.149674,0.272347,-0.214537,-0.925958,-0.000343,139.333076
328850,-0.019789,0.897269,-0.236451,-0.147541,0.272376,-0.211249,-0.927047,0.000000,137.579384
328853,-0.019580,0.897354,-0.236504,-0.146165,0.272619,-0.208923,-0.927721,-0.000343,135.831871
328857,-0.019337,0.897452,-0.236578,-0.144551,0.272606,-0.206637,-0.928489,-0.000343,134.107704
328860,-0.019098,0.897545,-0.236643,-0.143296,0.272665,-0.204432,-0.929154,0.000000,131.481285
328864,-0.018839,0.897664,-0.236753,-0.141335,0.273020,-0.201716,-0.929944,0.000000,130.615768
328867,-0.018611,0.897753,-0.236829,-0.139957,0.273115,-0.199503,-0.930601,0.000000,128.857269
328870,-0.018398,0.897832,-0.236890,-0.138770,0.273118,-0.197514,-0.931202,-0.000343,127.107353
328874,-0.018180,0.897910,-0.236935,-0.137425,0.273083,-0.195578,-0.931821,0.000000,125.353661
328878,-0.018000,0.897970,-0.236965,-0.136163,0.273407,-0.193602,-0.932323,0.000000,123.616447
328882,-0.017750,0.898067,-0.237006,-0.134725,0.273464,-0.191117,-0.933028,0.000000,121.863441
328885,-0.017581,0.898132,-0.237041,-0.133604,0.273603,-0.189301,-0.933518,0.000000,119.235306
328888,-0.017388,0.898207,-0.237111,-0.132320,0.273693,-0.187402,-0.934058,0.000000,118.337860
328892,-0.017094,0.898322,-0.237209,-0.130807,0.273533,-0.184972,-0.934802,0.000000,116.605797
328896,-0.016970,0.898369,-0.237261,-0.129702,0.273883,-0.183218,-0.935199,0.000000,114.845238
328899,-0.016835,0.898422,-0.237303,-0.128832,0.273933,-0.181969,-0.935548,0.000000,112.240791
328903,-0.016592,0.898517,-0.237359,-0.127317,0.273807,-0.179550,-0.936260,0.000000,111.369095
328906,-0.016400,0.898596,-0.237409,-0.125735,0.273999,-0.177199,-0.936865,0.000000,109.612312
328910,-0.015973,0.898747,-0.237551,-0.123168,0.274089,-0.173372,-0.937895,0.000000,107.835960
328914,-0.015656,0.898838,-0.237630,-0.121345,0.273982,-0.170699,-0.938654,0.000000,105.214348
328917,-0.015420,0.898917,-0.237699,-0.119856,0.274253,-0.168337,-0.939193,0.000000,104.350204
328921,-0.015010,0.899044,-0.237826,-0.117779,0.274146,-0.165414,-0.940006,0.000000,102.604408
328924,-0.014820,0.899095,-0.237868,-0.116693,0.274099,-0.163426,-0.940502,0.000000,100.188789
328927,-0.014670,0.899143,-0.237909,-0.115506,0.274252,-0.161604,-0.940919,0.000000,98.305321
328931,-0.014417,0.899233,-0.237981,-0.113689,0.274535,-0.158964,-0.941507,0.000000,97.440834
328935,-0.014148,0.899329,-0.238053,-0.112127,0.274412,-0.156301,-0.942176,0.000000,95.718727
328938,-0.013993,0.899377,-0.238091,-0.111074,0.274551,-0.154748,-0.942517,0.000000,93.122864
328941,-0.013844,0.899421,-0.238141,-0.110109,0.274747,-0.153153,-0.942833,0.000000,92.275543
328945,-0.013579,0.899485,-0.238208,-0.108602,0.274630,-0.150864,-0.943411,0.000000,90.541763
328949,-0.013290,0.899566,-0.238308,-0.106615,0.274942,-0.147902,-0.944016,-0.000343,88.816566
328953,-0.012917,0.899671,-0.238423,-0.104517,0.274755,-0.144687,-0.944802,-0.000343,86.278725
328956,-0.012675,0.899727,-0.238500,-0.103241,0.274674,-0.142744,-0.945262,0.000000,85.420418
328959,-0.012515,0.899760,-0.238549,-0.102257,0.274723,-0.141163,-0.945592,-0.000343,83.751183
328963,-0.012391,0.899804,-0.238588,-0.101082,0.275058,-0.139374,-0.945886,0.000000,82.108383
328966,-0.012222,0.899848,-0.238629,-0.100037,0.274976,-0.137867,-0.946242,-0.000343,79.603844
328970,-0.011975,0.899912,-0.238692,-0.098482,0.274998,-0.135163,-0.946788,0.000000,78.786392
328974,-0.011691,0.899991,-0.238776,-0.096653,0.275087,-0.132466,-0.947332,0.000000,77.120590
328977,-0.011410,0.900054,-0.238876,-0.095083,0.275016,-0.130108,-0.947838,0.000000,74.633217
328981,-0.011089,0.900130,-0.238969,-0.093102,0.275245,-0.127174,-0.948367,0.000000,73.804092
328984,-0.010865,0.900181,-0.239039,-0.091759,0.275310,-0.125163,-0.948746,-0.000343,72.167473
328988,-0.010544,0.900234,-0.239104,-0.090081,0.275081,-0.122317,-0.949344,0.000343,70.553169
328992,-0.010247,0.900316,-0.239194,-0.087686,0.275414,-0.118898,-0.949906,-0.000343,68.147163
328995,-0.009924,0.900382,-0.239281,-0.085876,0.275332,-0.116118,-0.950439,0.000000,67.377777
328999,-0.009539,0.900464,-0.239400,-0.083850,0.275130,-0.112926,-0.951063,-0.000343,65.801582
329002,-0.009304,0.900518,-0.239487,-0.082582,0.275278,-0.110963,-0.951362,0.000000,64.240494
329006,-0.009030,0.900579,-0.239582,-0.080816,0.275464,-0.108323,-0.951764,0.000000,61.934395
329009,-0.008767,0.900634,-0.239656,-0.079195,0.275368,-0.105909,-0.952200,0.000000,61.137886
329013,-0.008466,0.900697,-0.239752,-0.077157,0.275439,-0.102829,-0.952684,0.000000,59.615250
329017,-0.008213,0.900746,-0.239820,-0.075724,0.275246,-0.100474,-0.953106,0.000000,57.470856
329020,-0.008067,0.900773,-0.239869,-0.074827,0.275207,-0.099250,-0.953316,0.000000,55.823936
329023,-0.007896,0.900802,-0.239922,-0.073767,0.275150,-0.097775,-0.953568,-0.000343,55.077209
329027,-0.007721,0.900832,-0.239976,-0.072371,0.275449,-0.095590,-0.953810,0.000000,53.604355
329030,-0.007542,0.900864,-0.240023,-0.071287,0.275311,-0.094016,-0.954088,0.000000,51.433525
329034,-0.007297,0.900903,-0.240087,-0.069734,0.275359,-0.091568,-0.954427,0.000000,50.714951
329038,-0.007025,0.900945,-0.240190,-0.068206,0.275272,-0.089251,-0.954781,0.000000,49.288101
329041,-0.006831,0.900978,-0.240260,-0.067249,0.275110,-0.087882,-0.955023,0.000000,47.871552
329045,-0.006652,0.901009,-0.240322,-0.066085,0.275252,-0.086204,-0.955216,-0.000343,45.772133
329048,-0.006538,0.901021,-0.240352,-0.065344,0.275370,-0.085086,-0.955333,0.000000,45.099564
329052,-0.006357,0.901029,-0.240372,-0.064294,0.275017,-0.083438,-0.955652,-0.000343,43.736229
329055,-0.006235,0.901050,-0.240376,-0.063458,0.274969,-0.082253,-0.955824,0.000000,42.386971
329059,-0.006097,0.901071,-0.240396,-0.062318,0.275134,-0.080711,-0.955983,0.000000,40.406685
329062,-0.005919,0.901102,-0.240442,-0.061247,0.275036,-0.078996,-0.956224,-0.000343,39.765358
329066,-0.005647,0.901141,-0.240540,-0.059787,0.274930,-0.076815,-0.956524,0.000000,38.462791
329070,-0.005455,0.901176,-0.240621,-0.058614,0.274972,-0.075067,-0.956724,0.000000,37.188721
329073,-0.005281,0.901199,-0.240710,-0.057638,0.274772,-0.073545,-0.956959,-0.000343,35.337868
329077,-0.005142,0.901226,-0.240797,-0.056378,0.274949,-0.071837,-0.957112,0.000000,34.716454
329080,-0.005056,0.901248,-0.240843,-0.055617,0.275000,-0.070772,-0.957222,0.000000,33.520660
329084,-0.004891,0.901272,-0.240906,-0.054734,0.274682,-0.069346,-0.957468,0.000000,31.860695
329087,-0.004796,0.901278,-0.240928,-0.054098,0.274673,-0.068471,-0.957570,-0.000343,30.586967
329091,-0.004691,0.901293,-0.240941,-0.053165,0.274973,-0.067259,-0.957622,-0.000343,30.037994
329094,-0.004531,0.901300,-0.240965,-0.052473,0.274864,-0.066134,-0.957770,-0.000343,28.894730
329098,-0.004332,0.901307,-0.240992,-0.051484,0.274815,-0.064419,-0.957954,0.000000,27.780991
329101,-0.004199,0.901324,-0.241015,-0.050714,0.274848,-0.063496,-0.958047,-0.000343,26.188316
329105,-0.004029,0.901340,-0.241056,-0.049861,0.274632,-0.062114,-0.958245,-0.000343,25.678482
329109,-0.003932,0.901363,-0.241094,-0.048965,0.274861,-0.060714,-0.958315,0.000000,24.657440
329112,-0.003851,0.901384,-0.241141,-0.048192,0.274851,-0.059847,-0.958412,0.000000,23.151627
329116,-0.003686,0.901397,-0.241201,-0.047326,0.274516,-0.058327,-0.958644,0.000000,22.190323
329119,-0.003611,0.901412,-0.241242,-0.046699,0.274611,-0.057359,-0.958706,0.000000,21.717567
329123,-0.003498,0.901448,-0.241308,-0.045748,0.274893,-0.056165,-0.958742,0.000000,20.783386
329127,-0.003309,0.901456,-0.241352,-0.044969,0.274549,-0.055002,-0.958945,-0.000343,19.443398
329130,-0.003208,0.901465,-0.241377,-0.044415,0.274677,-0.054069,-0.958987,0.000000,18.567238
329133,-0.003131,0.901467,-0.241390,-0.043857,0.274770,-0.053308,-0.959029,0.000000,18.141174
329137,-0.003007,0.901460,-0.241409,-0.043283,0.274571,-0.052378,-0.959163,0.000343,17.318916
329141,-0.002942,0.901470,-0.241425,-0.042641,0.274710,-0.051578,-0.959196,0.000000,16.113167
329144,-0.002892,0.901474,-0.241443,-0.042208,0.274685,-0.050830,-0.959262,0.000000,15.720406
329148,-0.002768,0.901482,-0.241487,-0.041632,0.274309,-0.049928,-0.959442,0.000000,14.974022
329151,-0.002707,0.901482,-0.241518,-0.041246,0.274336,-0.049245,-0.959486,0.000000,14.259224
329155,-0.002688,0.901492,-0.241545,-0.040820,0.274567,-0.048763,-0.959463,0.000000,13.554039
329158,-0.002609,0.901498,-0.241572,-0.040448,0.274407,-0.048156,-0.959555,0.000000,12.554283
329162,-0.002537,0.901494,-0.241588,-0.040038,0.274447,-0.047406,-0.959598,0.000000,12.228127
329166,-0.002450,0.901501,-0.241594,-0.039573,0.274481,-0.046466,-0.959654,0.000000,11.608772
329169,-0.002377,0.901498,-0.241607,-0.039188,0.274347,-0.045958,-0.959732,-0.000343,10.979805
329173,-0.002317,0.901502,-0.241614,-0.038621,0.274550,-0.045012,-0.959742,0.000000,10.394783
329176,-0.002254,0.901517,-0.241632,-0.038158,0.274570,-0.044537,-0.959777,0.000000,9.567032
329179,-0.002172,0.901520,-0.241658,-0.037745,0.274524,-0.043963,-0.959833,0.000000,8.979607
329183,-0.002036,0.901527,-0.241708,-0.037093,0.274359,-0.042812,-0.959957,-0.000343,8.703918
329187,-0.001960,0.901537,-0.241743,-0.036529,0.274584,-0.042152,-0.959944,0.000000,8.190651
329190,-0.001887,0.901538,-0.241765,-0.036213,0.274453,-0.041682,-0.960014,0.000000,7.501602
329194,-0.001818,0.901539,-0.241779,-0.035789,0.274402,-0.040855,-0.960080,0.000000,7.044983
329197,-0.001797,0.901547,-0.241771,-0.035561,0.274527,-0.040548,-0.960066,0.000000,6.849632
329201,-0.001726,0.901541,-0.241778,-0.035299,0.274273,-0.039975,-0.960172,0.000000,6.419106
329205,-0.001726,0.901539,-0.241785,-0.035020,0.274468,-0.039817,-0.960133,0.000000,5.793228
329208,-0.001699,0.901548,-0.241799,-0.034778,0.274513,-0.039381,-0.960147,0.000000,5.581398
329212,-0.001599,0.901557,-0.241846,-0.034523,0.274088,-0.038898,-0.960297,0.000000,5.203400
329215,-0.001568,0.901558,-0.241875,-0.034270,0.274134,-0.038322,-0.960316,0.000000,4.848747
329219,-0.001586,0.901563,-0.241889,-0.034009,0.274327,-0.038316,-0.960271,0.000000,4.519844
329222,-0.001536,0.901565,-0.241906,-0.033824,0.274222,-0.037856,-0.960325,0.000000,4.031982
329226,-0.001521,0.901559,-0.241897,-0.033651,0.274270,-0.037617,-0.960327,0.000000,3.878517
329229,-0.001509,0.901564,-0.241889,-0.033486,0.274392,-0.037426,-0.960306,0.000000,3.581543
329233,-0.001421,0.901559,-0.241886,-0.033338,0.274049,-0.037123,-0.960420,0.000000,3.334694
329236,-0.001371,0.901555,-0.241883,-0.033204,0.274019,-0.036841,-0.960445,-0.000343,2.939186
329240,-0.001362,0.901566,-0.241871,-0.033038,0.274368,-0.036722,-0.960355,-0.000343,2.802887
329244,-0.001271,0.901553,-0.241892,-0.032867,0.274078,-0.035997,-0.960472,0.000000,2.583160
329247,-0.001273,0.901558,-0.241892,-0.032784,0.274100,-0.036121,-0.960463,0.000000,2.350044
329251,-0.001286,0.901568,-0.241904,-0.032577,0.274316,-0.035825,-0.960420,0.000000,2.025604
329254,-0.001285,0.901564,-0.241915,-0.032537,0.274172,-0.035855,-0.960461,0.000000,1.931877
329258,-0.001282,0.901566,-0.241944,-0.032399,0.274238,-0.035436,-0.960463,0.000000,1.749916
329261,-0.001304,0.901571,-0.241953,-0.032292,0.274318,-0.035554,-0.960439,0.000000,1.480751
329265,-0.001258,0.901566,-0.241982,-0.032203,0.274073,-0.035148,-0.960527,-0.000343,1.403160
329268,-0.001239,0.901570,-0.241992,-0.032126,0.274013,-0.035144,-0.960547,0.000000,1.250038
329272,-0.001277,0.901573,-0.241975,-0.032038,0.274398,-0.035070,-0.960442,0.000000,1.119576
329276,-0.001197,0.901566,-0.241979,-0.031983,0.273898,-0.034992,-0.960590,-0.000343,1.000099
329279,-0.001171,0.901564,-0.241969,-0.031837,0.273982,-0.034699,-0.960581,0.000000,0.905342
329282,-0.001173,0.901565,-0.241951,-0.031855,0.274246,-0.034676,-0.960506,0.000000,0.807152
329286,-0.001134,0.901569,-0.241949,-0.031758,0.274149,-0.034623,-0.960539,0.000000,0.689735
329290,-0.001132,0.901564,-0.241944,-0.031721,0.274198,-0.034753,-0.960522,0.000000,0.579872
329293,-0.001141,0.901565,-0.241943,-0.031604,0.274307,-0.034560,-0.960501,0.000000,0.448380
329297,-0.001088,0.901567,-0.241969,-0.031561,0.273944,-0.034557,-0.960606,0.000000,0.409927
329301,-0.001129,0.901570,-0.241973,-0.031502,0.274368,-0.034335,-0.960495,0.000000,0.338860
329304,-0.001139,0.901575,-0.241992,-0.031484,0.274316,-0.034483,-0.960505,0.000000,0.280151
329307,-0.001123,0.901574,-0.242010,-0.031384,0.274206,-0.034314,-0.960546,0.000000,0.251312
329310,-0.001107,0.901572,-0.242017,-0.031383,0.274164,-0.034030,-0.960568,0.000000,0.211487
329310,-0.001107,0.901572,-0.242017,-0.031383,0.274164,-0.034030,-0.960568,0.000000,0.179901
329310,-0.001107,0.901572,-0.242017,-0.031383,0.274164,-0.034030,-0.960568,-0.000343,0.119476
329310,-0.001107,0.901572,-0.242017,-0.031383,0.274164,-0.034030,-0.960568,0.000000,0.095444
329310,-0.001107,0.901572,-0.242017,-0.031383,0.274164,-0.034030,-0.960568,0.000000,0.064201
329310,-0.001107,0.901572,-0.242017,-0.031383,0.274164,-0.034030,-0.960568,0.000000,0.048409
329310,-0.001107,0.901572,-0.242017,-0.031383,0.274164,-0.034030,-0.960568,0.000000,0.043945
329310,-0.001107,0.901572,-0.242017,-0.031383,0.274164,-0.034030,-0.960568,0.000000,0.030899
329310,-0.001107,0.901572,-0.242017,-0.031383,0.274164,-0.034030,-0.960568,0.000000,0.008926
329310,-0.001107,0.901572,-0.242017,-0.031383,0.274164,-0.034030,-0.960568,0.000000,-0.009613
329310,-0.001107,0.901572,-0.242017,-0.031383,0.274164,-0.034030,-0.960568,0.000000,-0.013390
329310,-0.001107,0.901572,-0.242017,-0.031383,0.274164,-0.034030,-0.960568,-0.000343,-0.017509
329310,-0.001107,0.901572,-0.242017,-0.031383,0.274164,-0.034030,-0.960568,0.000000,-0.018196
329310,-0.001107,0.901572,-0.242017,-0.031383,0.274164,-0.034030,-0.960568,0.000000,-0.017853
329310,-0.001107,0.901572,-0.242017,-0.031383,0.274164,-0.034030,-0.960568,-0.000343,-0.018196
329310,-0.001107,0.901572,-0.242017,-0.031383,0.274164,-0.034030,-0.960568,-0.000343,-0.018196
329310,-0.001107,0.901572,-0.242017,-0.031383,0.274164,-0.034030,-0.960568,0.000000,-0.018196
329310,-0.001107,0.901572,-0.242017,-0.031383,0.274164,-0.034030,-0.960568,0.000000,-0.017853
329310,-0.001107,0.901572,-0.242017,-0.031383,0.274164,-0.034030,-0.960568,0.000000,-0.017853
329310,-0.001107,0.901572,-0.242017,-0.031383,0.274164,-0.034030,-0.960568,-0.000343,-0.017853
329310,-0.001107,0.901572,-0.242017,-0.031383,0.274164,-0.034030,-0.960568,-0.000343,-0.017853
329310,-0.001107,0.901572,-0.242017,-0.031383,0.274164,-0.034030,-0.960568,0.000343,-0.017509
329310,-0.001107,0.901572,-0.242017,-0.031383,0.274164,-0.034030,-0.960568,0.000000,-0.017166
329310,-0.001107,0.901572,-0.242017,-0.031383,0.274164,-0.034030,-0.960568,0.000000,-0.016823
329310,-0.001107,0.901572,-0.242017,-0.031383,0.274164,-0.034030,-0.960568,-0.000343,-0.016479
329310,-0.001107,0.901572,-0.242017,-0.031383,0.274164,-0.034030,-0.960568,-0.000343,-0.015793
329310,-0.001107,0.901572,-0.242017,-0.031383,0.274164,-0.034030,-0.960568,0.000000,-0.013733
329310,-0.001107,0.901572,-0.242017,-0.031383,0.274164,-0.034030,-0.960568,0.000000,-0.012703
329310,-0.001107,0.901572,-0.242017,-0.031383,0.274164,-0.034030,-0.960568,-0.000343,-0.009956
329310,-0.001107,0.901572,-0.242017,-0.031383,0.274164,-0.034030,-0.960568,0.000000,-0.006180
329417,-0.000983,0.901569,-0.242018,-0.030845,0.273945,-0.033264,-0.960675,-0.000343,-0.000687
329421,-0.001039,0.901574,-0.241990,-0.030843,0.274385,-0.033391,-0.960545,0.000000,0.001030
329425,-0.000994,0.901570,-0.242009,-0.030825,0.273846,-0.033499,-0.960696,0.000000,0.003777
329428,-0.001002,0.901566,-0.242009,-0.030839,0.273939,-0.033241,-0.960678,0.000000,0.005493
329432,-0.001086,0.901582,-0.242011,-0.030850,0.274293,-0.033716,-0.960560,0.000000,0.006180
329435,-0.001069,0.901580,-0.242025,-0.030809,0.274176,-0.033418,-0.960605,0.000343,0.006866
329439,-0.001072,0.901579,-0.242035,-0.030827,0.274030,-0.033579,-0.960640,0.000000,0.006866
329443,-0.001075,0.901582,-0.242040,-0.030776,0.274240,-0.033305,-0.960592,0.000000,0.006866
329446,-0.001051,0.901578,-0.242042,-0.030837,0.274007,-0.033543,-0.960648,0.000000,0.006866
329450,-0.001043,0.901576,-0.242034,-0.030752,0.274191,-0.033293,-0.960607,-0.000343,0.007210
329453,-0.001048,0.901576,-0.242028,-0.030819,0.274301,-0.033567,-0.960564,0.000000,0.006866
329456,-0.001044,0.901577,-0.242022,-0.030785,0.274288,-0.033568,-0.960568,0.000000,0.006866
329460,-0.000984,0.901568,-0.242037,-0.030831,0.273912,-0.033357,-0.960681,0.000000,0.006866
329463,-0.001006,0.901572,-0.242040,-0.030819,0.274003,-0.033458,-0.960653,0.000000,0.006866
329467,-0.001046,0.901574,-0.242040,-0.030812,0.274225,-0.033468,-0.960589,-0.000343,0.007210
329471,-0.001002,0.901580,-0.242065,-0.030730,0.274040,-0.033116,-0.960657,0.000000,0.007210
329474,-0.001038,0.901576,-0.242057,-0.030757,0.274230,-0.033363,-0.960593,0.000000,0.006866
329478,-0.001001,0.901575,-0.242067,-0.030755,0.274062,-0.033143,-0.960649,0.000000,0.006866
329482,-0.001032,0.901580,-0.242047,-0.030746,0.274214,-0.033476,-0.960594,0.000000,0.006866
329485,-0.001042,0.901577,-0.242028,-0.030777,0.274371,-0.033237,-0.960556,-0.000343,0.006866
329488,-0.001037,0.901574,-0.242020,-0.030786,0.274418,-0.033334,-0.960539,0.000000,0.006866
329492,-0.000970,0.901567,-0.242029,-0.030733,0.273956,-0.033169,-0.960679,-0.000343,0.007210
329496,-0.001040,0.901575,-0.242019,-0.030801,0.274274,-0.033581,-0.960571,0.000000,0.006866
329499,-0.001014,0.901575,-0.242032,-0.030715,0.274187,-0.033270,-0.960610,0.000000,0.006866
329503,-0.001021,0.901577,-0.242040,-0.030738,0.274027,-0.033475,-0.960648,0.000000,0.006866
329506,-0.001047,0.901575,-0.242043,-0.030745,0.274261,-0.033314,-0.960586,0.000000,0.006866
329510,-0.001024,0.901575,-0.242052,-0.030757,0.273978,-0.033455,-0.960662,0.000000,0.006866
329514,-0.001042,0.901579,-0.242036,-0.030706,0.274233,-0.033246,-0.960598,0.000000,0.006866
329517,-0.001056,0.901577,-0.242021,-0.030743,0.274322,-0.033514,-0.960562,0.000000,0.006866
329520,-0.001045,0.901571,-0.242009,-0.030750,0.274293,-0.033413,-0.960573,0.000000,0.006523
329524,-0.000988,0.901568,-0.242009,-0.030775,0.273944,-0.033325,-0.960675,-0.000343,0.006523
329527,-0.000997,0.901565,-0.242001,-0.030744,0.274065,-0.033354,-0.960641,0.000000,0.006523
329531,-0.001028,0.901570,-0.241997,-0.030759,0.274186,-0.033404,-0.960604,-0.000343,0.006180
329534,-0.001008,0.901568,-0.242020,-0.030751,0.273982,-0.033335,-0.960665,0.000000,0.006180
329538,-0.001041,0.901579,-0.242028,-0.030734,0.274245,-0.033381,-0.960589,-0.000343,0.006523
329542,-0.001019,0.901572,-0.242055,-0.030722,0.274040,-0.033068,-0.960658,-0.000343,0.006180
329545,-0.001010,0.901574,-0.242067,-0.030733,0.273942,-0.033192,-0.960682,-0.000343,0.006180
329549,-0.001073,0.901575,-0.242047,-0.030704,0.274433,-0.033205,-0.960542,-0.000343,0.006180
329552,-0.001065,0.901578,-0.242045,-0.030733,0.274352,-0.033250,-0.960563,0.000000,0.005836
329556,-0.000986,0.901571,-0.242058,-0.030711,0.273964,-0.033030,-0.960682,0.000000,0.005836
329560,-0.001038,0.901573,-0.242044,-0.030722,0.274261,-0.033488,-0.960581,0.000000,0.005836
329563,-0.000999,0.901575,-0.242054,-0.030692,0.274191,-0.033161,-0.960613,0.000000,0.005836
329567,-0.001011,0.901580,-0.242057,-0.030728,0.274074,-0.033391,-0.960637,0.000000,0.005836
329570,-0.001046,0.901578,-0.242057,-0.030663,0.274271,-0.033215,-0.960589,0.000000,0.005493
329574,-0.001029,0.901579,-0.242070,-0.030705,0.273930,-0.033403,-0.960679,0.000000,0.005493
329577,-0.001027,0.901574,-0.242059,-0.030720,0.273907,-0.033169,-0.960693,0.000000,0.005493
329581,-0.001090,0.901581,-0.242035,-0.030704,0.274321,-0.033525,-0.960563,0.000000,0.005150
329584,-0.001070,0.901576,-0.242020,-0.030717,0.274262,-0.033310,-0.960587,0.000000,0.005150
329588,-0.001003,0.901570,-0.242016,-0.030715,0.273945,-0.033322,-0.960677,0.000000,0.005150
329591,-0.000993,0.901571,-0.242003,-0.030699,0.274073,-0.033246,-0.960644,0.000000,0.005150
329595,-0.000995,0.901571,-0.241999,-0.030709,0.274122,-0.033322,-0.960627,0.000000,0.004807
329599,-0.000963,0.901575,-0.242014,-0.030652,0.274122,-0.033000,-0.960640,0.000000,0.004807
329602,-0.001004,0.901575,-0.242017,-0.030678,0.274280,-0.033347,-0.960582,0.000000,0.004463
329606,-0.000969,0.901571,-0.242043,-0.030690,0.274019,-0.033005,-0.960668,0.000000,0.004463
329609,-0.000971,0.901571,-0.242057,-0.030676,0.273882,-0.033196,-0.960701,0.000000,0.004120
329613,-0.001040,0.901575,-0.242050,-0.030676,0.274441,-0.033149,-0.960543,0.000000,0.003777
329616,-0.001027,0.901578,-0.242059,-0.030677,0.274333,-0.033263,-0.960570,0.000000,0.003777
329620,-0.000969,0.901572,-0.242066,-0.030684,0.274019,-0.032985,-0.960669,-0.000343,0.003433
329624,-0.001004,0.901579,-0.242050,-0.030693,0.274231,-0.033392,-0.960594,0.000000,0.003090
329627,-0.000973,0.901571,-0.242050,-0.030652,0.274141,-0.033036,-0.960633,0.000000,0.002747
329631,-0.001004,0.901571,-0.242037,-0.030696,0.274159,-0.033361,-0.960615,0.000000,0.002403
329634,-0.001017,0.901576,-0.242040,-0.030675,0.274349,-0.033095,-0.960571,0.000000,0.002060
329638,-0.000989,0.901569,-0.242055,-0.030714,0.273941,-0.033317,-0.960678,0.000000,0.001717
329641,-0.000987,0.901568,-0.242059,-0.030663,0.273911,-0.033027,-0.960699,0.000000,0.001373
329645,-0.001036,0.901578,-0.242054,-0.030663,0.274294,-0.033471,-0.960574,-0.000343,0.001373
329648,-0.001013,0.901574,-0.242049,-0.030667,0.274265,-0.033197,-0.960592,0.000000,0.000687
329652,-0.000969,0.901574,-0.242052,-0.030672,0.273947,-0.033279,-0.960680,0.000000,0.000343
329655,-0.000970,0.901573,-0.242045,-0.030670,0.274155,-0.033136,-0.960625,0.000000,0.000000
329659,-0.000979,0.901570,-0.242032,-0.030709,0.274109,-0.033346,-0.960630,0.000000,-0.000343
329662,-0.000954,0.901565,-0.242040,-0.030660,0.273936,-0.033144,-0.960687,-0.000343,-0.000687
329666,-0.001023,0.901574,-0.242031,-0.030677,0.274261,-0.033357,-0.960587,0.000000,-0.000687
329669,-0.001048,0.901573,-0.242037,-0.030701,0.274320,-0.033373,-0.960569,0.000000,-0.000687
329673,-0.000985,0.901574,-0.242070,-0.030653,0.273898,-0.033211,-0.960696,0.000000,-0.001030
329677,-0.001056,0.901579,-0.242053,-0.030668,0.274417,-0.033087,-0.960552,-0.000343,-0.001030
329680,-0.001043,0.901579,-0.242055,-0.030659,0.274275,-0.033265,-0.960587,0.000000,-0.001030
329684,-0.000978,0.901577,-0.242052,-0.030608,0.274036,-0.032959,-0.960667,0.000000,-0.001030
329687,-0.001017,0.901572,-0.242026,-0.030675,0.274187,-0.033207,-0.960613,0.000000,-0.001373
329691,-0.000968,0.901570,-0.242024,-0.030615,0.274103,-0.032965,-0.960647,0.000000,-0.001030
329694,-0.000955,0.901561,-0.242022,-0.030688,0.273950,-0.033040,-0.960686,-0.000343,-0.001373
329698,-0.000999,0.901571,-0.242017,-0.030666,0.274389,-0.033027,-0.960562,0.000000,-0.001373
329702,-0.000955,0.901566,-0.242055,-0.030649,0.273909,-0.033248,-0.960692,0.000000,-0.001373
329705,-0.000960,0.901568,-0.242071,-0.030630,0.273939,-0.032894,-0.960696,-0.000343,-0.001373
329709,-0.001035,0.901583,-0.242079,-0.030639,0.274296,-0.033405,-0.960577,0.000000,-0.001373
329712,-0.001029,0.901583,-0.242087,-0.030613,0.274240,-0.033090,-0.960604,0.000000,-0.001373
329716,-0.001022,0.901578,-0.242084,-0.030644,0.273995,-0.033287,-0.960666,-0.000343,-0.001373
329719,-0.001026,0.901580,-0.242063,-0.030588,0.274178,-0.033102,-0.960622,0.000000,-0.001373
329723,-0.001016,0.901571,-0.242039,-0.030674,0.274043,-0.033326,-0.960650,0.000000,-0.001373
329727,-0.000997,0.901574,-0.242012,-0.030617,0.274202,-0.033084,-0.960615,0.000000,-0.001373
329730,-0.001009,0.901573,-0.241995,-0.030647,0.274279,-0.033369,-0.960582,-0.000343,-0.001373
329734,-0.000947,0.901562,-0.242007,-0.030667,0.273961,-0.032966,-0.960686,0.000000,-0.001373
329737,-0.000948,0.901567,-0.242020,-0.030647,0.273870,-0.033202,-0.960705,-0.000343,-0.001373
329740,-0.000964,0.901574,-0.242028,-0.030652,0.274026,-0.033129,-0.960663,0.000000,-0.001373
329744,-0.001019,0.901582,-0.242042,-0.030649,0.274260,-0.033284,-0.960591,-0.000343,-0.001373
329748,-0.000987,0.901576,-0.242070,-0.030583,0.274057,-0.032878,-0.960665,-0.000343,-0.001373
329751,-0.001037,0.901574,-0.242063,-0.030626,0.274187,-0.033252,-0.960613,0.000000,-0.001373
329755,-0.001001,0.901575,-0.242063,-0.030615,0.274044,-0.032943,-0.960665,0.000000,-0.001373
329758,-0.000992,0.901572,-0.242057,-0.030629,0.273874,-0.033113,-0.960707,0.000000,-0.001373
329762,-0.001047,0.901575,-0.242025,-0.030626,0.274398,-0.033019,-0.960561,-0.000343,-0.001373
329765,-0.001039,0.901579,-0.242027,-0.030638,0.274385,-0.033234,-0.960557,0.000000,-0.001373
329769,-0.000975,0.901567,-0.242035,-0.030612,0.273951,-0.032894,-0.960693,-0.000343,-0.001373
329773,-0.001034,0.901574,-0.242028,-0.030633,0.274300,-0.033320,-0.960579,0.000000,-0.001373
329776,-0.001009,0.901575,-0.242037,-0.030637,0.274228,-0.032970,-0.960611,-0.000343,-0.001373
329780,-0.001010,0.901571,-0.242039,-0.030626,0.273989,-0.033196,-0.960672,0.000000,-0.001373
329783,-0.001015,0.901577,-0.242035,-0.030606,0.274238,-0.033020,-0.960607,0.000000,-0.001373
329787,-0.001002,0.901574,-0.242037,-0.030633,0.274013,-0.033257,-0.960663,-0.000343,-0.001373
329790,-0.000976,0.901561,-0.242036,-0.030620,0.273935,-0.032888,-0.960698,0.000000,-0.001373
329794,-0.001052,0.901566,-0.242016,-0.030648,0.274280,-0.033356,-0.960582,0.000000,-0.001373
329798,-0.000997,0.901567,-0.242030,-0.030631,0.273911,-0.033052,-0.960699,-0.000343,-0.001373
329801,-0.000998,0.901572,-0.242041,-0.030637,0.273840,-0.033237,-0.960712,-0.000343,-0.001373
329805,-0.001059,0.901576,-0.242026,-0.030651,0.274353,-0.033158,-0.960568,0.000000,-0.001717
329808,-0.001033,0.901577,-0.242035,-0.030640,0.274163,-0.033329,-0.960617,-0.000343,-0.001373
329811,-0.000994,0.901575,-0.242039,-0.030576,0.274024,-0.033092,-0.960667,0.000000,-0.001373
329815,-0.001037,0.901574,-0.242005,-0.030644,0.274166,-0.033274,-0.960618,0.000000,-0.001373
329819,-0.001001,0.901572,-0.241996,-0.030576,0.274001,-0.033001,-0.960677,-0.000343,-0.001373
329822,-0.001002,0.901563,-0.241986,-0.030614,0.273820,-0.033255,-0.960718,0.000000,-0.001373
329826,-0.001048,0.901567,-0.241974,-0.030624,0.274397,-0.033021,-0.960561,-0.000343,-0.001373
329829,-0.001041,0.901574,-0.241994,-0.030590,0.274276,-0.033301,-0.960587,0.000000,-0.001373
329833,-0.000980,0.901569,-0.242031,-0.030621,0.273995,-0.032826,-0.960683,0.000000,-0.001373
329837,-0.001044,0.901580,-0.242050,-0.030615,0.274280,-0.033159,-0.960590,0.000000,-0.001373
329840,-0.001028,0.901578,-0.242070,-0.030568,0.274192,-0.032924,-0.960625,0.000000,-0.001373
329843,-0.001028,0.901577,-0.242076,-0.030600,0.273977,-0.033180,-0.960677,0.000000,-0.001717
329847,-0.001054,0.901579,-0.242067,-0.030560,0.274240,-0.032951,-0.960611,0.000000,-0.001717
329851,-0.001047,0.901574,-0.242052,-0.030641,0.273995,-0.033121,-0.960672,0.000000,-0.001373
329854,-0.001023,0.901568,-0.242038,-0.030605,0.273937,-0.032839,-0.960699,-0.000343,-0.001373
329858,-0.001075,0.901572,-0.242010,-0.030592,0.274275,-0.033286,-0.960588,-0.000343,-0.001373
329861,-0.001061,0.901568,-0.241997,-0.030622,0.274345,-0.033005,-0.960577,0.000000,-0.001373
329865,-0.000994,0.901565,-0.242010,-0.030614,0.273829,-0.033131,-0.960720,0.000000,-0.001373
329868,-0.001003,0.901567,-0.242010,-0.030570,0.274036,-0.032937,-0.960669,0.000000,-0.001373
329872,-0.001019,0.901578,-0.242019,-0.030614,0.274148,-0.033284,-0.960624,0.000000,-0.001373
329876,-0.000981,0.901576,-0.242042,-0.030554,0.274054,-0.033006,-0.960662,0.000000,-0.001373
329879,-0.001024,0.901572,-0.242037,-0.030614,0.274215,-0.033297,-0.960604,-0.000343,-0.001373
329883,-0.000989,0.901569,-0.242061,-0.030590,0.273968,-0.033049,-0.960684,0.000000,-0.001373
329886,-0.000989,0.901573,-0.242067,-0.030593,0.273788,-0.033212,-0.960730,0.000000,-0.001717
329890,-0.001071,0.901579,-0.242054,-0.030593,0.274346,-0.033123,-0.960573,0.000000,-0.001373
329893,-0.001061,0.901582,-0.242069,-0.030560,0.274260,-0.033391,-0.960590,0.000000,-0.001373
329897,-0.001015,0.901571,-0.242073,-0.030584,0.273980,-0.032914,-0.960685,-0.000343,-0.001373
329900,-0.001040,0.901578,-0.242061,-0.030553,0.274053,-0.033240,-0.960654,0.000000,-0.001373
329904,-0.001042,0.901581,-0.242042,-0.030588,0.274216,-0.033015,-0.960614,0.000000,-0.001373
329908,-0.001031,0.901570,-0.242015,-0.030609,0.274023,-0.033008,-0.960669,0.000000,-0.001373
329911,-0.001029,0.901577,-0.242010,-0.030561,0.274261,-0.032969,-0.960604,0.000000,-0.001373
329915,-0.000979,0.901563,-0.242011,-0.030611,0.274004,-0.032995,-0.960675,0.000000,-0.001373
329918,-0.000938,0.901570,-0.242020,-0.030549,0.273938,-0.032841,-0.960701,0.000000,-0.001373
329922,-0.000985,0.901581,-0.242027,-0.030578,0.274304,-0.033111,-0.960586,0.000000,-0.001373
329925,-0.000992,0.901580,-0.242032,-0.030574,0.274353,-0.032975,-0.960577,0.000000,-0.001373
329929,-0.000962,0.901574,-0.242056,-0.030568,0.273876,-0.033049,-0.960711,0.000000,-0.001373
329932,-0.000999,0.901578,-0.242058,-0.030536,0.274112,-0.032850,-0.960651,0.000000,-0.001030
329936,-0.001045,0.901576,-0.242056,-0.030603,0.274077,-0.033239,-0.960646,0.000000,-0.001373
329940,-0.001038,0.901584,-0.242061,-0.030575,0.274091,-0.033148,-0.960646,0.000000,-0.001373
329943,-0.001061,0.901583,-0.242047,-0.030570,0.274251,-0.033279,-0.960596,0.000000,-0.001373
329946,-0.001051,0.901579,-0.242041,-0.030561,0.274381,-0.033010,-0.960568,0.000000,-0.001373
329950,-0.000958,0.901571,-0.242050,-0.030543,0.273783,-0.033157,-0.960734,-0.000343,-0.001373
329954,-0.001012,0.901577,-0.242015,-0.030616,0.274316,-0.033161,-0.960580,0.000000,-0.001373
329957,-0.000998,0.901578,-0.242020,-0.030593,0.274243,-0.033340,-0.960595,-0.000343,-0.001373
329961,-0.000956,0.901572,-0.242026,-0.030560,0.273966,-0.033025,-0.960686,0.000000,-0.001373
329964,-0.000991,0.901576,-0.242028,-0.030594,0.274060,-0.033229,-0.960651,-0.000343,-0.001373
329968,-0.000998,0.901579,-0.242049,-0.030566,0.274134,-0.033067,-0.960637,0.000000,-0.001030
329971,-0.000999,0.901572,-0.242063,-0.030610,0.273904,-0.033245,-0.960695,0.000000,-0.001030
329975,-0.001032,0.901586,-0.242068,-0.030550,0.274291,-0.033071,-0.960592,0.000000,-0.001030
329979,-0.000990,0.901579,-0.242081,-0.030545,0.273980,-0.032862,-0.960688,-0.000343,-0.001373
329982,-0.000984,0.901580,-0.242067,-0.030564,0.273889,-0.032856,-0.960714,0.000000,-0.001030
329986,-0.001041,0.901577,-0.242041,-0.030532,0.274367,-0.033060,-0.960572,-0.000343,-0.001373
329989,-0.001036,0.901574,-0.242020,-0.030544,0.274308,-0.033040,-0.960589,-0.000343,-0.001030
329993,-0.000972,0.901572,-0.242025,-0.030559,0.273915,-0.032937,-0.960704,0.000000,-0.001030
329996,-0.000987,0.901575,-0.242022,-0.030532,0.274135,-0.032903,-0.960643,0.000000,-0.001030
330000,-0.000993,0.901575,-0.242034,-0.030582,0.274113,-0.033067,-0.960642,-0.000343,-0.001373
330003,-0.000955,0.901571,-0.242054,-0.030590,0.274025,-0.032819,-0.960676,0.000000,-0.001030
330007,-0.001015,0.901586,-0.242049,-0.030537,0.274285,-0.033123,-0.960593,0.000000,-0.001030
330010,-0.001042,0.901580,-0.242049,-0.030559,0.274399,-0.032946,-0.960566,-0.000343,-0.001030
330014,-0.000996,0.901575,-0.242062,-0.030562,0.273845,-0.033035,-0.960720,0.000000,-0.001030
330018,-0.001076,0.901582,-0.242032,-0.030603,0.274299,-0.033332,-0.960579,0.000000,-0.001030
330021,-0.001033,0.901584,-0.242032,-0.030543,0.274204,-0.033223,-0.960612,0.000000,-0.001030
330025,-0.000980,0.901576,-0.242031,-0.030561,0.273958,-0.033128,-0.960685,0.000000,-0.001030
330028,-0.001001,0.901573,-0.242016,-0.030547,0.274104,-0.033186,-0.960642,0.000000,-0.001030
330032,-0.000991,0.901574,-0.242009,-0.030580,0.274071,-0.033150,-0.960652,0.000000,-0.001030
330035,-0.000992,0.901565,-0.242010,-0.030615,0.273905,-0.033181,-0.960697,-0.000343,-0.001030
330039,-0.001037,0.901580,-0.242010,-0.030568,0.274284,-0.033202,-0.960589,0.000000,-0.001030
330039,-0.001037,0.901580,-0.242010,-0.030568,0.274284,-0.033202,-0.960589,0.000000,-0.001030
330039,-0.001037,0.901580,-0.242010,-0.030568,0.274284,-0.033202,-0.960589,0.000000,-0.001030
330039,-0.001037,0.901580,-0.242010,-0.030568,0.274284,-0.033202,-0.960589,0.000000,-0.001030
330039,-0.001037,0.901580,-0.242010,-0.030568,0.274284,-0.033202,-0.960589,0.000000,-0.001030
330039,-0.001037,0.901580,-0.242010,-0.030568,0.274284,-0.033202,-0.960589,0.000000,-0.001030
330039,-0.001037,0.901580,-0.242010,-0.030568,0.274284,-0.033202,-0.960589,0.000000,-0.001030
330039,-0.001037,0.901580,-0.242010,-0.030568,0.274284,-0.033202,-0.960589,0.000000,-0.001030
330039,-0.001037,0.901580,-0.242010,-0.030568,0.274284,-0.033202,-0.960589,0.000000,-0.001030
330039,-0.001037,0.901580,-0.242010,-0.030568,0.274284,-0.033202,-0.960589,0.000000,-0.001030
330039,-0.001037,0.901580,-0.242010,-0.030568,0.274284,-0.033202,-0.960589,0.000000,-0.001030
330039,-0.001037,0.901580,-0.242010,-0.030568,0.274284,-0.033202,-0.960589,0.000000,-0.001030
330039,-0.001037,0.901580,-0.242010,-0.030568,0.274284,-0.033202,-0.960589,0.000000,-0.001030
330039,-0.001037,0.901580,-0.242010,-0.030568,0.274284,-0.033202,-0.960589,0.000000,-0.001030
330039,-0.001037,0.901580,-0.242010,-0.030568,0.274284,-0.033202,-0.960589,0.000000,-0.001030
