0,0.000000,0.000000,0.000000,0.000000,0.000000,0.000000,0.000000,0.000000,0.000000
0,0.000000,0.000000,0.000000,0.000000,0.000000,0.000000,0.000000,0.000000,0.000000
0,0.000000,0.000000,0.000000,0.000000,0.000000,0.000000,0.000000,0.000000,0.000000
0,0.000000,0.000000,0.000000,0.000000,0.000000,0.000000,0.000000,0.000000,0.000000
0,0.000000,0.000000,0.000000,0.000000,0.000000,0.000000,0.000000,0.000000,0.000000
0,0.000000,0.000000,0.000000,0.000000,0.000000,0.000000,0.000000,0.000000,0.000000
0,0.000000,0.000000,0.000000,0.000000,0.000000,0.000000,0.000000,0.000000,0.000000
0,0.000000,0.000000,0.000000,0.000000,0.000000,0.000000,0.000000,0.000000,0.000000
0,0.000000,0.000000,0.000000,0.000000,0.000000,0.000000,0.000000,0.000000,0.000000
0,0.000000,0.000000,0.000000,0.000000,0.000000,0.000000,0.000000,0.000000,0.000000
0,0.000000,0.000000,0.000000,0.000000,0.000000,0.000000,0.000000,0.000000,0.000000
0,0.000000,0.000000,0.000000,0.000000,0.000000,0.000000,0.000000,0.000000,0.000000
0,0.000000,0.000000,0.000000,0.000000,0.000000,0.000000,0.000000,0.000000,0.000000
0,0.000000,0.000000,0.000000,0.000000,0.000000,0.000000,0.000000,0.000000,0.000000
0,0.000000,0.000000,0.000000,0.000000,0.000000,0.000000,0.000000,0.000000,0.000000
0,0.000000,0.000000,0.000000,0.000000,0.000000,0.000000,0.000000,0.000000,0.000000
0,0.000000,0.000000,0.000000,0.000000,0.000000,0.000000,0.000000,0.000000,0.000000
0,0.000000,0.000000,0.000000,0.000000,0.000000,0.000000,0.000000,0.000000,0.000000
0,0.000000,0.000000,0.000000,0.000000,0.000000,0.000000,0.000000,0.000000,0.000000
0,0.000000,0.000000,0.000000,0.000000,0.000000,0.000000,0.000000,0.000000,0.000000
0,0.000000,0.000000,0.000000,0.000000,0.000000,0.000000,0.000000,0.000000,0.000000
0,0.000000,0.000000,0.000000,0.000000,0.000000,0.000000,0.000000,0.000000,0.000000
0,0.000000,0.000000,0.000000,0.000000,0.000000,0.000000,0.000000,0.000000,0.000000
0,0.000000,0.000000,0.000000,0.000000,0.000000,0.000000,0.000000,0.000000,0.000000
0,0.000000,0.000000,0.000000,0.000000,0.000000,0.000000,0.000000,0.000000,0.000000
0,0.000000,0.000000,0.000000,0.000000,0.000000,0.000000,0.000000,0.000000,0.000000
261950,-0.086081,0.874269,-0.217879,-0.201399,0.272413,-0.297196,-0.892695,299.998856,0.000000
261953,-0.086082,0.874274,-0.217875,-0.201372,0.272238,-0.297207,-0.892751,299.998856,0.000000
261957,-0.086115,0.874253,-0.217874,-0.201428,0.272485,-0.297116,-0.892693,299.998512,0.000000
261961,-0.086084,0.874278,-0.217874,-0.201397,0.272303,-0.296977,-0.892802,299.999199,-0.000343
261964,-0.086088,0.874278,-0.217868,-0.201366,0.272246,-0.297091,-0.892788,299.998856,0.000000
261968,-0.086128,0.874256,-0.217864,-0.201433,0.272615,-0.297035,-0.892679,299.998856,-0.000343
261971,-0.086125,0.874251,-0.217863,-0.201417,0.272514,-0.297070,-0.892702,299.998856,0.000000
261975,-0.086074,0.874281,-0.217852,-0.201378,0.272257,-0.297010,-0.892809,299.998856,-0.000343
261978,-0.086086,0.874270,-0.217853,-0.201363,0.272397,-0.297033,-0.892762,299.998856,-0.000343
261982,-0.086096,0.874260,-0.217859,-0.201436,0.272457,-0.297046,-0.892723,299.998856,-0.000343
261985,-0.086076,0.874278,-0.217860,-0.201416,0.272326,-0.297013,-0.892779,299.998856,-0.000343
261989,-0.086117,0.874254,-0.217872,-0.201429,0.272554,-0.297030,-0.892700,299.998856,0.000000
261993,-0.086094,0.874273,-0.217881,-0.201359,0.272209,-0.297252,-0.892748,299.998512,0.000000
261996,-0.086078,0.874285,-0.217885,-0.201343,0.272208,-0.297059,-0.892815,299.998856,0.000000
262000,-0.086136,0.874246,-0.217881,-0.201435,0.272537,-0.297278,-0.892622,299.998856,-0.000343
262003,-0.086121,0.874255,-0.217884,-0.201442,0.272497,-0.297145,-0.892677,299.998856,0.000000
262007,-0.086092,0.874271,-0.217881,-0.201389,0.272276,-0.297165,-0.892749,299.998856,0.000000
262010,-0.086107,0.874260,-0.217879,-0.201460,0.272479,-0.297077,-0.892700,299.998856,0.000000
262014,-0.086100,0.874267,-0.217876,-0.201390,0.272290,-0.297237,-0.892721,299.998512,0.000000
262017,-0.086091,0.874277,-0.217885,-0.201380,0.272217,-0.297199,-0.892758,299.998856,-0.000343
262021,-0.086148,0.874249,-0.217887,-0.201442,0.272532,-0.297223,-0.892640,299.998856,0.000000
262024,-0.086152,0.874248,-0.217896,-0.201426,0.272522,-0.297218,-0.892648,299.998856,-0.000343
262028,-0.086109,0.874279,-0.217903,-0.201356,0.272224,-0.297089,-0.892798,299.998856,0.000000
262031,-0.086114,0.874269,-0.217900,-0.201386,0.272288,-0.297187,-0.892739,299.998856,-0.000343
262035,-0.086121,0.874255,-0.217901,-0.201415,0.272479,-0.297139,-0.892690,299.998856,0.000000
262039,-0.086074,0.874277,-0.217885,-0.201375,0.272349,-0.296997,-0.892786,299.998856,0.000000
262042,-0.086088,0.874258,-0.217873,-0.201393,0.272437,-0.297114,-0.892716,299.998856,-0.000343
262046,-0.086061,0.874266,-0.217868,-0.201415,0.272364,-0.296992,-0.892774,299.998512,-0.000343
262049,-0.086051,0.874273,-0.217861,-0.201368,0.272239,-0.297025,-0.892812,299.998856,-0.000343
262053,-0.086090,0.874246,-0.217864,-0.201454,0.272605,-0.296982,-0.892695,299.998856,0.000000
262057,-0.086064,0.874274,-0.217876,-0.201365,0.272152,-0.297184,-0.892786,299.998856,-0.000343
262060,-0.086068,0.874277,-0.217884,-0.201393,0.272301,-0.296965,-0.892807,299.998856,0.000000
262064,-0.086131,0.874243,-0.217901,-0.201423,0.272486,-0.297206,-0.892664,299.998856,0.000000
262067,-0.086119,0.874260,-0.217905,-0.201377,0.272430,-0.297084,-0.892732,299.998856,-0.000343
262071,-0.086117,0.874262,-0.217908,-0.201366,0.272299,-0.297196,-0.892737,299.998856,-0.000343
262074,-0.086132,0.874253,-0.217906,-0.201414,0.272518,-0.297074,-0.892700,299.998856,-0.000343
262078,-0.086112,0.874266,-0.217894,-0.201359,0.272198,-0.297250,-0.892752,299.998512,0.000000
262081,-0.086089,0.874278,-0.217889,-0.201350,0.272212,-0.297082,-0.892805,299.998512,-0.000343
262085,-0.086144,0.874236,-0.217882,-0.201457,0.272525,-0.297217,-0.892641,299.999199,-0.000343
262088,-0.086140,0.874240,-0.217877,-0.201417,0.272503,-0.297168,-0.892673,299.999199,-0.000343
262092,-0.086111,0.874267,-0.217881,-0.201419,0.272296,-0.297162,-0.892738,299.999199,0.000000
262095,-0.086126,0.874252,-0.217881,-0.201383,0.272346,-0.297125,-0.892742,299.998856,-0.000343
262099,-0.086132,0.874255,-0.217891,-0.201427,0.272379,-0.297211,-0.892694,299.999199,-0.000343
262103,-0.086111,0.874269,-0.217897,-0.201373,0.272392,-0.296991,-0.892776,299.998856,0.000000
262106,-0.086138,0.874252,-0.217893,-0.201409,0.272489,-0.297155,-0.892683,299.999199,-0.000343
262110,-0.086095,0.874277,-0.217893,-0.201408,0.272329,-0.296956,-0.892798,299.998856,-0.000343
262113,-0.086092,0.874276,-0.217882,-0.201401,0.272260,-0.297088,-0.892778,299.998856,-0.000343
262117,-0.086143,0.874245,-0.217879,-0.201487,0.272644,-0.296992,-0.892672,299.998856,-0.000343
262120,-0.086144,0.874246,-0.217881,-0.201454,0.272546,-0.297115,-0.892669,299.998856,0.000000
262124,-0.086115,0.874276,-0.217880,-0.201366,0.272277,-0.297004,-0.892807,299.998856,0.000000
262128,-0.086155,0.874250,-0.217894,-0.201412,0.272465,-0.297203,-0.892674,299.998856,-0.000343
262131,-0.086136,0.874263,-0.217904,-0.201417,0.272412,-0.297004,-0.892755,299.999199,-0.000343
262135,-0.086139,0.874261,-0.217905,-0.201400,0.272377,-0.297155,-0.892719,299.999199,0.000000
262138,-0.086144,0.874253,-0.217904,-0.201401,0.272546,-0.296975,-0.892728,299.998856,-0.000343
262142,-0.086103,0.874276,-0.217889,-0.201375,0.272178,-0.297198,-0.892771,299.998856,-0.000343
262145,-0.086080,0.874285,-0.217881,-0.201361,0.272229,-0.297018,-0.892819,299.998856,-0.000343
262149,-0.086131,0.874242,-0.217867,-0.201440,0.272529,-0.297248,-0.892633,299.999199,-0.000343
262152,-0.086117,0.874250,-0.217867,-0.201424,0.272457,-0.297097,-0.892709,299.999199,-0.000343
262156,-0.086102,0.874265,-0.217868,-0.201407,0.272287,-0.297146,-0.892748,299.998856,0.000000
262159,-0.086130,0.874255,-0.217879,-0.201450,0.272488,-0.297051,-0.892709,299.999199,0.000000
262163,-0.086144,0.874264,-0.217894,-0.201391,0.272255,-0.297195,-0.892745,299.999199,-0.000343
262166,-0.086132,0.874282,-0.217904,-0.201349,0.272187,-0.297162,-0.892786,299.999199,0.000000
262170,-0.086197,0.874246,-0.217912,-0.201452,0.272540,-0.297239,-0.892630,299.998856,-0.000343
262174,-0.086136,0.874287,-0.217913,-0.201408,0.272324,-0.296969,-0.892796,299.998856,-0.000343
262177,-0.086142,0.874274,-0.217910,-0.201343,0.272214,-0.297160,-0.892780,299.999199,0.000000
262181,-0.086161,0.874251,-0.217896,-0.201460,0.272626,-0.296983,-0.892687,299.998856,-0.000343
262184,-0.086146,0.874256,-0.217892,-0.201418,0.272434,-0.297155,-0.892698,299.999199,-0.000343
262188,-0.086115,0.874272,-0.217879,-0.201388,0.272369,-0.296975,-0.892784,299.998856,-0.000343
262191,-0.086137,0.874256,-0.217876,-0.201410,0.272463,-0.297111,-0.892705,299.998512,-0.000343
262195,-0.086120,0.874267,-0.217887,-0.201374,0.272345,-0.296957,-0.892801,299.987869,-0.000343
262198,-0.086118,0.874278,-0.217890,-0.201409,0.272273,-0.297078,-0.892774,299.960403,0.000000
262202,-0.086157,0.874260,-0.217898,-0.201421,0.272622,-0.296994,-0.892693,299.913368,-0.000343
262206,-0.086121,0.874284,-0.217901,-0.201384,0.272212,-0.297208,-0.892756,299.856377,-0.000343
262209,-0.086115,0.874283,-0.217901,-0.201360,0.272253,-0.297023,-0.892810,299.806595,-0.000343
262213,-0.086154,0.874244,-0.217889,-0.201450,0.272537,-0.297231,-0.892634,299.754410,-0.000343
262216,-0.086128,0.874254,-0.217878,-0.201430,0.272450,-0.297024,-0.892734,299.712868,-0.000343
262220,-0.086117,0.874257,-0.217869,-0.201426,0.272363,-0.297133,-0.892725,299.666862,-0.000343
262223,-0.086125,0.874248,-0.217871,-0.201431,0.272545,-0.297027,-0.892703,299.625320,-0.000343
262227,-0.086103,0.874265,-0.217880,-0.201367,0.272201,-0.297212,-0.892762,299.598198,-0.000343
262230,-0.086084,0.874280,-0.217895,-0.201318,0.272179,-0.297047,-0.892834,299.499664,-0.000343
262234,-0.086148,0.874246,-0.217910,-0.201415,0.272507,-0.297226,-0.892653,299.418640,-0.000343
262237,-0.086141,0.874258,-0.217913,-0.201395,0.272477,-0.297132,-0.892698,299.315643,0.000000
262241,-0.086116,0.874285,-0.217914,-0.201343,0.272244,-0.297154,-0.892773,299.187241,-0.000343
262245,-0.086152,0.874255,-0.217895,-0.201420,0.272547,-0.297088,-0.892685,299.075317,-0.000343
262248,-0.086140,0.874265,-0.217880,-0.201366,0.272324,-0.297233,-0.892717,299.008713,-0.000343
262252,-0.086126,0.874270,-0.217853,-0.201420,0.272432,-0.297001,-0.892749,298.815422,-0.000343
262255,-0.086148,0.874242,-0.217846,-0.201444,0.272483,-0.297174,-0.892671,298.683586,-0.000343
262259,-0.086097,0.874272,-0.217847,-0.201429,0.272361,-0.296969,-0.892780,298.531151,-0.000343
262262,-0.086101,0.874271,-0.217854,-0.201407,0.272238,-0.297082,-0.892784,298.395538,0.000000
262266,-0.086136,0.874250,-0.217870,-0.201446,0.272619,-0.297000,-0.892687,298.230057,-0.000343
262269,-0.086143,0.874256,-0.217884,-0.201428,0.272519,-0.297146,-0.892672,298.138046,-0.000343
262273,-0.086124,0.874277,-0.217894,-0.201393,0.272311,-0.296969,-0.892803,297.926903,0.000000
262276,-0.086153,0.874265,-0.217900,-0.201370,0.272393,-0.297086,-0.892744,297.596626,-0.000343
262280,-0.086159,0.874262,-0.217901,-0.201386,0.272387,-0.297055,-0.892753,297.385139,-0.000343
262284,-0.086171,0.874257,-0.217895,-0.201439,0.272429,-0.297161,-0.892693,297.113228,-0.000343
262287,-0.086180,0.874250,-0.217899,-0.201431,0.272595,-0.297017,-0.892692,296.881142,-0.000343
262291,-0.086148,0.874270,-0.217898,-0.201396,0.272170,-0.297222,-0.892761,296.613350,-0.000343
262294,-0.086134,0.874282,-0.217903,-0.201342,0.272242,-0.297058,-0.892806,296.344185,-0.000343
262298,-0.086193,0.874244,-0.217905,-0.201454,0.272534,-0.297255,-0.892626,296.035538,-0.000343
262302,-0.086139,0.874272,-0.217915,-0.201351,0.272247,-0.297076,-0.892796,295.754356,-0.000343
262305,-0.086146,0.874264,-0.217921,-0.201333,0.272280,-0.297195,-0.892751,295.422363,-0.000343
262308,-0.086147,0.874262,-0.217916,-0.201422,0.272483,-0.297109,-0.892697,295.267181,-0.000343
262312,-0.086125,0.874273,-0.217913,-0.201346,0.272309,-0.297233,-0.892726,294.701042,-0.000343
262316,-0.086127,0.874265,-0.217906,-0.201409,0.272521,-0.296991,-0.892728,294.313431,-0.000343
262319,-0.086146,0.874257,-0.217892,-0.201398,0.272534,-0.297170,-0.892667,293.886681,-0.000343
262323,-0.086098,0.874291,-0.217892,-0.201326,0.272287,-0.296937,-0.892836,293.509026,-0.000343
262326,-0.086116,0.874287,-0.217895,-0.201327,0.272278,-0.297090,-0.892788,293.077812,-0.000343
262330,-0.086152,0.874274,-0.217910,-0.201305,0.272573,-0.296937,-0.892754,292.851906,-0.000343
262333,-0.086136,0.874293,-0.217921,-0.201272,0.272501,-0.297060,-0.892742,292.155991,-0.000343
262337,-0.086102,0.874322,-0.217937,-0.201229,0.272411,-0.296806,-0.892864,291.676369,-0.000343
262340,-0.086110,0.874318,-0.217945,-0.201178,0.272506,-0.296884,-0.892820,291.123276,-0.000343
262344,-0.086051,0.874344,-0.217950,-0.201121,0.272397,-0.296662,-0.892940,290.627174,-0.000343
262348,-0.086050,0.874335,-0.217943,-0.201139,0.272523,-0.296749,-0.892869,290.003357,0.000000
262351,-0.086027,0.874345,-0.217943,-0.201084,0.272634,-0.296577,-0.892904,289.496269,-0.000343
262355,-0.085956,0.874389,-0.217949,-0.200993,0.272262,-0.296594,-0.893033,288.915024,-0.000343
262358,-0.085928,0.874410,-0.217957,-0.200918,0.272329,-0.296297,-0.893128,288.302193,-0.000343
262362,-0.085949,0.874407,-0.217975,-0.200858,0.272557,-0.296486,-0.893009,287.596321,-0.000343
262365,-0.085919,0.874433,-0.217991,-0.200781,0.272441,-0.296218,-0.893150,286.967354,-0.000343
262369,-0.085923,0.874445,-0.218010,-0.200763,0.272414,-0.296235,-0.893157,286.276932,-0.000343
262372,-0.085930,0.874443,-0.218011,-0.200766,0.272552,-0.296139,-0.893146,285.974808,-0.000343
262376,-0.085902,0.874463,-0.218008,-0.200670,0.272256,-0.296306,-0.893202,284.857979,-0.000343
262379,-0.085857,0.874488,-0.218010,-0.200590,0.272210,-0.296016,-0.893331,284.112282,-0.000343
262383,-0.085826,0.874499,-0.218000,-0.200573,0.272562,-0.295911,-0.893262,283.631973,-0.000343
262387,-0.085703,0.874568,-0.218003,-0.200449,0.272323,-0.295447,-0.893516,282.434464,0.000000
262390,-0.085634,0.874614,-0.218014,-0.200293,0.272357,-0.295383,-0.893562,281.667480,0.000000
262394,-0.085541,0.874672,-0.218050,-0.200088,0.272644,-0.294952,-0.893663,280.811234,-0.000343
262397,-0.085443,0.874745,-0.218083,-0.199857,0.272572,-0.294805,-0.893785,279.930611,-0.000343
262401,-0.085304,0.874843,-0.218130,-0.199551,0.272600,-0.294172,-0.894053,278.935318,-0.000343
262404,-0.085216,0.874913,-0.218165,-0.199321,0.272682,-0.293948,-0.894153,278.095894,-0.000343
262408,-0.085033,0.875044,-0.218211,-0.198967,0.272569,-0.293265,-0.894491,277.127724,-0.000343
262411,-0.084906,0.875127,-0.218232,-0.198758,0.272536,-0.292980,-0.894641,276.147194,-0.000343
262415,-0.084771,0.875214,-0.218241,-0.198509,0.272923,-0.292338,-0.894788,275.136795,-0.000343
262419,-0.084527,0.875368,-0.218266,-0.198040,0.272571,-0.291693,-0.895210,274.009666,-0.000343
262422,-0.084347,0.875488,-0.218284,-0.197725,0.272649,-0.290918,-0.895508,273.047333,-0.000343
262426,-0.084161,0.875626,-0.218328,-0.197305,0.272880,-0.290255,-0.895745,271.965523,-0.000343
262429,-0.083947,0.875773,-0.218376,-0.196918,0.272839,-0.289367,-0.896130,271.419640,-0.000343
262433,-0.083637,0.875981,-0.218448,-0.196327,0.272731,-0.288370,-0.896614,269.739761,-0.000343
262436,-0.083434,0.876120,-0.218519,-0.195922,0.272946,-0.287531,-0.896906,268.593750,-0.000343
262440,-0.083131,0.876322,-0.218596,-0.195280,0.272765,-0.286729,-0.897358,267.415123,-0.000343
262444,-0.082820,0.876523,-0.218663,-0.194692,0.273081,-0.285455,-0.897796,266.839027,-0.000343
262445,-0.082737,0.876574,-0.218683,-0.194529,0.272957,-0.285287,-0.897922,265.022850,-0.000343
262450,-0.082359,0.876816,-0.218750,-0.193756,0.273106,-0.284067,-0.898431,264.408646,-0.000343
262454,-0.082007,0.877037,-0.218819,-0.193074,0.272958,-0.282942,-0.898978,262.417374,-0.000343
262458,-0.081671,0.877266,-0.218900,-0.192358,0.273215,-0.281553,-0.899489,261.267929,-0.000343
262461,-0.081386,0.877460,-0.218982,-0.191705,0.273113,-0.280702,-0.899925,259.962273,-0.000343
262465,-0.081136,0.877789,-0.219078,-0.191436,0.272739,-0.279133,-0.900583,258.646660,-0.000343
262468,-0.080904,0.877954,-0.219157,-0.190878,0.272901,-0.278560,-0.900830,257.184105,-0.000343
262472,-0.080497,0.878226,-0.219285,-0.190055,0.272881,-0.277024,-0.901484,255.978012,-0.000343
262475,-0.080247,0.878379,-0.219378,-0.189323,0.272650,-0.276169,-0.901970,254.622917,-0.000343
262479,-0.079973,0.878552,-0.219445,-0.188703,0.272939,-0.275084,-0.902344,253.932152,-0.000343
262483,-0.079544,0.878830,-0.219527,-0.187793,0.272578,-0.273902,-0.903002,251.848526,-0.000343
262486,-0.079203,0.879051,-0.219604,-0.187113,0.272840,-0.272598,-0.903458,250.415840,-0.000343
262490,-0.078767,0.879321,-0.219711,-0.186226,0.273114,-0.271231,-0.903971,248.840332,-0.000343
262493,-0.078369,0.879549,-0.219814,-0.185425,0.273092,-0.269801,-0.904570,247.525749,-0.000343
262497,-0.077913,0.879824,-0.219945,-0.184464,0.273269,-0.268461,-0.905111,246.052895,-0.000343
262500,-0.077617,0.880018,-0.220041,-0.183793,0.273496,-0.267384,-0.905498,244.575233,-0.000343
262504,-0.077167,0.880290,-0.220165,-0.182681,0.273160,-0.266046,-0.906218,242.944450,-0.000343
262507,-0.076816,0.880503,-0.220262,-0.181995,0.273277,-0.264715,-0.906711,241.605492,-0.000343
262511,-0.076415,0.880757,-0.220376,-0.181050,0.273690,-0.263354,-0.907171,240.088692,-0.000343
262514,-0.076068,0.880972,-0.220474,-0.180267,0.273773,-0.262130,-0.907656,239.154510,-0.000343
262518,-0.075558,0.881259,-0.220610,-0.179254,0.273722,-0.260679,-0.908290,236.996040,-0.000343
262521,-0.075199,0.881484,-0.220727,-0.178341,0.273975,-0.259318,-0.908783,235.432205,-0.000343
262525,-0.074678,0.881784,-0.220867,-0.177161,0.273951,-0.257777,-0.909459,233.689156,-0.000343
262529,-0.074167,0.882082,-0.220994,-0.176111,0.274131,-0.256032,-0.910102,232.263680,-0.000343
262532,-0.073839,0.882268,-0.221085,-0.175412,0.274265,-0.255053,-0.910471,230.675812,-0.000343
262536,-0.073284,0.882584,-0.221233,-0.174258,0.274240,-0.253054,-0.911258,229.872437,-0.000343
262539,-0.072841,0.882842,-0.221365,-0.173320,0.274194,-0.251783,-0.911802,227.453041,-0.000343
262543,-0.072259,0.883155,-0.221503,-0.172136,0.274177,-0.250009,-0.912519,225.825348,-0.000343
262546,-0.071783,0.883397,-0.221622,-0.171188,0.273808,-0.248835,-0.913129,224.040413,-0.000343
262550,-0.071062,0.883769,-0.221803,-0.169913,0.273578,-0.246701,-0.914015,222.574425,-0.000343
262553,-0.070569,0.884017,-0.221931,-0.169014,0.273567,-0.245309,-0.914559,220.911026,-0.000343
262557,-0.069926,0.884349,-0.222110,-0.167820,0.273524,-0.243341,-0.915318,220.065422,-0.000343
262561,-0.069430,0.884601,-0.222227,-0.166863,0.273813,-0.241902,-0.915787,217.524834,-0.000687
262564,-0.069091,0.884789,-0.222325,-0.166060,0.273952,-0.240693,-0.916210,215.844612,-0.000343
262568,-0.068544,0.885071,-0.222457,-0.164979,0.273509,-0.239215,-0.916925,214.171944,-0.000343
262571,-0.068179,0.885262,-0.222555,-0.164205,0.273594,-0.237895,-0.917382,212.323494,-0.000343
262575,-0.067746,0.885486,-0.222679,-0.163215,0.273852,-0.236430,-0.917860,210.806007,-0.000343
262578,-0.067348,0.885709,-0.222806,-0.162302,0.273796,-0.235071,-0.918388,209.101410,-0.000687
262582,-0.066772,0.886017,-0.222964,-0.161026,0.273731,-0.233497,-0.919033,207.388573,-0.000687
262585,-0.066372,0.886219,-0.223064,-0.160168,0.273892,-0.232180,-0.919468,205.487251,-0.000343
262589,-0.065815,0.886502,-0.223193,-0.159097,0.273783,-0.230635,-0.920075,203.942986,-0.000343
262593,-0.065344,0.886727,-0.223317,-0.158115,0.274085,-0.229003,-0.920562,202.218819,-0.000343
262596,-0.064961,0.886906,-0.223407,-0.157350,0.274027,-0.228012,-0.920956,200.468216,-0.000343
262600,-0.064382,0.887205,-0.223572,-0.156155,0.273879,-0.225906,-0.921723,199.606819,-0.000343
262603,-0.063997,0.887390,-0.223689,-0.155351,0.273901,-0.224825,-0.922116,196.823502,-0.000343
262607,-0.063505,0.887630,-0.223854,-0.154227,0.274283,-0.223146,-0.922599,195.258980,-0.000343
262610,-0.063104,0.887831,-0.223987,-0.153454,0.274262,-0.221962,-0.923019,193.517647,-0.000343
262614,-0.062600,0.888068,-0.224137,-0.152305,0.274286,-0.220186,-0.923628,191.790047,-0.000343
262617,-0.062232,0.888236,-0.224252,-0.151557,0.274314,-0.219153,-0.923988,190.032921,-0.000343
262621,-0.061639,0.888529,-0.224422,-0.150462,0.274214,-0.217225,-0.924652,188.106880,-0.000687
262624,-0.061230,0.888716,-0.224518,-0.149610,0.274154,-0.216037,-0.925086,186.527939,-0.000343
262628,-0.060700,0.888955,-0.224669,-0.148478,0.274506,-0.214368,-0.925552,184.599838,-0.000343
262632,-0.060109,0.889210,-0.224812,-0.147338,0.274136,-0.212757,-0.926216,183.907356,-0.000687
262635,-0.059733,0.889375,-0.224913,-0.146526,0.274259,-0.211503,-0.926595,181.282997,-0.000687
262639,-0.059180,0.889629,-0.225080,-0.145298,0.274529,-0.209955,-0.927061,179.526215,-0.000343
262642,-0.058693,0.889846,-0.225212,-0.144314,0.274443,-0.208410,-0.927588,177.772179,-0.000343
262646,-0.058142,0.890077,-0.225375,-0.143155,0.274375,-0.206808,-0.928146,175.842705,-0.000343
262649,-0.057767,0.890229,-0.225474,-0.142365,0.274457,-0.205508,-0.928532,174.273033,-0.000343
262653,-0.057207,0.890459,-0.225635,-0.141276,0.274235,-0.204010,-0.929094,172.522774,-0.000343
262656,-0.056818,0.890614,-0.225729,-0.140566,0.274316,-0.202652,-0.929475,171.652107,-0.000343
262660,-0.056393,0.890792,-0.225843,-0.139693,0.274604,-0.201399,-0.929794,169.039764,-0.000687
262663,-0.056028,0.890934,-0.225944,-0.138992,0.274650,-0.200184,-0.930148,167.283325,-0.000343
262667,-0.055502,0.891149,-0.226088,-0.137967,0.274575,-0.198557,-0.930671,165.526886,-0.000687
262671,-0.054969,0.891374,-0.226253,-0.136873,0.274862,-0.196799,-0.931121,163.596725,-0.000687
262674,-0.054582,0.891529,-0.226374,-0.136127,0.274740,-0.195816,-0.931474,162.020531,-0.000343
262678,-0.054026,0.891743,-0.226537,-0.135041,0.274825,-0.193879,-0.932012,160.269928,-0.000687
262681,-0.053588,0.891932,-0.226685,-0.134015,0.274901,-0.192546,-0.932414,158.525505,-0.000687
262685,-0.053074,0.892133,-0.226832,-0.132980,0.274749,-0.190880,-0.932949,156.611481,-0.000343
262689,-0.052660,0.892288,-0.226946,-0.132128,0.274887,-0.189758,-0.933258,155.033226,-0.000343
262692,-0.052225,0.892458,-0.227059,-0.131208,0.275005,-0.188341,-0.933641,153.284683,-0.000687
262696,-0.051595,0.892690,-0.227206,-0.129970,0.274631,-0.186565,-0.934280,152.406464,-0.000687
262699,-0.051211,0.892827,-0.227292,-0.129215,0.274726,-0.185200,-0.934628,149.607353,-0.000343
262703,-0.050699,0.893003,-0.227429,-0.128216,0.274793,-0.183907,-0.935001,148.023949,-0.000343
262706,-0.050279,0.893169,-0.227564,-0.127394,0.274950,-0.182476,-0.935348,146.275063,-0.000687
262710,-0.049772,0.893346,-0.227715,-0.126428,0.275038,-0.181078,-0.935725,144.333916,-0.000343
262713,-0.049368,0.893483,-0.227839,-0.125703,0.275184,-0.179680,-0.936049,142.767677,-0.000343
262717,-0.048665,0.893718,-0.228047,-0.124306,0.274849,-0.177788,-0.936695,141.027374,-0.000343
262720,-0.048150,0.893894,-0.228180,-0.123322,0.274951,-0.175929,-0.937146,140.140228,-0.000687
262724,-0.047572,0.894102,-0.228345,-0.122075,0.275127,-0.174266,-0.937568,137.345581,-0.000687
262728,-0.047024,0.894263,-0.228492,-0.121016,0.274824,-0.172592,-0.938104,135.773163,-0.000687
262731,-0.046664,0.894387,-0.228603,-0.120297,0.274967,-0.171544,-0.938347,134.041786,-0.000687
262734,-0.046259,0.894528,-0.228724,-0.119415,0.275120,-0.170122,-0.938673,132.292557,-0.000343
262738,-0.045596,0.894766,-0.228922,-0.118057,0.275150,-0.168094,-0.939202,131.234436,-0.000687
262742,-0.044882,0.894997,-0.229156,-0.116476,0.275361,-0.165617,-0.939777,128.625183,-0.000343
262745,-0.044349,0.895179,-0.229327,-0.115334,0.275457,-0.164097,-0.940156,126.992340,-0.000343
262749,-0.043595,0.895413,-0.229556,-0.113873,0.275224,-0.161903,-0.940783,125.052567,-0.000687
262752,-0.043124,0.895548,-0.229668,-0.113022,0.275220,-0.160573,-0.941114,123.492508,-0.000687
262756,-0.042521,0.895707,-0.229817,-0.111868,0.275666,-0.158513,-0.941471,121.758728,-0.000343
262759,-0.042002,0.895850,-0.229935,-0.110997,0.275731,-0.157051,-0.941800,120.031815,-0.000687
262763,-0.041313,0.896031,-0.230083,-0.109814,0.275636,-0.154824,-0.942335,119.156685,-0.000687
262766,-0.040832,0.896175,-0.230218,-0.108774,0.275674,-0.153505,-0.942660,116.377831,-0.000687
262770,-0.040144,0.896364,-0.230417,-0.107471,0.275627,-0.151370,-0.943168,114.782410,-0.000687
262774,-0.039559,0.896553,-0.230634,-0.106335,0.275853,-0.149589,-0.943515,113.036957,-0.000343
262777,-0.039118,0.896668,-0.230778,-0.105365,0.275999,-0.148318,-0.943782,111.285667,-0.000687
262781,-0.038426,0.896868,-0.231000,-0.103933,0.275735,-0.146234,-0.944343,109.525108,-0.000343
262784,-0.037861,0.897018,-0.231155,-0.102823,0.275821,-0.144337,-0.944731,107.758369,-0.000687
262788,-0.037225,0.897184,-0.231333,-0.101352,0.275824,-0.142586,-0.945155,106.013947,-0.000343
262791,-0.036757,0.897304,-0.231457,-0.100530,0.275817,-0.141021,-0.945480,104.094429,-0.000687
262795,-0.036193,0.897435,-0.231603,-0.099546,0.275763,-0.139403,-0.945839,102.538834,-0.000687
262798,-0.035797,0.897516,-0.231709,-0.098790,0.275943,-0.138080,-0.946060,100.825653,-0.000343
262802,-0.035200,0.897655,-0.231887,-0.097677,0.275923,-0.136525,-0.946407,99.109039,-0.000343
262806,-0.034557,0.897815,-0.232085,-0.096360,0.276039,-0.134448,-0.946806,97.370110,-0.000343
262809,-0.034030,0.897946,-0.232283,-0.095398,0.276105,-0.132926,-0.947099,96.322975,-0.000343
262813,-0.033302,0.898116,-0.232543,-0.094025,0.276023,-0.130709,-0.947568,93.893623,-0.000687
262816,-0.032826,0.898222,-0.232700,-0.093076,0.275984,-0.129349,-0.947860,92.157097,-0.000343
262820,-0.032308,0.898338,-0.232840,-0.091979,0.276188,-0.127704,-0.948131,90.452499,-0.000687
262823,-0.031876,0.898414,-0.232931,-0.091158,0.276066,-0.126488,-0.948409,88.754082,-0.000687
262827,-0.031190,0.898557,-0.233060,-0.089888,0.275978,-0.124190,-0.948859,86.899109,-0.000343
262830,-0.030697,0.898667,-0.233168,-0.088980,0.275993,-0.122753,-0.949127,85.382996,-0.000687
262834,-0.029891,0.898817,-0.233369,-0.087178,0.276410,-0.119720,-0.949560,84.520226,-0.000343
262838,-0.028606,0.899132,-0.233837,-0.084333,0.276238,-0.116266,-0.950296,82.669373,-0.000343
262841,-0.028148,0.899189,-0.233943,-0.083985,0.276254,-0.114803,-0.950500,80.169296,-0.000687
262845,-0.027784,0.899236,-0.234085,-0.083445,0.275998,-0.113963,-0.950723,78.682709,-0.000687
262848,-0.027231,0.899347,-0.234291,-0.082316,0.276024,-0.112141,-0.951030,77.034073,-0.000343
262852,-0.026476,0.899505,-0.234523,-0.080662,0.276019,-0.109942,-0.951430,75.227852,-0.000343
262855,-0.026146,0.899571,-0.234633,-0.079903,0.275973,-0.108855,-0.951633,73.764954,-0.000687
262859,-0.025648,0.899637,-0.234763,-0.078966,0.275890,-0.107346,-0.951906,72.137947,-0.000687
262863,-0.024822,0.899796,-0.235040,-0.076985,0.276416,-0.104576,-0.952224,70.503731,-0.000343
262866,-0.023792,0.899985,-0.235342,-0.075041,0.276141,-0.101800,-0.952760,68.737679,-0.000687
262870,-0.023176,0.900069,-0.235538,-0.074022,0.276113,-0.100059,-0.953032,67.311172,-0.000687
262873,-0.022951,0.900061,-0.235550,-0.073982,0.276151,-0.099616,-0.953071,65.729485,-0.000343
262876,-0.022555,0.900146,-0.235672,-0.072931,0.276182,-0.098143,-0.953296,64.156723,-0.000343
262880,-0.021911,0.900233,-0.235825,-0.071686,0.276009,-0.096168,-0.953642,63.394547,-0.000343
262884,-0.021574,0.900272,-0.235889,-0.071064,0.276063,-0.095088,-0.953781,61.090851,-0.000343
262887,-0.021214,0.900322,-0.235969,-0.070352,0.275822,-0.094221,-0.953989,59.561348,-0.000343
262891,-0.020418,0.900401,-0.236232,-0.068468,0.276522,-0.091091,-0.954228,58.019829,-0.000687
262894,-0.019217,0.900606,-0.236679,-0.066119,0.276111,-0.087990,-0.954803,56.487579,-0.000343
262898,-0.018402,0.900745,-0.236988,-0.064757,0.275677,-0.086104,-0.955194,54.980049,-0.000343
262901,-0.018216,0.900724,-0.236999,-0.064867,0.275355,-0.086123,-0.955277,53.525391,-0.000687
262905,-0.017766,0.900808,-0.237139,-0.063808,0.275977,-0.084391,-0.955324,51.956062,-0.000687
262909,-0.017179,0.900853,-0.237242,-0.062556,0.275626,-0.082272,-0.955693,50.532303,-0.000343
262912,-0.017004,0.900863,-0.237261,-0.062016,0.275617,-0.081472,-0.955799,49.245186,-0.000343
262916,-0.016683,0.900893,-0.237328,-0.061331,0.275611,-0.080416,-0.955934,47.825546,-0.000687
262919,-0.016304,0.900953,-0.237504,-0.060313,0.275715,-0.079089,-0.956080,47.132721,-0.000687
262923,-0.015690,0.901016,-0.237774,-0.058955,0.276305,-0.077057,-0.956160,45.028496,-0.000343
262926,-0.014643,0.901136,-0.238139,-0.057074,0.275788,-0.074080,-0.956659,43.629799,-0.000343
262930,-0.013774,0.901233,-0.238504,-0.055578,0.275293,-0.072234,-0.957030,42.277794,-0.000343
262933,-0.013587,0.901207,-0.238518,-0.055441,0.275367,-0.071659,-0.957060,40.852318,-0.000343
262937,-0.013280,0.901242,-0.238569,-0.054731,0.275816,-0.070819,-0.957034,39.704247,-0.000343
262940,-0.012817,0.901277,-0.238627,-0.053649,0.275841,-0.069003,-0.957221,38.430862,-0.000343
262944,-0.012415,0.901290,-0.238642,-0.052935,0.275270,-0.067950,-0.957500,37.040405,-0.000687
262948,-0.012133,0.901305,-0.238674,-0.052426,0.275500,-0.067034,-0.957527,35.914993,-0.000343
262951,-0.011774,0.901343,-0.238812,-0.051596,0.275378,-0.066026,-0.957677,34.683495,-0.000343
262955,-0.011242,0.901399,-0.239042,-0.050606,0.275311,-0.064377,-0.957861,33.464012,-0.000343
262958,-0.010890,0.901431,-0.239224,-0.049947,0.275230,-0.063468,-0.957980,32.140160,-0.000343
262962,-0.009876,0.901475,-0.239555,-0.047919,0.275016,-0.060362,-0.958346,31.063843,-0.000343
262965,-0.009127,0.901566,-0.239843,-0.046187,0.275064,-0.058097,-0.958557,29.928131,-0.000343
262969,-0.009077,0.901529,-0.239801,-0.046160,0.275561,-0.057844,-0.958431,29.295044,-0.000343
262972,-0.008991,0.901497,-0.239755,-0.046274,0.275410,-0.057676,-0.958479,27.785454,-0.000343
262976,-0.008389,0.901535,-0.239888,-0.045042,0.274916,-0.055790,-0.958791,26.720467,-0.000343
262980,-0.008005,0.901539,-0.239982,-0.044272,0.275224,-0.054474,-0.958814,25.651360,-0.000343
262983,-0.007826,0.901537,-0.240052,-0.044124,0.275058,-0.054059,-0.958892,24.509468,-0.000687
262987,-0.007428,0.901578,-0.240222,-0.043349,0.275027,-0.053046,-0.958993,23.603096,-0.000343
262990,-0.007105,0.901616,-0.240375,-0.042695,0.275238,-0.052123,-0.959012,22.612267,-0.000687
262994,-0.006755,0.901629,-0.240505,-0.041934,0.274976,-0.050902,-0.959187,21.673622,-0.000343
262997,-0.006569,0.901631,-0.240556,-0.041493,0.274929,-0.050190,-0.959257,20.639877,-0.000343
263001,-0.006365,0.901627,-0.240579,-0.041011,0.275209,-0.049400,-0.959238,19.817276,-0.000343
263004,-0.006108,0.901620,-0.240626,-0.040420,0.275206,-0.048428,-0.959314,19.391899,-0.000687
263008,-0.005651,0.901639,-0.240752,-0.039605,0.274745,-0.047383,-0.959532,18.107872,-0.000343
263011,-0.005365,0.901653,-0.240829,-0.039098,0.274766,-0.046576,-0.959586,17.282181,-0.000687
263015,-0.004984,0.901657,-0.240951,-0.038604,0.274725,-0.045776,-0.959656,16.895256,-0.000343
263018,-0.004692,0.901675,-0.241066,-0.037979,0.274601,-0.044762,-0.959765,15.715599,-0.000343
263022,-0.004453,0.901674,-0.241144,-0.037495,0.274755,-0.044230,-0.959764,15.264473,-0.000343
263026,-0.004192,0.901682,-0.241242,-0.036955,0.274497,-0.043475,-0.959894,14.216652,-0.000343
263029,-0.003992,0.901683,-0.241312,-0.036532,0.274442,-0.042806,-0.959955,13.866806,-0.000343
263033,-0.003720,0.901670,-0.241397,-0.035546,0.275553,-0.041242,-0.959743,12.729034,-0.000343
263036,-0.002732,0.901687,-0.241713,-0.033807,0.274984,-0.038481,-0.960083,12.136459,-0.000343
263040,-0.002051,0.901724,-0.241960,-0.032484,0.274405,-0.036664,-0.960366,11.850471,-0.000343
263043,-0.002140,0.901692,-0.241891,-0.032909,0.274490,-0.037147,-0.960308,10.941010,-0.000343
263047,-0.001968,0.901719,-0.241971,-0.032445,0.274677,-0.036655,-0.960290,10.382423,-0.000343
263051,-0.001691,0.901694,-0.241989,-0.031977,0.274640,-0.035418,-0.960362,10.065536,-0.000343
263054,-0.001695,0.901700,-0.241987,-0.031688,0.274660,-0.035454,-0.960365,9.280014,-0.000343
263058,-0.001545,0.901691,-0.242020,-0.031529,0.274311,-0.034891,-0.960491,8.704262,-0.000343
263061,-0.001437,0.901695,-0.242081,-0.031121,0.274506,-0.034496,-0.960462,8.171425,-0.000343
263065,-0.001297,0.901706,-0.242161,-0.030819,0.274900,-0.034163,-0.960371,7.644424,-0.000343
263068,-0.001086,0.901720,-0.242254,-0.030502,0.274739,-0.033674,-0.960445,7.229347,-0.000343
263072,-0.000758,0.901718,-0.242354,-0.030031,0.274327,-0.033039,-0.960600,6.789894,-0.000343
263075,-0.000619,0.901713,-0.242387,-0.029796,0.274603,-0.032588,-0.960543,6.578751,-0.000343
263079,-0.000506,0.901697,-0.242389,-0.029570,0.274609,-0.032215,-0.960561,5.969353,-0.000343
263082,-0.000428,0.901688,-0.242381,-0.029460,0.274514,-0.031811,-0.960605,5.595131,-0.000343
263086,-0.000392,0.901691,-0.242375,-0.029187,0.274690,-0.031730,-0.960566,5.221939,-0.000343
263090,-0.000295,0.901683,-0.242395,-0.029034,0.274399,-0.031361,-0.960666,5.028648,-0.000343
263093,-0.000231,0.901672,-0.242435,-0.028910,0.274461,-0.030918,-0.960666,4.632797,-0.000343
263097,-0.000128,0.901689,-0.242521,-0.028592,0.274714,-0.030761,-0.960608,4.180984,-0.000343
263100,0.000042,0.901702,-0.242610,-0.028263,0.274483,-0.030386,-0.960696,3.868904,-0.000343
263103,0.000205,0.901707,-0.242676,-0.027995,0.274354,-0.029836,-0.960758,3.532448,-0.000343
263109,0.000372,0.901693,-0.242702,-0.027711,0.274166,-0.029583,-0.960828,3.300362,-0.000343
263111,0.000384,0.901690,-0.242688,-0.027664,0.274298,-0.029510,-0.960794,2.979012,-0.000343
263114,0.000441,0.901676,-0.242672,-0.027549,0.274075,-0.029323,-0.960866,2.786064,-0.000343
263118,0.000438,0.901682,-0.242656,-0.027469,0.274457,-0.029217,-0.960763,2.659721,-0.000343
263122,0.000549,0.901682,-0.242699,-0.027295,0.274174,-0.028680,-0.960865,2.342834,-0.000343
263125,0.000621,0.901691,-0.242741,-0.027136,0.274019,-0.028761,-0.960911,2.142334,-0.000343
263129,0.000671,0.901710,-0.242799,-0.026965,0.274431,-0.028419,-0.960808,1.942520,-0.000343
263132,0.000725,0.901709,-0.242825,-0.026851,0.274287,-0.028455,-0.960852,1.719360,-0.000343
263136,0.000778,0.901696,-0.242817,-0.026709,0.274067,-0.028041,-0.960931,1.561089,-0.000343
263139,0.000763,0.901693,-0.242788,-0.026666,0.274202,-0.028083,-0.960892,1.470451,-0.000343
263143,0.000830,0.901682,-0.242779,-0.026620,0.274068,-0.027746,-0.960941,1.246262,-0.000343
263146,0.000895,0.901676,-0.242787,-0.026563,0.273956,-0.027625,-0.960978,1.116486,-0.000343
263150,0.000926,0.901687,-0.242810,-0.026378,0.274332,-0.027525,-0.960879,0.995979,-0.000343
263154,0.001052,0.901683,-0.242874,-0.026329,0.273880,-0.027479,-0.961011,0.875816,-0.000343
263157,0.001101,0.901685,-0.242914,-0.026213,0.273890,-0.027128,-0.961021,0.776253,-0.000343
263160,0.001107,0.901687,-0.242942,-0.026119,0.274018,-0.027063,-0.960989,0.667763,-0.000343
263164,0.001092,0.901689,-0.242964,-0.026039,0.274102,-0.027161,-0.960964,0.573349,-0.000343
263167,0.001118,0.901686,-0.242967,-0.026024,0.274013,-0.026888,-0.960998,0.492668,-0.000343
263169,0.001082,0.901690,-0.242960,-0.025987,0.274295,-0.027030,-0.960914,0.420227,-0.000343
263169,0.001082,0.901690,-0.242960,-0.025987,0.274295,-0.027030,-0.960914,0.352249,-0.000343
263169,0.001082,0.901690,-0.242960,-0.025987,0.274295,-0.027030,-0.960914,0.308990,0.000000
263169,0.001082,0.901690,-0.242960,-0.025987,0.274295,-0.027030,-0.960914,0.261269,-0.000343
263169,0.001082,0.901690,-0.242960,-0.025987,0.274295,-0.027030,-0.960914,0.214577,-0.000343
263169,0.001082,0.901690,-0.242960,-0.025987,0.274295,-0.027030,-0.960914,0.170631,-0.000343
263169,0.001082,0.901690,-0.242960,-0.025987,0.274295,-0.027030,-0.960914,0.128059,0.000000
263169,0.001082,0.901690,-0.242960,-0.025987,0.274295,-0.027030,-0.960914,0.110550,-0.000343
263169,0.001082,0.901690,-0.242960,-0.025987,0.274295,-0.027030,-0.960914,0.066948,-0.000343
263169,0.001082,0.901690,-0.242960,-0.025987,0.274295,-0.027030,-0.960914,0.047379,-0.000343
263169,0.001082,0.901690,-0.242960,-0.025987,0.274295,-0.027030,-0.960914,0.025749,0.000000
263169,0.001082,0.901690,-0.242960,-0.025987,0.274295,-0.027030,-0.960914,0.005150,0.000000
263169,0.001082,0.901690,-0.242960,-0.025987,0.274295,-0.027030,-0.960914,-0.008583,-0.000343
263169,0.001082,0.901690,-0.242960,-0.025987,0.274295,-0.027030,-0.960914,-0.013046,-0.000343
263169,0.001082,0.901690,-0.242960,-0.025987,0.274295,-0.027030,-0.960914,-0.013046,-0.000343
263169,0.001082,0.901690,-0.242960,-0.025987,0.274295,-0.027030,-0.960914,-0.013046,0.000000
263169,0.001082,0.901690,-0.242960,-0.025987,0.274295,-0.027030,-0.960914,-0.013046,0.000000
263169,0.001082,0.901690,-0.242960,-0.025987,0.274295,-0.027030,-0.960914,-0.013046,0.000000
263169,0.001082,0.901690,-0.242960,-0.025987,0.274295,-0.027030,-0.960914,-0.013046,0.000000
263169,0.001082,0.901690,-0.242960,-0.025987,0.274295,-0.027030,-0.960914,-0.012703,0.000000
263169,0.001082,0.901690,-0.242960,-0.025987,0.274295,-0.027030,-0.960914,-0.012703,0.000000
263169,0.001082,0.901690,-0.242960,-0.025987,0.274295,-0.027030,-0.960914,-0.012703,0.000000
263169,0.001082,0.901690,-0.242960,-0.025987,0.274295,-0.027030,-0.960914,-0.012703,0.000000
263169,0.001082,0.901690,-0.242960,-0.025987,0.274295,-0.027030,-0.960914,-0.012360,0.000343
263169,0.001082,0.901690,-0.242960,-0.025987,0.274295,-0.027030,-0.960914,-0.011673,0.000343
263169,0.001082,0.901690,-0.242960,-0.025987,0.274295,-0.027030,-0.960914,-0.010986,0.000000
263169,0.001082,0.901690,-0.242960,-0.025987,0.274295,-0.027030,-0.960914,-0.009270,0.000343
263169,0.001082,0.901690,-0.242960,-0.025987,0.274295,-0.027030,-0.960914,-0.007210,0.000000
263169,0.001082,0.901690,-0.242960,-0.025987,0.274295,-0.027030,-0.960914,-0.006180,0.000000
263169,0.001082,0.901690,-0.242960,-0.025987,0.274295,-0.027030,-0.960914,-0.003090,0.000000
263278,0.001295,0.901675,-0.242974,-0.025680,0.274293,-0.026314,-0.960943,0.000343,0.000343
263281,0.001297,0.901681,-0.242958,-0.025688,0.274195,-0.026623,-0.960962,0.003090,0.000343
263285,0.001364,0.901664,-0.242956,-0.025742,0.273975,-0.026103,-0.961038,0.003777,0.000343
263285,0.001364,0.901664,-0.242956,-0.025742,0.273975,-0.026103,-0.961038,0.005493,0.000000
263285,0.001364,0.901664,-0.242956,-0.025742,0.273975,-0.026103,-0.961038,0.005836,0.000000
263285,0.001364,0.901664,-0.242956,-0.025742,0.273975,-0.026103,-0.961038,0.005836,0.000000
263285,0.001364,0.901664,-0.242956,-0.025742,0.273975,-0.026103,-0.961038,0.006180,0.000343
263285,0.001364,0.901664,-0.242956,-0.025742,0.273975,-0.026103,-0.961038,0.006180,0.000343
263285,0.001364,0.901664,-0.242956,-0.025742,0.273975,-0.026103,-0.961038,0.006180,0.000343
263285,0.001364,0.901664,-0.242956,-0.025742,0.273975,-0.026103,-0.961038,0.006180,0.000343
263285,0.001364,0.901664,-0.242956,-0.025742,0.273975,-0.026103,-0.961038,0.006180,0.000343
263285,0.001364,0.901664,-0.242956,-0.025742,0.273975,-0.026103,-0.961038,0.006180,0.000343
263285,0.001364,0.901664,-0.242956,-0.025742,0.273975,-0.026103,-0.961038,0.006180,0.000343
263285,0.001364,0.901664,-0.242956,-0.025742,0.273975,-0.026103,-0.961038,0.006523,0.000343
263285,0.001364,0.901664,-0.242956,-0.025742,0.273975,-0.026103,-0.961038,0.006180,0.000343
263285,0.001364,0.901664,-0.242956,-0.025742,0.273975,-0.026103,-0.961038,0.006180,0.000000
263285,0.001364,0.901664,-0.242956,-0.025742,0.273975,-0.026103,-0.961038,0.006180,0.000343
263285,0.001364,0.901664,-0.242956,-0.025742,0.273975,-0.026103,-0.961038,0.006180,0.000343
263285,0.001364,0.901664,-0.242956,-0.025742,0.273975,-0.026103,-0.961038,0.006180,0.000343
263285,0.001364,0.901664,-0.242956,-0.025742,0.273975,-0.026103,-0.961038,0.006180,0.000343
263285,0.001364,0.901664,-0.242956,-0.025742,0.273975,-0.026103,-0.961038,0.006180,0.000343
263285,0.001364,0.901664,-0.242956,-0.025742,0.273975,-0.026103,-0.961038,0.006180,0.000343
263285,0.001364,0.901664,-0.242956,-0.025742,0.273975,-0.026103,-0.961038,0.005836,0.000687
263285,0.001364,0.901664,-0.242956,-0.025742,0.273975,-0.026103,-0.961038,0.006180,0.000687
263285,0.001364,0.901664,-0.242956,-0.025742,0.273975,-0.026103,-0.961038,0.005836,0.000343
263285,0.001364,0.901664,-0.242956,-0.025742,0.273975,-0.026103,-0.961038,0.005836,0.000687
263285,0.001364,0.901664,-0.242956,-0.025742,0.273975,-0.026103,-0.961038,0.005836,0.000687
263285,0.001364,0.901664,-0.242956,-0.025742,0.273975,-0.026103,-0.961038,0.005493,0.000343
263285,0.001364,0.901664,-0.242956,-0.025742,0.273975,-0.026103,-0.961038,0.005836,0.000687
263285,0.001364,0.901664,-0.242956,-0.025742,0.273975,-0.026103,-0.961038,0.005493,0.000687
263285,0.001364,0.901664,-0.242956,-0.025742,0.273975,-0.026103,-0.961038,0.005493,0.000687
263285,0.001364,0.901664,-0.242956,-0.025742,0.273975,-0.026103,-0.961038,0.005150,0.000687
263391,0.001371,0.901666,-0.242966,-0.025699,0.273946,-0.026209,-0.961044,0.004807,0.000343
263395,0.001304,0.901667,-0.242930,-0.025733,0.274143,-0.026655,-0.960975,0.004807,0.000343
263398,0.001305,0.901667,-0.242923,-0.025709,0.274251,-0.026395,-0.960952,0.004807,0.000687
263402,0.001355,0.901664,-0.242942,-0.025753,0.273799,-0.026466,-0.961078,0.004463,0.000343
263405,0.001352,0.901666,-0.242943,-0.025714,0.273866,-0.026279,-0.961065,0.004120,0.000343
263409,0.001299,0.901675,-0.242951,-0.025703,0.274151,-0.026723,-0.960972,0.004120,0.000687
263413,0.001349,0.901672,-0.242963,-0.025707,0.273963,-0.026240,-0.961038,0.003777,0.000343
263416,0.001325,0.901675,-0.242960,-0.025712,0.274050,-0.026615,-0.961003,0.003090,0.000687
263420,0.001344,0.901667,-0.242954,-0.025704,0.274069,-0.026298,-0.961007,0.003090,0.000687
263423,0.001355,0.901663,-0.242946,-0.025766,0.273841,-0.026553,-0.961063,0.002403,0.000687
263427,0.001328,0.901668,-0.242928,-0.025689,0.274205,-0.026366,-0.960967,0.002060,0.000687
263430,0.001307,0.901670,-0.242922,-0.025750,0.274222,-0.026681,-0.960951,0.001373,0.000687
263434,0.001360,0.901661,-0.242943,-0.025714,0.273891,-0.026160,-0.961061,0.001373,0.000687
263437,0.001338,0.901668,-0.242951,-0.025682,0.273898,-0.026431,-0.961052,0.001030,0.000687
263441,0.001280,0.901670,-0.242953,-0.025691,0.274177,-0.026354,-0.960975,0.000687,0.000687
263445,0.001314,0.901670,-0.242970,-0.025714,0.273864,-0.026379,-0.961063,0.000343,0.000687
263448,0.001310,0.901673,-0.242970,-0.025686,0.274076,-0.026282,-0.961006,0.000000,0.000687
263452,0.001305,0.901667,-0.242955,-0.025733,0.273998,-0.026524,-0.961020,0.000000,0.000687
263452,0.001305,0.901667,-0.242955,-0.025733,0.273998,-0.026524,-0.961020,0.000000,0.000687
263452,0.001305,0.901667,-0.242955,-0.025733,0.273998,-0.026524,-0.961020,0.000000,0.000687
263452,0.001305,0.901667,-0.242955,-0.025733,0.273998,-0.026524,-0.961020,0.000000,0.000687
263452,0.001305,0.901667,-0.242955,-0.025733,0.273998,-0.026524,-0.961020,0.000000,0.000687
263452,0.001305,0.901667,-0.242955,-0.025733,0.273998,-0.026524,-0.961020,0.000000,0.000687
263452,0.001305,0.901667,-0.242955,-0.025733,0.273998,-0.026524,-0.961020,0.000000,0.000687
263452,0.001305,0.901667,-0.242955,-0.025733,0.273998,-0.026524,-0.961020,0.000000,0.000687
263452,0.001305,0.901667,-0.242955,-0.025733,0.273998,-0.026524,-0.961020,0.000000,0.000687
263452,0.001305,0.901667,-0.242955,-0.025733,0.273998,-0.026524,-0.961020,0.000000,0.000687
