0,0.000000,0.000000,0.000000,0.000000,0.000000,0.000000,0.000000,0.000000,0.000000
0,0.000000,0.000000,0.000000,0.000000,0.000000,0.000000,0.000000,0.000000,0.000000
0,0.000000,0.000000,0.000000,0.000000,0.000000,0.000000,0.000000,0.000000,0.000000
0,0.000000,0.000000,0.000000,0.000000,0.000000,0.000000,0.000000,0.000000,0.000000
0,0.000000,0.000000,0.000000,0.000000,0.000000,0.000000,0.000000,0.000000,0.000000
0,0.000000,0.000000,0.000000,0.000000,0.000000,0.000000,0.000000,0.000000,0.000000
0,0.000000,0.000000,0.000000,0.000000,0.000000,0.000000,0.000000,0.000000,0.000000
0,0.000000,0.000000,0.000000,0.000000,0.000000,0.000000,0.000000,0.000000,0.000000
0,0.000000,0.000000,0.000000,0.000000,0.000000,0.000000,0.000000,0.000000,0.000000
0,0.000000,0.000000,0.000000,0.000000,0.000000,0.000000,0.000000,0.000000,0.000000
0,0.000000,0.000000,0.000000,0.000000,0.000000,0.000000,0.000000,0.000000,0.000000
0,0.000000,0.000000,0.000000,0.000000,0.000000,0.000000,0.000000,0.000000,0.000000
0,0.000000,0.000000,0.000000,0.000000,0.000000,0.000000,0.000000,0.000000,0.000000
0,0.000000,0.000000,0.000000,0.000000,0.000000,0.000000,0.000000,0.000000,0.000000
0,0.000000,0.000000,0.000000,0.000000,0.000000,0.000000,0.000000,0.000000,0.000000
0,0.000000,0.000000,0.000000,0.000000,0.000000,0.000000,0.000000,0.000000,0.000000
0,0.000000,0.000000,0.000000,0.000000,0.000000,0.000000,0.000000,0.000000,0.000000
0,0.000000,0.000000,0.000000,0.000000,0.000000,0.000000,0.000000,0.000000,0.000000
0,0.000000,0.000000,0.000000,0.000000,0.000000,0.000000,0.000000,0.000000,0.000000
0,0.000000,0.000000,0.000000,0.000000,0.000000,0.000000,0.000000,0.000000,0.000000
0,0.000000,0.000000,0.000000,0.000000,0.000000,0.000000,0.000000,0.000000,0.000000
0,0.000000,0.000000,0.000000,0.000000,0.000000,0.000000,0.000000,0.000000,0.000000
0,0.000000,0.000000,0.000000,0.000000,0.000000,0.000000,0.000000,0.000000,0.000000
0,0.000000,0.000000,0.000000,0.000000,0.000000,0.000000,0.000000,0.000000,0.000000
293988,0.000081,0.901742,-0.242531,-0.027998,0.274323,-0.030081,-0.960759,0.000687,0.000343
293992,0.000119,0.901732,-0.242527,-0.028089,0.273971,-0.030006,-0.960859,0.000343,0.000343
293996,0.000093,0.901737,-0.242517,-0.027976,0.274364,-0.029845,-0.960755,0.000343,0.000343
293999,0.000096,0.901745,-0.242518,-0.028029,0.274357,-0.030143,-0.960747,0.000687,0.000343
294003,0.000160,0.901740,-0.242523,-0.028000,0.274014,-0.029651,-0.960861,0.000343,0.000343
294006,0.000138,0.901739,-0.242519,-0.027993,0.274078,-0.029940,-0.960834,0.000343,0.000343
294010,0.000101,0.901735,-0.242506,-0.027990,0.274280,-0.029836,-0.960779,0.000343,0.000343
294013,0.000107,0.901735,-0.242502,-0.028030,0.274132,-0.029965,-0.960816,0.000343,0.000343
294017,0.000110,0.901743,-0.242505,-0.027964,0.274198,-0.029777,-0.960805,0.000343,0.000343
294020,0.000080,0.901741,-0.242506,-0.028016,0.274336,-0.030001,-0.960757,0.000343,0.000343
294024,0.000137,0.901735,-0.242526,-0.028012,0.274063,-0.029703,-0.960845,0.000343,0.000343
294028,0.000076,0.901739,-0.242530,-0.028059,0.274323,-0.030131,-0.960756,0.000343,0.000343
294031,0.000066,0.901741,-0.242535,-0.027997,0.274415,-0.029907,-0.960738,0.000000,0.000343
294034,0.000070,0.901740,-0.242543,-0.028024,0.274335,-0.029929,-0.960760,0.000000,0.000343
294038,0.000109,0.901738,-0.242561,-0.028041,0.274100,-0.029760,-0.960831,0.000343,0.000343
294042,0.000063,0.901737,-0.242559,-0.028064,0.274259,-0.030172,-0.960773,0.000343,0.000343
294045,0.000105,0.901738,-0.242566,-0.027990,0.274137,-0.029825,-0.960820,0.000000,0.000343
294049,0.000081,0.901739,-0.242549,-0.028039,0.274217,-0.030129,-0.960787,0.000000,0.000343
294052,0.000075,0.901740,-0.242534,-0.027991,0.274392,-0.030021,-0.960741,0.000000,0.000343
294056,0.000130,0.901734,-0.242525,-0.028050,0.273935,-0.030042,-0.960869,0.000000,0.000000
294059,0.000136,0.901728,-0.242517,-0.028022,0.273937,-0.029888,-0.960875,0.000343,0.000000
294063,0.000081,0.901737,-0.242503,-0.028050,0.274322,-0.030223,-0.960754,0.000000,0.000343
294067,0.000135,0.901734,-0.242517,-0.027984,0.274011,-0.029722,-0.960860,0.000000,0.000343
294070,0.000106,0.901735,-0.242522,-0.028022,0.274084,-0.030055,-0.960828,0.000000,0.000343
294074,0.000090,0.901742,-0.242530,-0.027992,0.274287,-0.029834,-0.960777,0.000000,0.000343
294077,0.000094,0.901738,-0.242535,-0.028022,0.274069,-0.030081,-0.960831,0.000000,0.000000
294081,0.000089,0.901741,-0.242539,-0.027963,0.274267,-0.029817,-0.960785,0.000000,0.000000
294084,0.000073,0.901746,-0.242537,-0.028033,0.274349,-0.030097,-0.960750,0.000000,0.000343
294088,0.000134,0.901736,-0.242543,-0.028014,0.274044,-0.029655,-0.960851,0.000000,0.000343
294091,0.000132,0.901735,-0.242543,-0.028002,0.273982,-0.029890,-0.960862,0.000000,0.000343
294095,0.000076,0.901739,-0.242523,-0.028022,0.274437,-0.029886,-0.960732,-0.000343,0.000343
294099,0.000121,0.901734,-0.242532,-0.028012,0.273911,-0.029973,-0.960880,-0.000343,0.000343
294102,0.000111,0.901739,-0.242540,-0.027977,0.274093,-0.029727,-0.960836,0.000000,0.000000
294106,0.000067,0.901740,-0.242543,-0.028047,0.274223,-0.030109,-0.960786,-0.000343,0.000343
294109,0.000097,0.901738,-0.242558,-0.027986,0.274124,-0.029749,-0.960827,0.000000,0.000343
294113,0.000066,0.901742,-0.242547,-0.027994,0.274240,-0.030118,-0.960782,-0.000343,0.000343
294116,0.000054,0.901744,-0.242536,-0.027962,0.274401,-0.029926,-0.960743,-0.000343,0.000343
294120,0.000117,0.901738,-0.242536,-0.028019,0.273910,-0.030054,-0.960877,-0.000343,0.000343
294123,0.000126,0.901731,-0.242524,-0.028018,0.273958,-0.029740,-0.960873,-0.000343,0.000343
294127,0.000076,0.901737,-0.242507,-0.028048,0.274280,-0.030218,-0.960766,-0.000343,0.000343
294130,0.000110,0.901738,-0.242517,-0.027999,0.274228,-0.029910,-0.960792,-0.000343,0.000000
294134,0.000104,0.901733,-0.242515,-0.028049,0.274127,-0.030082,-0.960814,-0.000343,0.000343
294138,0.000088,0.901738,-0.242529,-0.028008,0.274237,-0.029865,-0.960790,-0.000343,0.000343
294141,0.000090,0.901736,-0.242539,-0.028034,0.274030,-0.030087,-0.960841,-0.000343,0.000343
294145,0.000055,0.901741,-0.242538,-0.028020,0.274327,-0.029870,-0.960764,-0.000687,0.000343
294148,0.000039,0.901748,-0.242546,-0.028011,0.274339,-0.030217,-0.960750,-0.000343,0.000343
294152,0.000097,0.901738,-0.242556,-0.027993,0.274022,-0.029722,-0.960856,-0.000343,0.000343
294155,0.000092,0.901735,-0.242553,-0.028015,0.274003,-0.029971,-0.960853,-0.000343,0.000343
294159,0.000065,0.901739,-0.242546,-0.027985,0.274389,-0.029859,-0.960748,-0.000343,0.000343
294162,0.000074,0.901733,-0.242539,-0.028068,0.274227,-0.030015,-0.960787,-0.000343,0.000343
294166,0.000107,0.901737,-0.242542,-0.027969,0.274166,-0.029720,-0.960816,-0.000343,0.000343
294169,0.000074,0.901737,-0.242531,-0.028017,0.274293,-0.030059,-0.960768,-0.000687,0.000343
294173,0.000098,0.901732,-0.242538,-0.028016,0.274118,-0.029721,-0.960829,-0.000343,0.000343
294177,0.000056,0.901741,-0.242530,-0.028002,0.274285,-0.030085,-0.960770,-0.000343,0.000343
294180,0.000035,0.901736,-0.242528,-0.028007,0.274437,-0.029941,-0.960731,-0.000343,0.000343
294184,0.000098,0.901733,-0.242541,-0.028045,0.273910,-0.030013,-0.960878,-0.000343,0.000343
294187,0.000104,0.901734,-0.242546,-0.027993,0.274030,-0.029777,-0.960853,-0.000687,0.000343
294191,0.000051,0.901738,-0.242531,-0.028027,0.274285,-0.030186,-0.960766,-0.000687,0.000343
294194,0.000093,0.901737,-0.242539,-0.027997,0.274165,-0.029819,-0.960812,-0.000687,0.000343
294198,0.000079,0.901731,-0.242530,-0.028026,0.274148,-0.030082,-0.960808,-0.000687,0.000343
294202,0.000087,0.901735,-0.242537,-0.028026,0.274195,-0.029963,-0.960798,-0.000687,0.000343
294205,0.000100,0.901733,-0.242547,-0.028068,0.274000,-0.030043,-0.960851,-0.000687,0.000000
294208,0.000107,0.901730,-0.242552,-0.028032,0.273967,-0.029841,-0.960867,-0.000343,0.000000
294212,0.000043,0.901740,-0.242552,-0.028047,0.274348,-0.030199,-0.960747,-0.000343,0.000343
294216,0.000099,0.901733,-0.242570,-0.027995,0.274024,-0.029730,-0.960856,-0.000687,0.000343
294219,0.000075,0.901734,-0.242565,-0.028062,0.274041,-0.030040,-0.960839,-0.000687,0.000343
294223,0.000043,0.901733,-0.242552,-0.028008,0.274380,-0.029881,-0.960749,-0.000687,0.000343
294226,0.000053,0.901729,-0.242539,-0.028082,0.274188,-0.030062,-0.960796,-0.000343,0.000000
294230,0.000075,0.901731,-0.242539,-0.027997,0.274200,-0.029785,-0.960804,-0.000343,0.000000
294233,0.000059,0.901736,-0.242529,-0.028016,0.274294,-0.030090,-0.960767,-0.000687,0.000343
294237,0.000111,0.901726,-0.242540,-0.027986,0.274044,-0.029692,-0.960851,-0.000687,0.000343
294241,0.000070,0.901736,-0.242539,-0.028010,0.274330,-0.030082,-0.960757,-0.000687,0.000343
294244,0.000060,0.901737,-0.242543,-0.027989,0.274441,-0.029869,-0.960732,-0.001030,0.000000
294248,0.000101,0.901727,-0.242556,-0.028025,0.273931,-0.029942,-0.960875,-0.000343,0.000000
294251,0.000084,0.901733,-0.242564,-0.027968,0.274044,-0.029693,-0.960852,-0.000687,0.000343
294255,0.000028,0.901736,-0.242549,-0.028087,0.274289,-0.030171,-0.960763,-0.000343,0.000000
294258,0.000057,0.901735,-0.242566,-0.027991,0.274172,-0.029826,-0.960811,-0.000687,0.000000
294258,0.000057,0.901735,-0.242566,-0.027991,0.274172,-0.029826,-0.960811,-0.000687,0.000000
294258,0.000057,0.901735,-0.242566,-0.027991,0.274172,-0.029826,-0.960811,-0.000687,0.000000
294258,0.000057,0.901735,-0.242566,-0.027991,0.274172,-0.029826,-0.960811,-0.000687,0.000343
294258,0.000057,0.901735,-0.242566,-0.027991,0.274172,-0.029826,-0.960811,-0.000687,0.000000
294258,0.000057,0.901735,-0.242566,-0.027991,0.274172,-0.029826,-0.960811,-0.000687,0.000343
294258,0.000057,0.901735,-0.242566,-0.027991,0.274172,-0.029826,-0.960811,-0.000687,0.000343
294258,0.000057,0.901735,-0.242566,-0.027991,0.274172,-0.029826,-0.960811,-0.000687,0.000343
294258,0.000057,0.901735,-0.242566,-0.027991,0.274172,-0.029826,-0.960811,-0.000687,0.000343
294258,0.000057,0.901735,-0.242566,-0.027991,0.274172,-0.029826,-0.960811,-0.000343,0.000343
294258,0.000057,0.901735,-0.242566,-0.027991,0.274172,-0.029826,-0.960811,-0.000687,0.000343
294258,0.000057,0.901735,-0.242566,-0.027991,0.274172,-0.029826,-0.960811,-0.000687,0.000343
294258,0.000057,0.901735,-0.242566,-0.027991,0.274172,-0.029826,-0.960811,-0.000687,0.000343
294258,0.000057,0.901735,-0.242566,-0.027991,0.274172,-0.029826,-0.960811,-0.000687,0.000343
294258,0.000057,0.901735,-0.242566,-0.027991,0.274172,-0.029826,-0.960811,-0.000687,0.000343
294258,0.000057,0.901735,-0.242566,-0.027991,0.274172,-0.029826,-0.960811,-0.000687,0.000000
294258,0.000057,0.901735,-0.242566,-0.027991,0.274172,-0.029826,-0.960811,-0.000687,0.000343
294258,0.000057,0.901735,-0.242566,-0.027991,0.274172,-0.029826,-0.960811,-0.000687,0.000343
294258,0.000057,0.901735,-0.242566,-0.027991,0.274172,-0.029826,-0.960811,-0.000687,0.000343
294258,0.000057,0.901735,-0.242566,-0.027991,0.274172,-0.029826,-0.960811,-0.000687,0.000000
294258,0.000057,0.901735,-0.242566,-0.027991,0.274172,-0.029826,-0.960811,-0.000687,0.000000
294258,0.000057,0.901735,-0.242566,-0.027991,0.274172,-0.029826,-0.960811,-0.000343,0.000000
294258,0.000057,0.901735,-0.242566,-0.027991,0.274172,-0.029826,-0.960811,-0.000687,0.000000
294258,0.000057,0.901735,-0.242566,-0.027991,0.274172,-0.029826,-0.960811,-0.000687,0.000000
294258,0.000057,0.901735,-0.242566,-0.027991,0.274172,-0.029826,-0.960811,-0.000687,0.000343
294258,0.000057,0.901735,-0.242566,-0.027991,0.274172,-0.029826,-0.960811,-0.000687,0.000000
294258,0.000057,0.901735,-0.242566,-0.027991,0.274172,-0.029826,-0.960811,-0.000687,0.000000
294258,0.000057,0.901735,-0.242566,-0.027991,0.274172,-0.029826,-0.960811,-0.000687,0.000343
294258,0.000057,0.901735,-0.242566,-0.027991,0.274172,-0.029826,-0.960811,-0.000687,0.001717
294258,0.000057,0.901735,-0.242566,-0.027991,0.274172,-0.029826,-0.960811,-0.000687,0.012703
294258,0.000057,0.901735,-0.242566,-0.027991,0.274172,-0.029826,-0.960811,-0.000687,0.034332
294368,0.000089,0.901734,-0.242549,-0.028034,0.274013,-0.029955,-0.960850,-0.000687,0.074158
294372,0.000049,0.901740,-0.242549,-0.028020,0.274425,-0.029856,-0.960736,-0.000687,0.121536
294375,0.000053,0.901738,-0.242549,-0.028037,0.274209,-0.030027,-0.960792,-0.000687,0.170631
294379,0.000081,0.901739,-0.242559,-0.027999,0.274176,-0.029740,-0.960812,-0.000687,0.233803
294383,0.000054,0.901733,-0.242545,-0.028046,0.274199,-0.030066,-0.960794,-0.000687,0.288391
294386,0.000083,0.901728,-0.242550,-0.028036,0.274115,-0.029764,-0.960827,-0.000687,0.338173
294390,0.000056,0.901733,-0.242542,-0.028015,0.274268,-0.030104,-0.960774,-0.000687,0.384865
294393,0.000048,0.901738,-0.242537,-0.028017,0.274445,-0.029923,-0.960729,-0.000687,0.444946
294397,0.000109,0.901730,-0.242555,-0.028026,0.273900,-0.030025,-0.960881,-0.000687,0.510178
294400,0.000107,0.901727,-0.242559,-0.028004,0.274022,-0.029743,-0.960855,-0.000687,0.580902
294404,0.000043,0.901735,-0.242548,-0.028041,0.274274,-0.030191,-0.960768,-0.000687,0.679779
294407,0.000069,0.901735,-0.242565,-0.028029,0.274196,-0.029833,-0.960802,-0.000687,0.793762
294411,0.000048,0.901734,-0.242560,-0.028063,0.274187,-0.030106,-0.960795,-0.000687,0.925598
294414,0.000027,0.901738,-0.242559,-0.027992,0.274347,-0.030025,-0.960754,-0.000687,1.045074
294418,0.000066,0.901734,-0.242567,-0.028042,0.273994,-0.030113,-0.960851,-0.000687,1.166611
294421,0.000073,0.901730,-0.242559,-0.028033,0.273950,-0.029903,-0.960870,-0.000687,1.296043
294425,0.000022,0.901741,-0.242556,-0.028038,0.274365,-0.030222,-0.960741,-0.000687,1.439552
294429,0.000092,0.901734,-0.242562,-0.028035,0.274078,-0.029717,-0.960839,-0.000687,1.604347
294432,0.000086,0.901736,-0.242557,-0.028038,0.274043,-0.029996,-0.960840,-0.000687,1.781845
294436,0.000070,0.901740,-0.242556,-0.028015,0.274387,-0.029808,-0.960749,-0.000687,1.953850
294439,0.000079,0.901737,-0.242547,-0.028062,0.274164,-0.030057,-0.960804,-0.000687,2.182846
294443,0.000084,0.901740,-0.242550,-0.027975,0.274242,-0.029767,-0.960793,-0.000687,2.403259
294446,0.000048,0.901736,-0.242544,-0.028034,0.274342,-0.030059,-0.960753,-0.000687,2.620926
294450,0.000082,0.901733,-0.242560,-0.028023,0.274073,-0.029715,-0.960841,-0.000687,2.823486
294453,0.000082,0.901739,-0.242571,-0.028005,0.274003,-0.029838,-0.960858,-0.000687,3.072739
294457,0.000011,0.901741,-0.242561,-0.028009,0.274488,-0.029930,-0.960716,-0.000687,3.355637
294461,0.000064,0.901736,-0.242570,-0.027976,0.273895,-0.030014,-0.960884,-0.000687,3.638191
294464,0.000063,0.901739,-0.242559,-0.027991,0.274084,-0.029755,-0.960838,-0.000343,3.935852
294468,0.000016,0.901735,-0.242528,-0.028044,0.274255,-0.030184,-0.960774,-0.000687,4.250679
294471,0.000065,0.901735,-0.242528,-0.028027,0.274167,-0.029805,-0.960811,-0.001030,4.590569
294475,0.000050,0.901732,-0.242522,-0.028062,0.274209,-0.030121,-0.960788,-0.000687,4.902306
294478,0.000049,0.901738,-0.242526,-0.027983,0.274390,-0.029910,-0.960746,-0.000687,5.310860
294482,0.000098,0.901731,-0.242565,-0.028038,0.273905,-0.030014,-0.960879,-0.000687,5.677185
294486,0.000032,0.901740,-0.242581,-0.028024,0.274381,-0.029999,-0.960744,-0.000687,6.032524
294489,0.000018,0.901748,-0.242602,-0.028032,0.274322,-0.030271,-0.960753,-0.000687,6.484680
294493,0.000054,0.901740,-0.242630,-0.027956,0.274029,-0.029790,-0.960853,-0.000687,6.861649
294496,0.000031,0.901747,-0.242626,-0.028025,0.274106,-0.030048,-0.960821,-0.000687,7.363586
294500,0.000023,0.901747,-0.242610,-0.027977,0.274303,-0.029875,-0.960772,-0.000687,7.835999
294503,0.000043,0.901742,-0.242587,-0.028029,0.274110,-0.030083,-0.960819,-0.000687,8.277855
294507,0.000060,0.901742,-0.242568,-0.027965,0.274268,-0.029791,-0.960785,-0.000687,8.853951
294510,0.000045,0.901742,-0.242539,-0.028023,0.274334,-0.030177,-0.960752,-0.000687,9.392281
294514,0.000109,0.901734,-0.242537,-0.028003,0.274041,-0.029726,-0.960850,-0.000687,9.919624
294517,0.000109,0.901738,-0.242543,-0.027993,0.273974,-0.029899,-0.960865,-0.000687,10.486794
294521,0.000050,0.901745,-0.242546,-0.028018,0.274435,-0.029899,-0.960732,-0.000687,11.040230
294521,0.000050,0.901745,-0.242546,-0.028018,0.274435,-0.029899,-0.960732,-0.000687,11.711082
294528,0.000065,0.901749,-0.242594,-0.027980,0.274157,-0.029876,-0.960813,-0.000687,12.337990
294532,0.000025,0.901751,-0.242599,-0.028071,0.274233,-0.030199,-0.960779,-0.000687,12.873917
294535,0.000056,0.901748,-0.242613,-0.028013,0.274110,-0.029892,-0.960825,-0.000687,13.600044
294539,0.000017,0.901747,-0.242594,-0.028059,0.274275,-0.030256,-0.960766,-0.000687,14.266777
294542,0.000018,0.901748,-0.242587,-0.028042,0.274444,-0.030080,-0.960723,-0.000687,14.972305
294546,0.000075,0.901741,-0.242587,-0.028118,0.273945,-0.030174,-0.960861,-0.001030,15.614662
294549,0.000074,0.901742,-0.242573,-0.028105,0.274021,-0.029966,-0.960846,-0.000687,16.394348
294553,0.000010,0.901748,-0.242567,-0.028136,0.274329,-0.030498,-0.960740,-0.000687,17.117043
294557,0.000036,0.901742,-0.242571,-0.028145,0.274072,-0.030106,-0.960826,-0.000687,17.798195
294560,0.000004,0.901746,-0.242575,-0.028190,0.274192,-0.030421,-0.960780,-0.001030,18.655815
294564,0.000003,0.901747,-0.242583,-0.028166,0.274260,-0.030273,-0.960766,-0.001030,19.455070
294567,0.000014,0.901747,-0.242581,-0.028227,0.274058,-0.030468,-0.960816,-0.001030,20.255699
294571,-0.000009,0.901749,-0.242575,-0.028192,0.274388,-0.030264,-0.960729,-0.000687,21.053581
294574,-0.000023,0.901748,-0.242564,-0.028267,0.274424,-0.030604,-0.960706,-0.000687,21.850090
294578,0.000036,0.901741,-0.242566,-0.028257,0.274089,-0.030155,-0.960816,-0.001030,22.659988
294581,0.000019,0.901742,-0.242568,-0.028282,0.274077,-0.030460,-0.960809,-0.001030,23.497009
294585,-0.000031,0.901742,-0.242560,-0.028335,0.274459,-0.030343,-0.960702,-0.001030,24.352226
294589,0.000008,0.901741,-0.242577,-0.028334,0.274060,-0.030428,-0.960813,-0.000687,25.232162
294592,-0.000016,0.901744,-0.242580,-0.028332,0.274277,-0.030358,-0.960754,-0.000687,26.111412
294596,-0.000034,0.901743,-0.242572,-0.028428,0.274248,-0.030635,-0.960750,-0.001030,26.895905
294599,-0.000001,0.901742,-0.242574,-0.028385,0.274166,-0.030368,-0.960783,-0.001030,27.885704
294603,-0.000052,0.901739,-0.242540,-0.028433,0.274385,-0.030755,-0.960707,-0.001030,28.686333
294606,-0.000045,0.901742,-0.242529,-0.028443,0.274518,-0.030553,-0.960675,-0.001030,29.669266
294610,0.000020,0.901729,-0.242522,-0.028516,0.273982,-0.030701,-0.960822,-0.000687,30.595551
294613,0.000016,0.901729,-0.242513,-0.028525,0.274136,-0.030415,-0.960787,-0.001030,31.424675
294617,-0.000028,0.901733,-0.242509,-0.028557,0.274365,-0.030899,-0.960705,-0.000687,32.449837
294620,-0.000013,0.901727,-0.242516,-0.028592,0.274260,-0.030603,-0.960743,-0.000687,33.306427
294624,-0.000047,0.901734,-0.242528,-0.028618,0.274330,-0.030897,-0.960713,-0.001030,34.352188
294627,-0.000074,0.901733,-0.242535,-0.028621,0.274527,-0.030777,-0.960660,-0.000687,35.295296
294631,-0.000051,0.901729,-0.242544,-0.028694,0.274087,-0.030960,-0.960778,-0.001030,36.265526
294635,-0.000099,0.901734,-0.242530,-0.028695,0.274531,-0.030864,-0.960654,-0.001030,37.228203
294638,-0.000118,0.901722,-0.242506,-0.028845,0.274524,-0.031152,-0.960642,-0.001030,38.183670
294642,-0.000048,0.901719,-0.242501,-0.028794,0.274217,-0.030738,-0.960745,-0.001030,39.070816
294645,-0.000065,0.901717,-0.242482,-0.028826,0.274224,-0.031054,-0.960732,-0.001030,40.145073
294649,-0.000089,0.901716,-0.242453,-0.028906,0.274469,-0.030914,-0.960664,-0.000687,41.116676
294652,-0.000069,0.901713,-0.242451,-0.028952,0.274257,-0.031174,-0.960715,-0.000687,42.017212
294656,-0.000095,0.901709,-0.242443,-0.028972,0.274463,-0.030968,-0.960662,-0.000687,43.111038
294659,-0.000135,0.901710,-0.242442,-0.029043,0.274501,-0.031383,-0.960636,-0.001030,44.105988
294663,-0.000086,0.901704,-0.242457,-0.029068,0.274229,-0.030984,-0.960726,-0.001030,45.088234
294666,-0.000117,0.901702,-0.242456,-0.029144,0.274227,-0.031233,-0.960716,-0.000687,46.084213
294670,-0.000172,0.901705,-0.242446,-0.029163,0.274614,-0.031302,-0.960602,-0.001030,47.086372
294674,-0.000133,0.901693,-0.242441,-0.029277,0.274159,-0.031444,-0.960724,-0.001030,48.080978
294677,-0.000153,0.901690,-0.242419,-0.029266,0.274348,-0.031293,-0.960675,-0.001030,48.998680
294681,-0.000197,0.901683,-0.242387,-0.029448,0.274474,-0.031825,-0.960617,-0.001030,50.091476
294684,-0.000178,0.901678,-0.242368,-0.029503,0.274383,-0.031544,-0.960650,-0.001030,51.083336
294688,-0.000226,0.901674,-0.242346,-0.029587,0.274512,-0.031947,-0.960597,-0.001030,52.082748
294691,-0.000244,0.901666,-0.242331,-0.029651,0.274676,-0.031788,-0.960554,-0.001030,52.999763
294695,-0.000211,0.901661,-0.242343,-0.029736,0.274174,-0.032042,-0.960686,-0.001030,54.106979
294699,-0.000272,0.901673,-0.242334,-0.029814,0.274684,-0.032160,-0.960534,-0.001030,55.092316
294702,-0.000292,0.901665,-0.242331,-0.029947,0.274597,-0.032409,-0.960547,-0.001030,55.983582
294706,-0.000260,0.901652,-0.242330,-0.030001,0.274360,-0.032117,-0.960622,-0.001030,57.061615
294709,-0.000295,0.901653,-0.242309,-0.030103,0.274421,-0.032514,-0.960588,-0.001030,58.051414
294713,-0.000317,0.901647,-0.242286,-0.030236,0.274562,-0.032455,-0.960546,-0.000687,58.948860
294716,-0.000310,0.901635,-0.242276,-0.030339,0.274357,-0.032726,-0.960592,-0.000687,60.035820
294720,-0.000360,0.901634,-0.242246,-0.030477,0.274670,-0.032644,-0.960501,-0.000687,60.908890
294723,-0.000393,0.901632,-0.242238,-0.030583,0.274712,-0.033055,-0.960472,-0.001030,61.963921
294727,-0.000361,0.901623,-0.242235,-0.030667,0.274384,-0.032823,-0.960570,-0.001030,62.962646
294730,-0.000404,0.901620,-0.242230,-0.030828,0.274407,-0.033143,-0.960548,-0.001030,63.841209
294734,-0.000466,0.901618,-0.242212,-0.030924,0.274715,-0.033267,-0.960452,-0.000687,64.885597
294738,-0.000455,0.901609,-0.242202,-0.031106,0.274393,-0.033497,-0.960530,-0.001030,65.833168
294741,-0.000483,0.901609,-0.242178,-0.031176,0.274559,-0.033495,-0.960481,-0.000687,66.678429
294745,-0.000519,0.901596,-0.242153,-0.031385,0.274571,-0.033970,-0.960454,-0.001030,67.687111
294748,-0.000496,0.901595,-0.242132,-0.031476,0.274467,-0.033804,-0.960487,-0.000687,68.621979
294752,-0.000557,0.901586,-0.242107,-0.031670,0.274705,-0.034271,-0.960396,-0.001030,69.460373
294755,-0.000583,0.901579,-0.242096,-0.031786,0.274834,-0.034206,-0.960357,-0.001030,70.487938
294759,-0.000557,0.901580,-0.242099,-0.031942,0.274344,-0.034526,-0.960481,-0.001030,71.425552
294762,-0.000589,0.901572,-0.242096,-0.032067,0.274476,-0.034395,-0.960444,-0.000687,72.237854
294766,-0.000688,0.901575,-0.242089,-0.032215,0.274722,-0.035068,-0.960344,-0.001030,73.185768
294769,-0.000683,0.901571,-0.242090,-0.032319,0.274637,-0.034883,-0.960371,-0.001030,74.058495
294773,-0.000726,0.901562,-0.242070,-0.032488,0.274652,-0.035270,-0.960347,-0.000687,74.835434
294777,-0.000737,0.901558,-0.242044,-0.032657,0.274668,-0.035258,-0.960337,-0.001030,75.784035
294780,-0.000725,0.901544,-0.242025,-0.032773,0.274458,-0.035597,-0.960381,-0.000687,76.635475
294784,-0.000781,0.901536,-0.241975,-0.032932,0.274823,-0.035634,-0.960270,-0.000687,77.474556
294787,-0.000803,0.901534,-0.241950,-0.033107,0.274842,-0.035987,-0.960245,-0.000687,78.302650
294791,-0.000769,0.901518,-0.241940,-0.033222,0.274551,-0.035786,-0.960332,-0.000687,79.021225
294794,-0.000815,0.901519,-0.241927,-0.033369,0.274606,-0.036202,-0.960296,-0.001030,79.914207
294798,-0.000880,0.901516,-0.241923,-0.033517,0.274884,-0.036239,-0.960210,-0.000687,80.697670
294802,-0.000892,0.901505,-0.241924,-0.033743,0.274632,-0.036417,-0.960267,-0.001030,81.483192
294805,-0.000943,0.901507,-0.241914,-0.033812,0.274840,-0.036541,-0.960200,-0.001030,82.263565
294809,-0.000984,0.901498,-0.241898,-0.034057,0.274749,-0.036983,-0.960201,-0.001030,82.948837
294812,-0.000984,0.901492,-0.241884,-0.034184,0.274673,-0.036906,-0.960221,-0.001030,83.671188
294816,-0.001059,0.901489,-0.241843,-0.034381,0.274991,-0.037378,-0.960105,-0.001030,84.428902
294819,-0.001084,0.901481,-0.241817,-0.034531,0.275121,-0.037364,-0.960062,-0.001030,85.120354
294823,-0.001052,0.901470,-0.241802,-0.034711,0.274589,-0.037697,-0.960195,-0.001030,85.735588
294826,-0.001083,0.901465,-0.241782,-0.034848,0.274760,-0.037645,-0.960143,-0.000687,86.483345
294830,-0.001169,0.901463,-0.241756,-0.035074,0.274947,-0.038256,-0.960057,-0.001030,87.161751
294833,-0.001171,0.901460,-0.241757,-0.035167,0.274868,-0.038166,-0.960080,-0.000687,87.769775
294837,-0.001243,0.901453,-0.241743,-0.035378,0.274945,-0.038578,-0.960034,-0.000687,88.454361
294840,-0.001277,0.901457,-0.241736,-0.035482,0.275130,-0.038679,-0.959973,-0.000687,89.043846
294844,-0.001263,0.901447,-0.241727,-0.035712,0.274729,-0.039063,-0.960064,-0.000687,89.600029
294848,-0.001347,0.901443,-0.241693,-0.035894,0.275157,-0.039276,-0.959926,-0.001030,90.133553
294851,-0.001368,0.901439,-0.241673,-0.036066,0.275090,-0.039682,-0.959922,-0.000687,90.669823
294855,-0.001346,0.901424,-0.241651,-0.036237,0.274787,-0.039508,-0.960010,-0.000687,91.182747
294858,-0.001389,0.901426,-0.241629,-0.036358,0.274881,-0.039993,-0.959958,-0.000687,91.794548
294862,-0.001452,0.901418,-0.241609,-0.036561,0.275159,-0.040166,-0.959863,-0.000687,92.337685
294865,-0.001470,0.901412,-0.241603,-0.036752,0.274971,-0.040594,-0.959892,-0.000687,92.721519
294869,-0.001509,0.901420,-0.241599,-0.036934,0.275147,-0.040633,-0.959833,-0.000687,93.211098
294872,-0.001580,0.901412,-0.241591,-0.037148,0.275256,-0.041157,-0.959771,-0.000687,93.614159
294876,-0.001565,0.901408,-0.241594,-0.037352,0.275007,-0.041142,-0.959835,-0.000687,93.989754
294879,-0.001594,0.901403,-0.241587,-0.037514,0.274914,-0.041583,-0.959836,-0.000687,94.349556
294883,-0.001679,0.901401,-0.241552,-0.037724,0.275366,-0.041862,-0.959686,-0.001030,94.671936
294887,-0.001651,0.901393,-0.241538,-0.037991,0.274902,-0.042218,-0.959793,-0.000687,95.081177
294890,-0.001695,0.901387,-0.241511,-0.038199,0.275097,-0.042323,-0.959725,-0.000687,95.440979
294894,-0.001772,0.901382,-0.241486,-0.038464,0.275223,-0.043038,-0.959646,-0.000687,95.809708
294897,-0.001781,0.901374,-0.241484,-0.038626,0.275143,-0.042991,-0.959665,-0.000687,96.141014
294901,-0.001857,0.901377,-0.241476,-0.038855,0.275239,-0.043603,-0.959600,-0.000687,96.478157
294904,-0.001897,0.901376,-0.241473,-0.038960,0.275393,-0.043633,-0.959551,-0.000687,96.740456
294908,-0.001890,0.901376,-0.241481,-0.039198,0.274934,-0.044146,-0.959649,-0.000687,96.949883
294912,-0.001977,0.901376,-0.241467,-0.039397,0.275348,-0.044443,-0.959508,-0.000687,97.206688
294915,-0.002002,0.901375,-0.241453,-0.039554,0.275275,-0.044776,-0.959507,-0.000687,97.402725
294919,-0.001977,0.901371,-0.241439,-0.039745,0.275017,-0.044738,-0.959575,-0.000687,97.623482
294922,-0.002009,0.901366,-0.241428,-0.039899,0.275065,-0.045132,-0.959537,-0.000687,97.835999
294926,-0.002049,0.901362,-0.241409,-0.040052,0.275232,-0.045252,-0.959477,-0.000687,98.052635
294929,-0.002043,0.901361,-0.241408,-0.040211,0.275058,-0.045613,-0.959503,-0.000687,98.255196
294933,-0.002082,0.901363,-0.241403,-0.040268,0.275244,-0.045642,-0.959446,-0.000687,98.421364
294936,-0.002129,0.901365,-0.241400,-0.040459,0.275309,-0.046084,-0.959398,-0.000343,98.602982
294940,-0.002103,0.901365,-0.241413,-0.040552,0.274999,-0.045881,-0.959493,-0.000687,98.740654
294943,-0.002137,0.901359,-0.241417,-0.040667,0.274988,-0.046236,-0.959474,-0.000343,98.856697
294947,-0.002200,0.901363,-0.241400,-0.040754,0.275395,-0.046278,-0.959351,-0.000343,98.990936
294950,-0.002194,0.901365,-0.241402,-0.040850,0.275268,-0.046566,-0.959370,-0.000343,99.107323
294954,-0.002176,0.901362,-0.241392,-0.040909,0.275149,-0.046438,-0.959408,-0.000343,99.221306
294958,-0.002202,0.901353,-0.241375,-0.041039,0.275216,-0.046881,-0.959361,-0.000343,99.324989
294961,-0.002169,0.901353,-0.241364,-0.041096,0.275077,-0.046669,-0.959409,-0.000343,99.397430
294965,-0.002221,0.901353,-0.241346,-0.041177,0.275300,-0.047103,-0.959320,-0.000343,99.478111
294968,-0.002225,0.901355,-0.241346,-0.041229,0.275441,-0.046944,-0.959286,-0.000343,99.544373
294972,-0.002167,0.901346,-0.241358,-0.041318,0.274936,-0.047207,-0.959414,0.000000,99.618874
294975,-0.002157,0.901355,-0.241363,-0.041339,0.275049,-0.046985,-0.959391,-0.000343,99.692688
294979,-0.002225,0.901354,-0.241355,-0.041380,0.275324,-0.047561,-0.959282,0.000000,99.759636
294982,-0.002222,0.901351,-0.241351,-0.041434,0.275215,-0.047278,-0.959325,0.000000,99.815254
294986,-0.002259,0.901346,-0.241341,-0.041536,0.275165,-0.047576,-0.959321,0.000000,99.855080
294989,-0.002301,0.901339,-0.241332,-0.041497,0.275316,-0.047509,-0.959282,0.000000,99.893532
294993,-0.002282,0.901343,-0.241350,-0.041629,0.275034,-0.047777,-0.959344,0.000000,99.917221
294997,-0.002324,0.901351,-0.241364,-0.041617,0.275331,-0.047690,-0.959264,0.000000,99.923744
295000,-0.002358,0.901357,-0.241373,-0.041702,0.275388,-0.048011,-0.959227,0.000343,99.928551
295004,-0.002302,0.901353,-0.241386,-0.041679,0.275015,-0.047657,-0.959353,0.000343,99.936447
295008,-0.002373,0.901350,-0.241366,-0.041740,0.275441,-0.047927,-0.959215,0.000343,99.958420
295011,-0.002362,0.901352,-0.241357,-0.041783,0.275442,-0.047918,-0.959213,0.000343,99.980392
295014,-0.002329,0.901349,-0.241347,-0.041854,0.275222,-0.048143,-0.959262,0.000343,99.998932
295018,-0.002284,0.901350,-0.241335,-0.041854,0.275201,-0.047854,-0.959282,0.000687,100.018845
295022,-0.002278,0.901347,-0.241329,-0.041891,0.275203,-0.048073,-0.959269,0.000687,100.033264
295025,-0.002261,0.901338,-0.241326,-0.041952,0.275120,-0.047942,-0.959297,0.000687,100.037384
295028,-0.002279,0.901338,-0.241323,-0.041971,0.274964,-0.048157,-0.959330,0.000687,100.037727
295032,-0.002365,0.901347,-0.241322,-0.041991,0.275495,-0.048205,-0.959175,0.000687,100.037384
295036,-0.002341,0.901346,-0.241349,-0.042039,0.274919,-0.048312,-0.959332,0.000687,100.037727
295039,-0.002350,0.901351,-0.241367,-0.041980,0.275060,-0.048146,-0.959303,0.001030,100.037384
295043,-0.002412,0.901358,-0.241367,-0.042070,0.275311,-0.048675,-0.959200,0.000687,100.037041
295046,-0.002384,0.901356,-0.241368,-0.042067,0.275211,-0.048357,-0.959245,0.000687,100.036354
295050,-0.002390,0.901350,-0.241347,-0.042126,0.275188,-0.048672,-0.959233,0.001030,100.035667
295054,-0.002375,0.901348,-0.241319,-0.042187,0.275190,-0.048597,-0.959234,0.001030,100.032234
295057,-0.002333,0.901345,-0.241313,-0.042221,0.274995,-0.048667,-0.959285,0.001030,100.025711
295061,-0.002362,0.901345,-0.241300,-0.042223,0.275325,-0.048706,-0.959188,0.001030,100.016441
295064,-0.002374,0.901345,-0.241301,-0.042272,0.275365,-0.048919,-0.959163,0.001030,100.005455
295068,-0.002324,0.901346,-0.241329,-0.042221,0.274989,-0.048546,-0.959292,0.001030,99.993782
295071,-0.002373,0.901345,-0.241333,-0.042339,0.275051,-0.048848,-0.959254,0.001030,99.986229
295075,-0.002431,0.901356,-0.241348,-0.042276,0.275340,-0.048749,-0.959179,0.001030,99.982796
295079,-0.002402,0.901354,-0.241363,-0.042314,0.275023,-0.048717,-0.959270,0.001030,99.982109
295082,-0.002424,0.901360,-0.241363,-0.042283,0.275233,-0.048786,-0.959207,0.001030,99.981766
295086,-0.002407,0.901356,-0.241359,-0.042342,0.275138,-0.048855,-0.959229,0.001030,99.982109
295089,-0.002380,0.901347,-0.241342,-0.042363,0.275035,-0.048701,-0.959265,0.001030,99.982109
295093,-0.002419,0.901351,-0.241306,-0.042407,0.275379,-0.049015,-0.959148,0.001030,99.982109
295096,-0.002421,0.901336,-0.241285,-0.042479,0.275444,-0.048827,-0.959136,0.001030,99.982452
295100,-0.002365,0.901339,-0.241300,-0.042505,0.274954,-0.048916,-0.959271,0.001030,99.982452
295103,-0.002375,0.901345,-0.241314,-0.042439,0.275079,-0.048732,-0.959247,0.001030,99.982796
295107,-0.002436,0.901349,-0.241327,-0.042493,0.275234,-0.049194,-0.959177,0.001030,99.983139
295110,-0.002420,0.901351,-0.241352,-0.042444,0.275118,-0.048883,-0.959228,0.001030,99.983826
295114,-0.002483,0.901354,-0.241366,-0.042469,0.275234,-0.049243,-0.959176,0.001030,99.984512
295118,-0.002478,0.901357,-0.241374,-0.042513,0.275112,-0.049263,-0.959208,0.001030,99.984856
295121,-0.002454,0.901354,-0.241381,-0.042527,0.274924,-0.049251,-0.959262,0.001030,99.985886
295125,-0.002500,0.901355,-0.241362,-0.042531,0.275372,-0.049324,-0.959129,0.001030,99.986572
295128,-0.002485,0.901353,-0.241352,-0.042571,0.275372,-0.049403,-0.959123,0.001030,99.987946
295132,-0.002407,0.901350,-0.241345,-0.042586,0.275031,-0.049094,-0.959236,0.001030,99.989319
295135,-0.002426,0.901349,-0.241327,-0.042584,0.275057,-0.049315,-0.959218,0.001030,99.990349
295139,-0.002448,0.901348,-0.241317,-0.042571,0.275301,-0.049184,-0.959155,0.001030,99.991722
295142,-0.002444,0.901345,-0.241320,-0.042621,0.275041,-0.049335,-0.959220,0.001030,99.992752
295146,-0.002462,0.901356,-0.241328,-0.042569,0.275274,-0.049202,-0.959162,0.001030,99.993782
295149,-0.002500,0.901346,-0.241328,-0.042654,0.275378,-0.049490,-0.959113,0.001030,99.994812
295153,-0.002440,0.901353,-0.241350,-0.042585,0.274978,-0.049053,-0.959254,0.000687,99.995499
295157,-0.002504,0.901350,-0.241340,-0.042581,0.275405,-0.049291,-0.959119,0.000687,99.996185
295160,-0.002503,0.901352,-0.241329,-0.042661,0.275510,-0.049253,-0.959087,0.001030,99.996872
295164,-0.002429,0.901344,-0.241347,-0.042635,0.274926,-0.049220,-0.959258,0.001030,99.997559
295167,-0.002433,0.901348,-0.241348,-0.042627,0.275143,-0.049103,-0.959202,0.000687,99.997559
295171,-0.002451,0.901347,-0.241354,-0.042669,0.275247,-0.049408,-0.959155,0.001030,99.998245
295174,-0.002405,0.901351,-0.241371,-0.042608,0.275086,-0.049113,-0.959219,0.001373,99.998932
295178,-0.002461,0.901355,-0.241365,-0.042634,0.275296,-0.049480,-0.959138,0.001030,99.999275
295181,-0.002483,0.901347,-0.241353,-0.042712,0.275493,-0.049289,-0.959088,0.001030,99.999275
295185,-0.002430,0.901349,-0.241364,-0.042683,0.274888,-0.049410,-0.959257,0.001030,99.999619
295188,-0.002436,0.901348,-0.241350,-0.042661,0.275003,-0.049148,-0.959238,0.001373,100.000305
295192,-0.002496,0.901350,-0.241325,-0.042680,0.275361,-0.049637,-0.959109,0.001030,100.000305
295196,-0.002443,0.901342,-0.241328,-0.042732,0.275037,-0.049344,-0.959215,0.001030,100.000305
295199,-0.002466,0.901344,-0.241322,-0.042718,0.275151,-0.049573,-0.959171,0.001030,100.000648
295203,-0.002470,0.901348,-0.241340,-0.042706,0.275219,-0.049413,-0.959161,0.001030,100.000648
295206,-0.002462,0.901345,-0.241353,-0.042732,0.274996,-0.049595,-0.959214,0.000687,100.000992
295210,-0.002499,0.901358,-0.241371,-0.042668,0.275341,-0.049445,-0.959126,0.001030,100.000992
295213,-0.002525,0.901356,-0.241380,-0.042670,0.275378,-0.049724,-0.959100,0.001030,100.001335
295217,-0.002462,0.901356,-0.241400,-0.042701,0.275018,-0.049264,-0.959226,0.001030,100.000992
295220,-0.002476,0.901354,-0.241394,-0.042711,0.275026,-0.049534,-0.959210,0.001030,100.000992
295224,-0.002516,0.901355,-0.241363,-0.042688,0.275382,-0.049399,-0.959115,0.001030,100.001335
295228,-0.002455,0.901348,-0.241354,-0.042706,0.274983,-0.049339,-0.959232,0.001030,100.001335
295231,-0.002479,0.901344,-0.241336,-0.042676,0.275191,-0.049362,-0.959173,0.001030,100.001335
295235,-0.002481,0.901340,-0.241325,-0.042790,0.275193,-0.049525,-0.959159,0.001030,100.001678
295238,-0.002453,0.901344,-0.241336,-0.042731,0.275060,-0.049223,-0.959215,0.001030,100.001335
295242,-0.002514,0.901340,-0.241323,-0.042808,0.275354,-0.049593,-0.959108,0.001030,100.000992
295245,-0.002519,0.901343,-0.241340,-0.042766,0.275464,-0.049404,-0.959088,0.001030,100.001678
295249,-0.002451,0.901346,-0.241373,-0.042745,0.274902,-0.049526,-0.959244,0.001030,100.001678
295252,-0.002454,0.901349,-0.241373,-0.042744,0.275066,-0.049324,-0.959207,0.001030,100.001335
295256,-0.002494,0.901349,-0.241366,-0.042733,0.275273,-0.049742,-0.959127,0.000687,100.001335
295259,-0.002460,0.901340,-0.241362,-0.042757,0.275182,-0.049413,-0.959169,0.001030,100.001335
295263,-0.002485,0.901341,-0.241341,-0.042773,0.275224,-0.049678,-0.959143,0.001373,100.001335
295267,-0.002476,0.901336,-0.241337,-0.042804,0.275153,-0.049548,-0.959168,0.001030,100.001678
295270,-0.002476,0.901335,-0.241333,-0.042788,0.274922,-0.049678,-0.959228,0.001030,100.001335
295274,-0.002544,0.901348,-0.241340,-0.042756,0.275386,-0.049612,-0.959100,0.000687,100.002022
295277,-0.002572,0.901352,-0.241346,-0.042788,0.275357,-0.049853,-0.959094,0.000687,100.001678
295281,-0.002511,0.901356,-0.241377,-0.042771,0.275025,-0.049419,-0.959213,0.001030,100.001678
295284,-0.002533,0.901354,-0.241381,-0.042755,0.275069,-0.049724,-0.959185,0.001030,100.001678
295288,-0.002552,0.901345,-0.241368,-0.042807,0.275332,-0.049531,-0.959118,0.001030,100.001678
295291,-0.002512,0.901349,-0.241365,-0.042789,0.275097,-0.049759,-0.959174,0.000687,100.001678
295295,-0.002494,0.901347,-0.241336,-0.042770,0.275281,-0.049466,-0.959137,0.001030,100.001335
295299,-0.002461,0.901338,-0.241311,-0.042804,0.275127,-0.049504,-0.959178,0.001030,100.001335
295302,-0.002431,0.901336,-0.241304,-0.042788,0.274992,-0.049299,-0.959228,0.000687,100.001335
295305,-0.002446,0.901336,-0.241292,-0.042817,0.274960,-0.049581,-0.959221,0.001030,100.001678
295309,-0.002505,0.901345,-0.241293,-0.042796,0.275467,-0.049476,-0.959082,0.001030,100.001335
295313,-0.002467,0.901340,-0.241321,-0.042797,0.274926,-0.049561,-0.959233,0.001030,100.001335
295316,-0.002488,0.901349,-0.241333,-0.042785,0.275134,-0.049421,-0.959181,0.001030,100.002022
295320,-0.002520,0.901349,-0.241345,-0.042792,0.275248,-0.049755,-0.959131,0.001030,100.001335
295323,-0.002486,0.901345,-0.241356,-0.042784,0.275117,-0.049443,-0.959185,0.001030,100.001335
295327,-0.002510,0.901349,-0.241343,-0.042786,0.275289,-0.049756,-0.959119,0.001030,100.001678
295331,-0.002465,0.901336,-0.241337,-0.042829,0.275052,-0.049714,-0.959188,0.001030,100.001335
295334,-0.002436,0.901337,-0.241331,-0.042865,0.274931,-0.049704,-0.959221,0.000687,100.001678
295337,-0.002424,0.901338,-0.241331,-0.042785,0.274973,-0.049427,-0.959227,0.000687,100.001335
295341,-0.002498,0.901341,-0.241321,-0.042857,0.275378,-0.049885,-0.959084,0.001030,100.001678
295341,-0.002498,0.901341,-0.241321,-0.042857,0.275378,-0.049885,-0.959084,0.000687,100.001335
295341,-0.002498,0.901341,-0.241321,-0.042857,0.275378,-0.049885,-0.959084,0.000687,100.001335
295341,-0.002498,0.901341,-0.241321,-0.042857,0.275378,-0.049885,-0.959084,0.001030,100.001335
295341,-0.002498,0.901341,-0.241321,-0.042857,0.275378,-0.049885,-0.959084,0.000687,100.001678
295341,-0.002498,0.901341,-0.241321,-0.042857,0.275378,-0.049885,-0.959084,0.001030,100.001678
295341,-0.002498,0.901341,-0.241321,-0.042857,0.275378,-0.049885,-0.959084,0.001030,100.001335
295341,-0.002498,0.901341,-0.241321,-0.042857,0.275378,-0.049885,-0.959084,0.000687,100.001335
295341,-0.002498,0.901341,-0.241321,-0.042857,0.275378,-0.049885,-0.959084,0.000687,100.001335
295341,-0.002498,0.901341,-0.241321,-0.042857,0.275378,-0.049885,-0.959084,0.000687,100.001335
295341,-0.002498,0.901341,-0.241321,-0.042857,0.275378,-0.049885,-0.959084,0.000687,100.001335
295341,-0.002498,0.901341,-0.241321,-0.042857,0.275378,-0.049885,-0.959084,0.001030,100.002022
295341,-0.002498,0.901341,-0.241321,-0.042857,0.275378,-0.049885,-0.959084,0.000687,100.000992
295341,-0.002498,0.901341,-0.241321,-0.042857,0.275378,-0.049885,-0.959084,0.000687,100.001335
295341,-0.002498,0.901341,-0.241321,-0.042857,0.275378,-0.049885,-0.959084,0.000687,100.001335
295341,-0.002498,0.901341,-0.241321,-0.042857,0.275378,-0.049885,-0.959084,0.000687,100.002022
295341,-0.002498,0.901341,-0.241321,-0.042857,0.275378,-0.049885,-0.959084,0.000687,100.001335
295341,-0.002498,0.901341,-0.241321,-0.042857,0.275378,-0.049885,-0.959084,0.000687,100.001335
295341,-0.002498,0.901341,-0.241321,-0.042857,0.275378,-0.049885,-0.959084,0.000687,100.001335
295341,-0.002498,0.901341,-0.241321,-0.042857,0.275378,-0.049885,-0.959084,0.000687,100.001335
295341,-0.002498,0.901341,-0.241321,-0.042857,0.275378,-0.049885,-0.959084,0.000687,100.001335
295341,-0.002498,0.901341,-0.241321,-0.042857,0.275378,-0.049885,-0.959084,0.000343,100.001335
295341,-0.002498,0.901341,-0.241321,-0.042857,0.275378,-0.049885,-0.959084,0.000343,100.001335
295341,-0.002498,0.901341,-0.241321,-0.042857,0.275378,-0.049885,-0.959084,0.000343,100.001678
295341,-0.002498,0.901341,-0.241321,-0.042857,0.275378,-0.049885,-0.959084,0.000343,100.001335
295341,-0.002498,0.901341,-0.241321,-0.042857,0.275378,-0.049885,-0.959084,0.000343,100.001678
295341,-0.002498,0.901341,-0.241321,-0.042857,0.275378,-0.049885,-0.959084,0.000343,100.001335
295341,-0.002498,0.901341,-0.241321,-0.042857,0.275378,-0.049885,-0.959084,0.000343,100.001335
295341,-0.002498,0.901341,-0.241321,-0.042857,0.275378,-0.049885,-0.959084,0.000343,100.001335
295341,-0.002498,0.901341,-0.241321,-0.042857,0.275378,-0.049885,-0.959084,0.000343,100.001678
295341,-0.002498,0.901341,-0.241321,-0.042857,0.275378,-0.049885,-0.959084,0.000343,100.001335
295451,-0.002531,0.901343,-0.241375,-0.042831,0.275040,-0.049456,-0.959204,0.000000,100.001335
295455,-0.002609,0.901353,-0.241387,-0.042801,0.275407,-0.049868,-0.959079,0.000000,100.001335
295458,-0.002626,0.901351,-0.241383,-0.042838,0.275460,-0.049672,-0.959072,0.000343,100.001335
295462,-0.002550,0.901348,-0.241399,-0.042799,0.274937,-0.049764,-0.959219,0.000343,100.000992
295465,-0.002556,0.901344,-0.241382,-0.042796,0.275120,-0.049559,-0.959177,0.000000,100.001335
295469,-0.002571,0.901335,-0.241344,-0.042951,0.275246,-0.049896,-0.959117,0.000000,100.001335
295472,-0.002507,0.901337,-0.241352,-0.042839,0.275088,-0.049516,-0.959187,0.000000,100.001335
295476,-0.002541,0.901326,-0.241314,-0.042947,0.275290,-0.049892,-0.959105,0.000343,100.001335
295480,-0.002481,0.901335,-0.241336,-0.042876,0.275030,-0.049750,-0.959190,0.000000,100.001335
295483,-0.002468,0.901333,-0.241338,-0.042884,0.274899,-0.049832,-0.959223,0.000000,100.000992
295487,-0.002548,0.901343,-0.241328,-0.042853,0.275422,-0.049879,-0.959072,0.000000,100.000992
295487,-0.002548,0.901343,-0.241328,-0.042853,0.275422,-0.049879,-0.959072,0.000000,100.001335
295494,-0.002507,0.901342,-0.241351,-0.042865,0.275070,-0.049664,-0.959183,0.000000,100.000648
295497,-0.002540,0.901344,-0.241351,-0.042836,0.275164,-0.049951,-0.959143,0.000000,100.001335
295501,-0.002534,0.901336,-0.241348,-0.042905,0.275224,-0.049731,-0.959134,0.000000,100.000992
295504,-0.002523,0.901338,-0.241351,-0.042898,0.275006,-0.049943,-0.959186,0.000000,100.000992
295508,-0.002539,0.901345,-0.241344,-0.042834,0.275342,-0.049725,-0.959104,-0.000343,100.000992
295512,-0.002500,0.901335,-0.241347,-0.042888,0.275074,-0.049599,-0.959185,-0.000343,100.000992
295515,-0.002486,0.901338,-0.241356,-0.042881,0.275014,-0.049492,-0.959208,-0.000343,100.000992
295519,-0.002548,0.901341,-0.241359,-0.042833,0.275419,-0.049777,-0.959079,-0.000343,100.000992
295522,-0.002547,0.901351,-0.241362,-0.042834,0.275379,-0.049707,-0.959094,-0.000687,100.000648
295526,-0.002506,0.901343,-0.241380,-0.042835,0.274995,-0.049699,-0.959204,-0.000343,100.000992
295529,-0.002537,0.901344,-0.241373,-0.042832,0.275244,-0.049646,-0.959136,-0.000343,100.000648
295533,-0.002550,0.901344,-0.241367,-0.042838,0.275157,-0.049791,-0.959153,-0.000343,100.000648
295536,-0.002521,0.901338,-0.241367,-0.042833,0.275029,-0.049536,-0.959203,-0.000343,100.000648
295540,-0.002584,0.901333,-0.241333,-0.042939,0.275390,-0.049914,-0.959075,-0.000687,100.000305
295543,-0.002574,0.901343,-0.241331,-0.042807,0.275466,-0.049712,-0.959070,-0.000343,100.000305
295547,-0.002506,0.901334,-0.241331,-0.042882,0.274907,-0.049881,-0.959218,-0.000343,100.000648
295551,-0.002565,0.901343,-0.241319,-0.042876,0.275405,-0.050004,-0.959069,-0.000343,100.000305
295554,-0.002542,0.901330,-0.241318,-0.042968,0.275307,-0.049976,-0.959095,-0.000343,100.000305
295558,-0.002511,0.901338,-0.241330,-0.042874,0.275083,-0.049817,-0.959171,-0.000687,100.000305
295561,-0.002537,0.901331,-0.241327,-0.042934,0.275228,-0.049912,-0.959122,-0.000687,100.000305
295565,-0.002526,0.901340,-0.241340,-0.042926,0.275149,-0.049835,-0.959149,-0.000687,100.000305
295565,-0.002526,0.901340,-0.241340,-0.042926,0.275149,-0.049835,-0.959149,-0.000687,100.000305
295565,-0.002526,0.901340,-0.241340,-0.042926,0.275149,-0.049835,-0.959149,-0.000687,100.000305
295565,-0.002526,0.901340,-0.241340,-0.042926,0.275149,-0.049835,-0.959149,-0.000687,100.000305
295565,-0.002526,0.901340,-0.241340,-0.042926,0.275149,-0.049835,-0.959149,-0.000687,100.000305
295565,-0.002526,0.901340,-0.241340,-0.042926,0.275149,-0.049835,-0.959149,-0.000687,100.000305
295565,-0.002526,0.901340,-0.241340,-0.042926,0.275149,-0.049835,-0.959149,-0.000687,100.000305
295565,-0.002526,0.901340,-0.241340,-0.042926,0.275149,-0.049835,-0.959149,-0.000687,100.000305
295565,-0.002526,0.901340,-0.241340,-0.042926,0.275149,-0.049835,-0.959149,-0.000687,100.000305
