0,0.000000,0.000000,0.000000,0.000000,0.000000,0.000000,0.000000,0.000000,0.000000
0,0.000000,0.000000,0.000000,0.000000,0.000000,0.000000,0.000000,0.000000,0.000000
0,0.000000,0.000000,0.000000,0.000000,0.000000,0.000000,0.000000,0.000000,0.000000
0,0.000000,0.000000,0.000000,0.000000,0.000000,0.000000,0.000000,0.000000,0.000000
0,0.000000,0.000000,0.000000,0.000000,0.000000,0.000000,0.000000,0.000000,0.000000
0,0.000000,0.000000,0.000000,0.000000,0.000000,0.000000,0.000000,0.000000,0.000000
0,0.000000,0.000000,0.000000,0.000000,0.000000,0.000000,0.000000,0.000000,0.000000
0,0.000000,0.000000,0.000000,0.000000,0.000000,0.000000,0.000000,0.000000,0.000000
0,0.000000,0.000000,0.000000,0.000000,0.000000,0.000000,0.000000,0.000000,0.000000
0,0.000000,0.000000,0.000000,0.000000,0.000000,0.000000,0.000000,0.000000,0.000000
0,0.000000,0.000000,0.000000,0.000000,0.000000,0.000000,0.000000,0.000000,0.000000
0,0.000000,0.000000,0.000000,0.000000,0.000000,0.000000,0.000000,0.000000,0.000000
0,0.000000,0.000000,0.000000,0.000000,0.000000,0.000000,0.000000,0.000000,0.000000
0,0.000000,0.000000,0.000000,0.000000,0.000000,0.000000,0.000000,0.000000,0.000000
0,0.000000,0.000000,0.000000,0.000000,0.000000,0.000000,0.000000,0.000000,0.000000
0,0.000000,0.000000,0.000000,0.000000,0.000000,0.000000,0.000000,0.000000,0.000000
0,0.000000,0.000000,0.000000,0.000000,0.000000,0.000000,0.000000,0.000000,0.000000
0,0.000000,0.000000,0.000000,0.000000,0.000000,0.000000,0.000000,0.000000,0.000000
0,0.000000,0.000000,0.000000,0.000000,0.000000,0.000000,0.000000,0.000000,0.000000
0,0.000000,0.000000,0.000000,0.000000,0.000000,0.000000,0.000000,0.000000,0.000000
0,0.000000,0.000000,0.000000,0.000000,0.000000,0.000000,0.000000,0.000000,0.000000
0,0.000000,0.000000,0.000000,0.000000,0.000000,0.000000,0.000000,0.000000,0.000000
0,0.000000,0.000000,0.000000,0.000000,0.000000,0.000000,0.000000,0.000000,0.000000
0,0.000000,0.000000,0.000000,0.000000,0.000000,0.000000,0.000000,0.000000,0.000000
0,0.000000,0.000000,0.000000,0.000000,0.000000,0.000000,0.000000,0.000000,0.000000
0,0.000000,0.000000,0.000000,0.000000,0.000000,0.000000,0.000000,0.000000,0.000000
0,0.000000,0.000000,0.000000,0.000000,0.000000,0.000000,0.000000,0.000000,0.000000
0,0.000000,0.000000,0.000000,0.000000,0.000000,0.000000,0.000000,0.000000,0.000000
284209,-0.133784,0.817987,-0.206255,-0.324466,0.243575,-0.488957,-0.772214,0.000000,0.000000
284213,-0.133768,0.818015,-0.206252,-0.324390,0.243384,-0.489032,-0.772258,500.001526,-0.000343
284217,-0.133769,0.817998,-0.206254,-0.324513,0.243592,-0.488849,-0.772258,500.001183,-0.000343
284220,-0.133776,0.817984,-0.206244,-0.324466,0.243558,-0.489045,-0.772164,500.001526,-0.000343
284224,-0.133763,0.818024,-0.206225,-0.324433,0.243456,-0.488878,-0.772315,500.001526,-0.000343
284227,-0.133774,0.818005,-0.206216,-0.324422,0.243478,-0.488981,-0.772248,500.001526,-0.000343
284231,-0.133788,0.817990,-0.206220,-0.324504,0.243590,-0.488924,-0.772214,500.001526,-0.000343
284234,-0.133785,0.818002,-0.206224,-0.324434,0.243442,-0.489009,-0.772236,500.001526,-0.000343
284238,-0.133795,0.817991,-0.206244,-0.324548,0.243611,-0.488814,-0.772259,500.001526,-0.000343
284241,-0.133805,0.817981,-0.206255,-0.324525,0.243609,-0.488880,-0.772227,500.001526,-0.000343
284245,-0.133787,0.818029,-0.206263,-0.324413,0.243414,-0.488924,-0.772308,500.001183,-0.000343
284248,-0.133783,0.818027,-0.206260,-0.324437,0.243422,-0.488905,-0.772307,500.001526,0.000000
284252,-0.133791,0.817990,-0.206259,-0.324481,0.243576,-0.488937,-0.772220,500.001526,0.000000
284256,-0.133767,0.818012,-0.206234,-0.324443,0.243410,-0.488980,-0.772261,500.001526,-0.000343
284259,-0.133759,0.817995,-0.206223,-0.324522,0.243542,-0.488854,-0.772265,500.001526,-0.000343
284263,-0.133755,0.817992,-0.206219,-0.324412,0.243472,-0.489051,-0.772209,500.001526,-0.000343
284266,-0.133751,0.818013,-0.206206,-0.324417,0.243414,-0.488949,-0.772290,500.001526,-0.000343
284270,-0.133781,0.817981,-0.206215,-0.324458,0.243553,-0.489046,-0.772168,500.001526,-0.000343
284273,-0.133793,0.817984,-0.206217,-0.324444,0.243583,-0.488987,-0.772202,500.001183,-0.000343
284277,-0.133797,0.818007,-0.206215,-0.324446,0.243391,-0.489021,-0.772240,500.001183,-0.000343
284281,-0.133823,0.817974,-0.206237,-0.324505,0.243632,-0.488983,-0.772163,500.001526,-0.000343
284284,-0.133824,0.817983,-0.206239,-0.324426,0.243523,-0.489073,-0.772174,500.001183,-0.000343
284288,-0.133809,0.818008,-0.206242,-0.324437,0.243465,-0.488877,-0.772311,500.001526,-0.000343
284291,-0.133803,0.817992,-0.206241,-0.324435,0.243500,-0.489018,-0.772212,500.001526,-0.000343
284295,-0.133780,0.817999,-0.206246,-0.324477,0.243502,-0.488881,-0.772281,500.001526,-0.000343
284298,-0.133767,0.818009,-0.206242,-0.324415,0.243441,-0.488968,-0.772271,500.001526,0.000000
284301,-0.133760,0.818014,-0.206246,-0.324422,0.243420,-0.488975,-0.772269,500.001183,-0.000343
284305,-0.133774,0.817985,-0.206259,-0.324484,0.243591,-0.488934,-0.772216,500.001526,-0.000343
284309,-0.133778,0.818020,-0.206255,-0.324429,0.243433,-0.488880,-0.772323,500.001526,-0.000343
284312,-0.133793,0.818010,-0.206255,-0.324427,0.243458,-0.488928,-0.772286,500.001526,-0.000343
284316,-0.133817,0.817992,-0.206253,-0.324478,0.243554,-0.488908,-0.772246,500.001526,-0.000343
284319,-0.133820,0.817997,-0.206246,-0.324485,0.243471,-0.488961,-0.772236,500.001526,-0.000343
284323,-0.133815,0.817992,-0.206242,-0.324519,0.243567,-0.488854,-0.772259,500.001526,-0.000343
284327,-0.133811,0.818000,-0.206239,-0.324400,0.243418,-0.489106,-0.772196,500.001183,0.000000
284330,-0.133788,0.818017,-0.206236,-0.324401,0.243401,-0.488968,-0.772289,500.001526,-0.000343
284334,-0.133783,0.817983,-0.206235,-0.324455,0.243573,-0.489015,-0.772182,500.001526,-0.000343
284337,-0.133776,0.817984,-0.206236,-0.324479,0.243604,-0.488976,-0.772187,500.001526,-0.000343
284341,-0.133761,0.818011,-0.206232,-0.324416,0.243381,-0.488991,-0.772275,500.001526,-0.000343
284344,-0.133767,0.817999,-0.206238,-0.324484,0.243490,-0.488919,-0.772257,500.001526,-0.000343
284348,-0.133779,0.817993,-0.206248,-0.324407,0.243502,-0.489080,-0.772184,500.001526,-0.000343
284351,-0.133773,0.818018,-0.206247,-0.324411,0.243404,-0.489024,-0.772248,500.001526,-0.000343
284355,-0.133797,0.817986,-0.206252,-0.324450,0.243542,-0.489000,-0.772204,500.001526,-0.000343
284358,-0.133805,0.817982,-0.206257,-0.324441,0.243581,-0.489033,-0.772174,500.001526,-0.000343
284362,-0.133791,0.818015,-0.206244,-0.324448,0.243406,-0.488971,-0.772266,500.001526,-0.000343
284366,-0.133797,0.817987,-0.206256,-0.324520,0.243640,-0.488843,-0.772243,500.001869,-0.000343
284369,-0.133797,0.817988,-0.206258,-0.324466,0.243552,-0.488970,-0.772213,500.001183,-0.000343
284373,-0.133776,0.818018,-0.206251,-0.324412,0.243455,-0.488876,-0.772326,500.001526,-0.000343
284376,-0.133772,0.818009,-0.206254,-0.324457,0.243502,-0.488918,-0.772265,500.001526,-0.000343
284380,-0.133778,0.818004,-0.206253,-0.324469,0.243555,-0.488895,-0.772258,500.001183,-0.000343
284383,-0.133775,0.818003,-0.206253,-0.324456,0.243458,-0.488954,-0.772257,500.001183,-0.000343
284387,-0.133787,0.817987,-0.206259,-0.324530,0.243610,-0.488911,-0.772205,500.001526,-0.000343
284390,-0.133796,0.817981,-0.206257,-0.324519,0.243599,-0.488865,-0.772242,500.001526,-0.000343
284394,-0.133779,0.818017,-0.206255,-0.324408,0.243438,-0.488944,-0.772290,500.000839,-0.000343
284397,-0.133778,0.818019,-0.206250,-0.324390,0.243451,-0.488878,-0.772335,499.997063,0.000000
284401,-0.133795,0.817986,-0.206253,-0.324492,0.243588,-0.488971,-0.772190,499.975433,-0.000343
284405,-0.133790,0.818003,-0.206247,-0.324443,0.243422,-0.489000,-0.772244,499.895096,-0.000343
284408,-0.133790,0.817992,-0.206251,-0.324484,0.243524,-0.488929,-0.772240,499.863510,-0.000343
284412,-0.133789,0.817988,-0.206250,-0.324387,0.243463,-0.489117,-0.772181,499.761543,-0.000343
284415,-0.133773,0.818016,-0.206249,-0.324402,0.243376,-0.489009,-0.772271,499.693909,-0.000343
284419,-0.133777,0.817987,-0.206256,-0.324446,0.243567,-0.489014,-0.772189,499.667130,-0.000343
284422,-0.133785,0.817978,-0.206265,-0.324470,0.243599,-0.489008,-0.772172,499.622841,-0.000343
284426,-0.133769,0.818012,-0.206254,-0.324421,0.243408,-0.488946,-0.772292,499.585762,-0.000343
284430,-0.133781,0.817984,-0.206267,-0.324492,0.243649,-0.488922,-0.772202,499.519501,-0.000343
284433,-0.133783,0.817990,-0.206262,-0.324439,0.243544,-0.489021,-0.772195,499.485855,-0.000343
284437,-0.133773,0.818016,-0.206251,-0.324452,0.243478,-0.488841,-0.772324,499.365349,-0.000343
284440,-0.133784,0.817996,-0.206247,-0.324465,0.243512,-0.488924,-0.772255,499.244843,0.000000
284440,-0.133784,0.817996,-0.206247,-0.324465,0.243512,-0.488924,-0.772255,499.093094,0.000000
284440,-0.133784,0.817996,-0.206247,-0.324465,0.243512,-0.488924,-0.772255,499.028893,-0.000343
284440,-0.133784,0.817996,-0.206247,-0.324465,0.243512,-0.488924,-0.772255,498.832169,-0.000343
284440,-0.133784,0.817996,-0.206247,-0.324465,0.243512,-0.488924,-0.772255,498.686943,-0.000343
284440,-0.133784,0.817996,-0.206247,-0.324465,0.243512,-0.488924,-0.772255,498.558540,0.000000
284440,-0.133784,0.817996,-0.206247,-0.324465,0.243512,-0.488924,-0.772255,498.421898,0.000000
284440,-0.133784,0.817996,-0.206247,-0.324465,0.243512,-0.488924,-0.772255,498.243370,-0.000343
284440,-0.133784,0.817996,-0.206247,-0.324465,0.243512,-0.488924,-0.772255,498.153419,-0.000343
284440,-0.133784,0.817996,-0.206247,-0.324465,0.243512,-0.488924,-0.772255,497.888031,0.000000
284440,-0.133784,0.817996,-0.206247,-0.324465,0.243512,-0.488924,-0.772255,497.758598,-0.000343
284440,-0.133784,0.817996,-0.206247,-0.324465,0.243512,-0.488924,-0.772255,497.401886,-0.000343
284440,-0.133784,0.817996,-0.206247,-0.324465,0.243512,-0.488924,-0.772255,497.283440,0.000000
284440,-0.133784,0.817996,-0.206247,-0.324465,0.243512,-0.488924,-0.772255,496.931534,-0.000343
284440,-0.133784,0.817996,-0.206247,-0.324465,0.243512,-0.488924,-0.772255,496.780472,-0.000343
284440,-0.133784,0.817996,-0.206247,-0.324465,0.243512,-0.488924,-0.772255,496.526413,-0.000343
284440,-0.133784,0.817996,-0.206247,-0.324465,0.243512,-0.488924,-0.772255,496.101036,-0.000343
284440,-0.133784,0.817996,-0.206247,-0.324465,0.243512,-0.488924,-0.772255,495.937271,-0.000343
284440,-0.133784,0.817996,-0.206247,-0.324465,0.243512,-0.488924,-0.772255,495.478249,-0.000343
284440,-0.133784,0.817996,-0.206247,-0.324465,0.243512,-0.488924,-0.772255,495.101280,-0.000343
284440,-0.133784,0.817996,-0.206247,-0.324465,0.243512,-0.488924,-0.772255,494.940948,-0.000343
284440,-0.133784,0.817996,-0.206247,-0.324465,0.243512,-0.488924,-0.772255,494.559517,-0.000343
284440,-0.133784,0.817996,-0.206247,-0.324465,0.243512,-0.488924,-0.772255,493.960762,-0.000343
284440,-0.133784,0.817996,-0.206247,-0.324465,0.243512,-0.488924,-0.772255,493.756828,-0.000343
284440,-0.133784,0.817996,-0.206247,-0.324465,0.243512,-0.488924,-0.772255,493.169746,-0.000343
284440,-0.133784,0.817996,-0.206247,-0.324465,0.243512,-0.488924,-0.772255,492.911568,-0.000343
284440,-0.133784,0.817996,-0.206247,-0.324465,0.243512,-0.488924,-0.772255,492.219429,-0.000343
284440,-0.133784,0.817996,-0.206247,-0.324465,0.243512,-0.488924,-0.772255,491.969490,-0.000343
284440,-0.133784,0.817996,-0.206247,-0.324465,0.243512,-0.488924,-0.772255,491.257782,-0.000343
284440,-0.133784,0.817996,-0.206247,-0.324465,0.243512,-0.488924,-0.772255,490.692329,-0.000343
284440,-0.133784,0.817996,-0.206247,-0.324465,0.243512,-0.488924,-0.772255,490.396385,-0.000343
284550,-0.133700,0.818163,-0.206260,-0.324199,0.243592,-0.488479,-0.772623,489.836769,-0.000343
284554,-0.133676,0.818207,-0.206254,-0.324089,0.243559,-0.488373,-0.772746,489.005585,-0.000343
284557,-0.133671,0.818215,-0.206260,-0.324129,0.243618,-0.488290,-0.772764,488.334045,-0.000343
284561,-0.133672,0.818231,-0.206266,-0.324031,0.243562,-0.488342,-0.772789,488.040161,-0.000343
284565,-0.133672,0.818239,-0.206274,-0.324148,0.243698,-0.488093,-0.772855,487.365189,-0.000343
284568,-0.133676,0.818227,-0.206278,-0.324132,0.243737,-0.488174,-0.772798,486.690216,-0.000343
284572,-0.133650,0.818293,-0.206268,-0.324046,0.243581,-0.487997,-0.772995,485.681534,0.000000
284575,-0.133629,0.818330,-0.206270,-0.323977,0.243583,-0.487970,-0.773040,485.302162,-0.000343
284579,-0.133617,0.818344,-0.206279,-0.323939,0.243763,-0.487802,-0.773106,484.566078,0.000000
284582,-0.133587,0.818407,-0.206279,-0.323841,0.243729,-0.487684,-0.773232,483.494225,-0.000343
284586,-0.133537,0.818493,-0.206273,-0.323754,0.243726,-0.487338,-0.773488,482.602959,-0.000343
284589,-0.133507,0.818547,-0.206287,-0.323699,0.243840,-0.487152,-0.773592,482.191658,-0.000343
284593,-0.133431,0.818662,-0.206296,-0.323466,0.243744,-0.486933,-0.773858,480.992775,-0.000343
284596,-0.133372,0.818757,-0.206297,-0.323348,0.243706,-0.486617,-0.774117,480.459595,-0.000343
284600,-0.133319,0.818864,-0.206309,-0.323166,0.243908,-0.486307,-0.774324,479.108620,-0.000343
284603,-0.133262,0.818966,-0.206316,-0.322993,0.243991,-0.485976,-0.774578,478.644447,-0.000343
284607,-0.133175,0.819136,-0.206310,-0.322747,0.243928,-0.485601,-0.774936,477.703743,-0.000343
284611,-0.133093,0.819297,-0.206331,-0.322471,0.244176,-0.485194,-0.775228,476.346931,-0.000343
284614,-0.133012,0.819442,-0.206335,-0.322233,0.244173,-0.484747,-0.775607,475.251732,-0.000343
284618,-0.132900,0.819646,-0.206350,-0.321924,0.244246,-0.484235,-0.776032,474.725418,-0.000343
284621,-0.132819,0.819794,-0.206376,-0.321677,0.244391,-0.483837,-0.776337,473.704376,-0.000343
284625,-0.132677,0.820052,-0.206396,-0.321210,0.244411,-0.483200,-0.776920,472.209549,-0.000343
284628,-0.132578,0.820250,-0.206410,-0.320893,0.244431,-0.482670,-0.777374,470.989723,-0.000343
284632,-0.132430,0.820524,-0.206437,-0.320479,0.244738,-0.481748,-0.778020,470.420151,-0.000343
284635,-0.132294,0.820779,-0.206458,-0.319983,0.244745,-0.481099,-0.778623,469.284096,-0.000343
284639,-0.132097,0.821150,-0.206474,-0.319364,0.244764,-0.480007,-0.779545,468.239708,-0.000343
284643,-0.131934,0.821452,-0.206503,-0.318893,0.245080,-0.479119,-0.780184,466.354523,0.000000
284646,-0.131798,0.821698,-0.206518,-0.318470,0.245138,-0.478544,-0.780692,465.723839,-0.000343
284650,-0.131550,0.822252,-0.206391,-0.318546,0.244529,-0.474982,-0.783024,464.513969,-0.000343
284653,-0.131419,0.822469,-0.206423,-0.318165,0.244702,-0.474343,-0.783512,462.771263,-0.000343
284657,-0.131234,0.822819,-0.206466,-0.317509,0.244776,-0.473532,-0.784245,461.385612,0.000000
284660,-0.131078,0.823102,-0.206496,-0.316998,0.244956,-0.472724,-0.784883,460.768661,-0.000343
284664,-0.130906,0.823444,-0.206558,-0.316335,0.245310,-0.471761,-0.785619,459.454079,-0.000343
284667,-0.130745,0.823744,-0.206602,-0.315772,0.245473,-0.470946,-0.786283,458.123016,0.000000
284671,-0.130494,0.824187,-0.206647,-0.314965,0.245599,-0.469929,-0.787175,456.115952,0.000000
284674,-0.130327,0.824473,-0.206683,-0.314491,0.245829,-0.469034,-0.787827,455.418320,0.000000
284678,-0.130086,0.824893,-0.206727,-0.313604,0.246002,-0.468145,-0.788654,453.496056,-0.000343
284682,-0.129860,0.825329,-0.206778,-0.312738,0.246348,-0.467004,-0.789567,451.968269,-0.000343
284685,-0.129705,0.825630,-0.206815,-0.312175,0.246624,-0.466201,-0.790177,450.568886,-0.000343
284689,-0.129448,0.826052,-0.206851,-0.311412,0.246722,-0.465099,-0.791097,449.858551,-0.000343
284692,-0.129269,0.826372,-0.206891,-0.310875,0.246861,-0.464223,-0.791778,447.849083,-0.000343
284696,-0.129016,0.826807,-0.206976,-0.310065,0.247299,-0.462934,-0.792714,446.232376,-0.000343
284699,-0.128824,0.827127,-0.207024,-0.309474,0.247354,-0.462157,-0.793381,444.743042,-0.000343
284703,-0.128561,0.827582,-0.207094,-0.308603,0.247592,-0.460897,-0.794378,444.003181,-0.000343
284706,-0.128369,0.827911,-0.207140,-0.307961,0.247763,-0.459990,-0.795099,441.889687,0.000000
284710,-0.128095,0.828411,-0.207189,-0.307075,0.247984,-0.458566,-0.796195,440.973701,-0.000343
284713,-0.127896,0.828761,-0.207232,-0.306331,0.248008,-0.457800,-0.796915,439.453468,-0.000343
284717,-0.127648,0.829180,-0.207288,-0.305560,0.248401,-0.456460,-0.797856,437.297401,-0.000343
284721,-0.127304,0.829759,-0.207369,-0.304335,0.248463,-0.455086,-0.799089,436.375923,-0.000343
284724,-0.127088,0.830102,-0.207407,-0.303732,0.248750,-0.454004,-0.799844,434.810371,-0.000343
284728,-0.126836,0.830511,-0.207477,-0.302913,0.249117,-0.452837,-0.800702,432.601089,-0.000343
284731,-0.126573,0.830913,-0.207530,-0.302127,0.249267,-0.451708,-0.801589,431.014252,-0.000343
284735,-0.126254,0.831434,-0.207593,-0.301090,0.249337,-0.450212,-0.802798,429.243736,-0.000343
284738,-0.126025,0.831762,-0.207630,-0.300462,0.249525,-0.449157,-0.803566,428.427315,0.000000
284742,-0.125736,0.832199,-0.207687,-0.299475,0.249593,-0.448215,-0.804439,426.146622,-0.000343
284745,-0.125506,0.832563,-0.207733,-0.298818,0.249759,-0.447091,-0.805256,424.348984,0.000000
284749,-0.125175,0.833071,-0.207810,-0.297762,0.250047,-0.445672,-0.806344,422.705841,-0.000343
284753,-0.124820,0.833599,-0.207892,-0.296721,0.250137,-0.444234,-0.807493,421.894569,-0.000343
284756,-0.124549,0.833996,-0.207955,-0.295914,0.250341,-0.443122,-0.808336,419.571991,-0.000343
284760,-0.124212,0.834483,-0.208061,-0.294913,0.250686,-0.441730,-0.809356,417.724571,0.000000
284763,-0.123984,0.834737,-0.208153,-0.293578,0.250055,-0.440504,-0.810704,416.049156,0.000000
284767,-0.123696,0.835167,-0.208223,-0.292788,0.250330,-0.439154,-0.811637,414.520683,-0.000343
284770,-0.123458,0.835521,-0.208278,-0.291983,0.250517,-0.438212,-0.812378,412.666740,-0.000343
284774,-0.123056,0.836084,-0.208341,-0.290905,0.250621,-0.436503,-0.813652,411.827660,-0.000343
284777,-0.122729,0.836537,-0.208409,-0.289995,0.250625,-0.435302,-0.814618,410.117226,0.000000
284781,-0.122256,0.837110,-0.208481,-0.289052,0.250994,-0.433467,-0.815817,408.404388,-0.000343
284785,-0.121797,0.837684,-0.208587,-0.287952,0.251048,-0.431957,-0.816989,405.829468,0.000000
284788,-0.121438,0.838108,-0.208648,-0.287158,0.251016,-0.430634,-0.817977,404.971504,-0.000343
284792,-0.121123,0.838551,-0.208802,-0.286717,0.251316,-0.428696,-0.819057,402.565498,-0.000343
284795,-0.120865,0.838962,-0.208893,-0.285765,0.251425,-0.427450,-0.820006,401.525230,-0.000343
284799,-0.120382,0.839530,-0.208835,-0.284333,0.251211,-0.426561,-0.821032,398.925591,0.000000
284802,-0.120135,0.839916,-0.208925,-0.283486,0.251435,-0.425276,-0.821923,398.060417,-0.000343
284806,-0.119751,0.840442,-0.209010,-0.282452,0.251562,-0.423933,-0.822933,395.593643,-0.000343
284809,-0.119517,0.840761,-0.209081,-0.281842,0.251768,-0.422892,-0.823614,394.548225,-0.000343
284813,-0.119190,0.841263,-0.209068,-0.280856,0.251786,-0.421550,-0.824633,391.951675,-0.000343
284816,-0.118935,0.841591,-0.209117,-0.280337,0.251966,-0.420373,-0.825355,390.380630,-0.000343
284820,-0.118689,0.841992,-0.209296,-0.280686,0.253710,-0.418544,-0.825631,388.470726,0.000000
284824,-0.118293,0.842497,-0.209368,-0.279715,0.254043,-0.417097,-0.826590,387.594566,-0.000343
284827,-0.118025,0.842855,-0.209446,-0.278922,0.254171,-0.415985,-0.827379,385.857010,-0.000343
284831,-0.117726,0.843234,-0.209529,-0.278113,0.254436,-0.414632,-0.828248,383.386116,-0.000343
284834,-0.117544,0.843502,-0.209603,-0.277392,0.254462,-0.413971,-0.828813,381.472435,-0.000343
284838,-0.117195,0.843960,-0.209671,-0.276485,0.254585,-0.412448,-0.829837,380.563316,-0.000343
284841,-0.116878,0.844389,-0.209750,-0.275549,0.254689,-0.411203,-0.830734,378.107872,-0.000343
284845,-0.116414,0.845000,-0.209860,-0.274360,0.255177,-0.409227,-0.831953,377.061768,-0.000343
284848,-0.116079,0.845413,-0.209939,-0.273468,0.255281,-0.408109,-0.832763,374.432945,-0.000343
284852,-0.115644,0.845927,-0.210034,-0.272488,0.255514,-0.406359,-0.833868,373.561592,-0.000343
284856,-0.115264,0.846345,-0.210120,-0.271642,0.255784,-0.405038,-0.834703,371.824722,0.000000
284859,-0.114996,0.846657,-0.210182,-0.270994,0.255944,-0.403934,-0.835400,370.078926,0.000000
284863,-0.114664,0.847043,-0.210262,-0.270231,0.256129,-0.402510,-0.836277,367.472420,-0.000343
284866,-0.114405,0.847355,-0.210318,-0.269526,0.256237,-0.401420,-0.836995,365.707397,0.000000
284870,-0.114021,0.847822,-0.210397,-0.268551,0.256310,-0.399828,-0.838047,364.848061,-0.000343
284873,-0.113716,0.848221,-0.210485,-0.267693,0.256506,-0.398559,-0.838866,362.367210,-0.000343
284877,-0.113372,0.848662,-0.210580,-0.266673,0.256872,-0.397195,-0.839725,360.441170,-0.000343
284880,-0.113123,0.848968,-0.210635,-0.266055,0.257109,-0.396135,-0.840349,359.557114,-0.000343
284884,-0.112839,0.849207,-0.210895,-0.263378,0.254809,-0.393809,-0.842982,357.813377,-0.000343
284887,-0.112571,0.849546,-0.210949,-0.262781,0.255171,-0.392617,-0.843615,356.069984,-0.000343
284891,-0.112188,0.850028,-0.211035,-0.261820,0.255262,-0.391362,-0.844469,353.455238,-0.000343
284895,-0.111808,0.850482,-0.211112,-0.261069,0.255649,-0.389800,-0.845306,352.587318,-0.000343
284898,-0.111518,0.850816,-0.211183,-0.260405,0.255898,-0.388840,-0.845878,350.140800,-0.000343
284902,-0.111193,0.851171,-0.211249,-0.259885,0.256106,-0.387643,-0.846524,349.090919,-0.000343
284905,-0.110975,0.851410,-0.211291,-0.259502,0.256342,-0.386989,-0.846869,346.464844,-0.000343
284909,-0.110599,0.851855,-0.211373,-0.258702,0.256855,-0.385657,-0.847565,345.584221,-0.000343
284912,-0.110249,0.852264,-0.211450,-0.258044,0.257091,-0.384509,-0.848216,343.120880,-0.000343
284916,-0.109668,0.852944,-0.211591,-0.256777,0.257582,-0.382312,-0.849444,342.069969,-0.000343
284920,-0.109106,0.853550,-0.211734,-0.255499,0.257923,-0.380459,-0.850557,340.310783,-0.000343
284923,-0.108871,0.853798,-0.211790,-0.255072,0.258142,-0.379689,-0.850963,338.568077,-0.000343
284926,-0.108656,0.854014,-0.211828,-0.254712,0.258230,-0.378962,-0.851368,336.835327,-0.000343
284930,-0.108282,0.854456,-0.211905,-0.253699,0.258654,-0.377330,-0.852266,335.088501,-0.000343
284934,-0.107919,0.854871,-0.211957,-0.252695,0.258567,-0.376112,-0.853128,333.336868,-0.000343
284937,-0.107649,0.855153,-0.211997,-0.252100,0.258799,-0.374968,-0.853737,331.586952,-0.000343
284941,-0.107247,0.855572,-0.212107,-0.251146,0.258993,-0.373572,-0.854571,329.830856,-0.000343
284944,-0.106917,0.855904,-0.212196,-0.250422,0.259146,-0.372403,-0.855248,327.211304,0.000000
284948,-0.106505,0.856310,-0.212306,-0.249418,0.259072,-0.370961,-0.856190,326.330681,-0.000343
284951,-0.106226,0.856597,-0.212377,-0.248758,0.259262,-0.369712,-0.856864,324.575272,-0.000343
284955,-0.105907,0.856937,-0.212470,-0.247822,0.259204,-0.368815,-0.857539,322.819862,-0.000343
284959,-0.105615,0.857270,-0.212541,-0.247226,0.259856,-0.367494,-0.858081,321.083679,-0.000343
284962,-0.105347,0.857562,-0.212616,-0.246481,0.259864,-0.366503,-0.858716,319.330330,0.000000
284966,-0.104968,0.857944,-0.212729,-0.245477,0.259636,-0.364881,-0.859763,317.579384,-0.000343
284969,-0.104686,0.858225,-0.212803,-0.244813,0.259873,-0.363892,-0.860300,315.831528,-0.000343
284973,-0.104275,0.858632,-0.212919,-0.243791,0.260060,-0.362286,-0.861211,314.098091,-0.000343
284976,-0.103906,0.858921,-0.212912,-0.243265,0.261173,-0.361069,-0.861534,311.457253,-0.000343
284980,-0.103441,0.859363,-0.213001,-0.242416,0.261612,-0.359286,-0.862385,310.587273,-0.000343
284983,-0.103080,0.859707,-0.213099,-0.241514,0.261698,-0.358056,-0.863123,308.125648,-0.000343
284987,-0.102642,0.860118,-0.213230,-0.240441,0.261637,-0.356307,-0.864164,306.204414,-0.000343
284991,-0.102255,0.860493,-0.213326,-0.239454,0.261839,-0.355124,-0.864864,305.302162,-0.000343
284994,-0.101918,0.860843,-0.213415,-0.238650,0.262119,-0.353796,-0.865545,303.568382,-0.000343
284998,-0.101329,0.861423,-0.213579,-0.237148,0.262159,-0.351607,-0.866837,301.112251,-0.000343
285001,-0.100839,0.861889,-0.213716,-0.236016,0.262423,-0.349675,-0.867847,299.197197,-0.000343
285005,-0.100306,0.862373,-0.213859,-0.234911,0.262662,-0.347969,-0.868760,298.318977,-0.000343
285008,-0.099900,0.862730,-0.213971,-0.234035,0.262790,-0.346402,-0.869583,296.581764,0.000000
285012,-0.099288,0.863292,-0.214121,-0.232512,0.263036,-0.344265,-0.870765,293.948135,-0.000343
285015,-0.098820,0.863744,-0.214232,-0.231346,0.263319,-0.342485,-0.871691,293.071289,-0.000343
285019,-0.098275,0.864219,-0.214324,-0.230073,0.263221,-0.340792,-0.872721,291.325150,-0.000343
285022,-0.097940,0.864502,-0.214396,-0.229375,0.263462,-0.339441,-0.873358,288.881035,-0.000343
285026,-0.097465,0.864927,-0.214554,-0.228121,0.263891,-0.337717,-0.874225,286.957054,-0.000343
285029,-0.096987,0.865347,-0.214671,-0.227124,0.264005,-0.335970,-0.875123,286.088104,-0.000343
285033,-0.096363,0.865920,-0.214884,-0.225772,0.264110,-0.333810,-0.876267,284.331322,-0.000343
285036,-0.095995,0.866257,-0.214997,-0.224923,0.264280,-0.332412,-0.876966,282.575912,-0.000343
285040,-0.095485,0.866715,-0.215165,-0.223665,0.264432,-0.330544,-0.877947,279.939537,-0.000343
285044,-0.094900,0.867204,-0.215305,-0.222308,0.264968,-0.328310,-0.878967,279.087753,-0.000343
285047,-0.094419,0.867606,-0.215427,-0.221152,0.265167,-0.326746,-0.879782,276.628876,-0.000343
285051,-0.093742,0.868131,-0.215545,-0.219927,0.265381,-0.324524,-0.880846,274.699059,-0.000343
285054,-0.093356,0.868464,-0.215649,-0.219001,0.265510,-0.323435,-0.881438,273.819122,-0.000343
285058,-0.092786,0.868923,-0.215770,-0.217857,0.265985,-0.321490,-0.882289,271.379814,-0.000343
285061,-0.092339,0.869275,-0.215882,-0.216813,0.266066,-0.319974,-0.883073,269.450340,-0.000343
285065,-0.091809,0.869669,-0.216011,-0.215534,0.266184,-0.317778,-0.884143,268.588600,0.000000
285069,-0.091239,0.870171,-0.216181,-0.214091,0.266352,-0.316055,-0.885060,266.841774,-0.000343
285072,-0.090724,0.870606,-0.216349,-0.212956,0.266791,-0.314163,-0.885875,265.081902,-0.000343
285076,-0.090137,0.871078,-0.216514,-0.211613,0.267140,-0.312409,-0.886711,262.435570,-0.000343
285079,-0.089734,0.871375,-0.216639,-0.210775,0.267357,-0.310945,-0.887360,261.580696,-0.000343
285083,-0.088977,0.871939,-0.216850,-0.208937,0.267078,-0.308445,-0.888750,259.131432,-0.000343
285086,-0.088396,0.872377,-0.217045,-0.207489,0.267381,-0.306247,-0.889758,258.071594,-0.000343
285090,-0.087738,0.872840,-0.217233,-0.206115,0.267743,-0.304138,-0.890691,255.452042,-0.000343
285094,-0.087113,0.873296,-0.217413,-0.204761,0.267792,-0.302033,-0.891704,254.576225,-0.000343
285097,-0.086554,0.873703,-0.217548,-0.203540,0.268174,-0.300169,-0.892498,252.126617,-0.000343
285100,-0.086012,0.874099,-0.217704,-0.202237,0.268362,-0.298657,-0.893245,251.080856,-0.000343
285104,-0.085394,0.874528,-0.217831,-0.200808,0.268284,-0.296327,-0.894366,249.332657,-0.000343
285108,-0.084706,0.875014,-0.217982,-0.199294,0.268601,-0.293954,-0.895392,247.574158,-0.000343
285111,-0.084156,0.875421,-0.218117,-0.198129,0.268840,-0.292056,-0.896199,245.109444,-0.000343
285115,-0.083478,0.875902,-0.218311,-0.196647,0.268836,-0.289544,-0.897341,243.187866,-0.000343
285118,-0.083018,0.876223,-0.218446,-0.195633,0.269024,-0.288074,-0.897979,242.316856,-0.000343
285122,-0.082389,0.876679,-0.218617,-0.194087,0.269129,-0.285742,-0.899028,240.561104,-0.000343
285125,-0.081920,0.876999,-0.218758,-0.193169,0.269163,-0.284272,-0.899681,238.131409,-0.000343
285129,-0.081328,0.877409,-0.218934,-0.191901,0.269577,-0.281979,-0.900550,236.217041,-0.000343
285133,-0.080752,0.877937,-0.219087,-0.191083,0.269163,-0.279548,-0.901605,235.330582,-0.000343
285136,-0.080249,0.878267,-0.219257,-0.189866,0.269234,-0.277705,-0.902410,232.870331,-0.000343
285140,-0.079604,0.878668,-0.219443,-0.188450,0.269587,-0.275616,-0.903242,231.138611,-0.000343
285143,-0.079055,0.879027,-0.219597,-0.187181,0.269662,-0.273575,-0.904103,229.204674,0.000000
285147,-0.078309,0.879491,-0.219790,-0.185599,0.269592,-0.271368,-0.905115,228.320961,-0.000343
285150,-0.077792,0.879810,-0.219912,-0.184544,0.269888,-0.269595,-0.905772,225.862083,-0.000343
285154,-0.077128,0.880231,-0.220109,-0.182826,0.269983,-0.267389,-0.906745,224.834175,0.000000
285157,-0.076598,0.880547,-0.220226,-0.181741,0.269958,-0.265543,-0.907513,222.205009,-0.000343
285161,-0.075931,0.880961,-0.220419,-0.180312,0.270188,-0.263315,-0.908379,221.331253,-0.000343
285164,-0.075480,0.881215,-0.220542,-0.179412,0.270326,-0.261811,-0.908950,218.902588,-0.000343
285168,-0.074927,0.881532,-0.220695,-0.178171,0.270117,-0.260308,-0.909688,216.958008,-0.000343
285171,-0.074453,0.881812,-0.220834,-0.177111,0.270350,-0.258524,-0.910334,215.177193,-0.000343
285175,-0.073748,0.882239,-0.221046,-0.175561,0.270805,-0.256313,-0.911124,214.339828,-0.000343
285179,-0.072964,0.882692,-0.221258,-0.173913,0.270658,-0.253646,-0.912230,211.855545,0.000000
285182,-0.072513,0.882951,-0.221389,-0.172931,0.270716,-0.252375,-0.912751,209.939804,-0.000343
285186,-0.071936,0.883268,-0.221567,-0.171618,0.270953,-0.250441,-0.913461,208.199844,-0.000343
285189,-0.071405,0.883574,-0.221716,-0.170491,0.271001,-0.248798,-0.914107,207.317505,-0.000343
285193,-0.070761,0.883923,-0.221876,-0.169180,0.271393,-0.246538,-0.914846,204.877167,-0.000343
285196,-0.070310,0.884166,-0.221987,-0.168253,0.271455,-0.245150,-0.915371,202.959709,-0.000343
285200,-0.069689,0.884486,-0.222138,-0.167080,0.271503,-0.243136,-0.916109,201.218719,-0.000343
285204,-0.069100,0.884798,-0.222304,-0.165790,0.271725,-0.241391,-0.916739,200.332260,0.000000
285207,-0.068592,0.885076,-0.222458,-0.164672,0.271779,-0.239569,-0.917402,198.570328,-0.000343
285211,-0.067927,0.885427,-0.222653,-0.163328,0.271729,-0.237522,-0.918189,195.952492,-0.000343
285214,-0.067455,0.885694,-0.222812,-0.162127,0.272020,-0.235694,-0.918786,195.062599,-0.000343
285218,-0.066821,0.886034,-0.223014,-0.160719,0.272048,-0.233885,-0.919488,193.314400,-0.000343
285221,-0.066359,0.886257,-0.223134,-0.159871,0.272062,-0.232370,-0.920015,190.874062,-0.000343
285225,-0.065683,0.886598,-0.223320,-0.158382,0.272184,-0.230345,-0.920745,188.961067,-0.000343
285228,-0.065157,0.886853,-0.223465,-0.157304,0.272442,-0.228637,-0.921280,188.080444,-0.000343
285232,-0.064545,0.887136,-0.223597,-0.156166,0.272260,-0.226870,-0.921964,185.636673,-0.000343
285235,-0.064047,0.887372,-0.223718,-0.155207,0.272490,-0.225055,-0.922502,183.891220,-0.000343
285239,-0.063416,0.887654,-0.223885,-0.153916,0.272826,-0.223354,-0.923033,181.957970,-0.000343
285243,-0.062836,0.887910,-0.224037,-0.152809,0.272915,-0.221356,-0.923671,180.191917,-0.000343
285246,-0.062373,0.888125,-0.224181,-0.151820,0.273035,-0.219908,-0.924145,179.333611,-0.000343
285250,-0.061722,0.888446,-0.224380,-0.150466,0.272885,-0.217833,-0.924901,176.876106,-0.000343
285253,-0.061308,0.888643,-0.224506,-0.149656,0.272846,-0.216605,-0.925333,174.950752,-0.000343
285257,-0.060786,0.888889,-0.224671,-0.148511,0.273262,-0.214655,-0.925849,173.199806,-0.000343
285260,-0.060406,0.889059,-0.224778,-0.147685,0.273384,-0.213611,-0.926186,172.324677,-0.000343
285264,-0.059822,0.889320,-0.224929,-0.146487,0.273242,-0.211656,-0.926867,169.888802,-0.000343
285267,-0.059354,0.889530,-0.225048,-0.145508,0.273350,-0.210324,-0.927292,167.971001,0.000000
285271,-0.058633,0.889844,-0.225243,-0.144007,0.273573,-0.208027,-0.927979,167.091064,-0.000343
285274,-0.058119,0.890059,-0.225377,-0.142990,0.273556,-0.206525,-0.928476,165.324326,-0.000343
285278,-0.057499,0.890306,-0.225545,-0.141728,0.273621,-0.204451,-0.929109,162.869911,-0.000343
285281,-0.057026,0.890499,-0.225675,-0.140779,0.273747,-0.203101,-0.929513,160.946274,-0.000343
285285,-0.056350,0.890778,-0.225864,-0.139498,0.273718,-0.200883,-0.930196,160.067368,-0.000343
285289,-0.055766,0.891021,-0.226027,-0.138254,0.273997,-0.199110,-0.930681,158.322601,-0.000343
285292,-0.055294,0.891211,-0.226153,-0.137311,0.274130,-0.197520,-0.931120,156.589165,-0.000343
285296,-0.054656,0.891463,-0.226322,-0.136136,0.273878,-0.195794,-0.931731,153.956566,-0.000343
285299,-0.054251,0.891623,-0.226440,-0.135331,0.274101,-0.194367,-0.932081,153.092422,0.000000
285303,-0.053713,0.891844,-0.226613,-0.134135,0.274369,-0.192717,-0.932518,150.628738,-0.001030
285306,-0.053196,0.892061,-0.226773,-0.132993,0.274298,-0.191002,-0.933055,148.707848,-0.000343
285310,-0.052576,0.892307,-0.226969,-0.131644,0.274399,-0.189107,-0.933603,146.956902,-0.000343
285314,-0.051898,0.892568,-0.227180,-0.130287,0.274361,-0.187043,-0.934220,146.077995,0.000000
285317,-0.051382,0.892759,-0.227322,-0.129245,0.274290,-0.185505,-0.934692,143.613281,-0.000343
285321,-0.050823,0.892953,-0.227472,-0.128150,0.274563,-0.183764,-0.935106,141.707153,-0.000343
285324,-0.050380,0.893117,-0.227595,-0.127334,0.274764,-0.182482,-0.935409,139.951401,-0.000343
285328,-0.049601,0.893396,-0.227817,-0.125808,0.274645,-0.179872,-0.936156,139.084511,-0.000343
285331,-0.049129,0.893542,-0.227927,-0.125025,0.274716,-0.178510,-0.936501,137.331505,-0.000343
285335,-0.048487,0.893752,-0.228116,-0.123720,0.274899,-0.176565,-0.936989,134.716759,-0.000343
285338,-0.047907,0.893961,-0.228268,-0.122581,0.274856,-0.174782,-0.937486,132.950020,-0.000343
285342,-0.047192,0.894208,-0.228491,-0.120954,0.274935,-0.172399,-0.938115,132.088966,-0.000343
285345,-0.046820,0.894328,-0.228591,-0.120214,0.274913,-0.171472,-0.938386,130.354156,-0.000343
285349,-0.046332,0.894480,-0.228718,-0.119398,0.274855,-0.169804,-0.938811,128.621063,-0.000343
285353,-0.045643,0.894734,-0.228927,-0.117816,0.275142,-0.167763,-0.939293,126.139870,0.000000
285356,-0.045057,0.894927,-0.229110,-0.116481,0.275200,-0.165845,-0.939784,124.204903,-0.000343
285360,-0.044362,0.895137,-0.229308,-0.115204,0.274983,-0.163862,-0.940352,123.288918,-0.000343
285363,-0.043849,0.895293,-0.229466,-0.114214,0.275082,-0.162391,-0.940699,120.856476,-0.000343
285367,-0.043148,0.895507,-0.229676,-0.112806,0.275206,-0.160461,-0.941164,119.812431,-0.000343
285370,-0.042668,0.895638,-0.229798,-0.111964,0.275151,-0.158811,-0.941560,117.200775,-0.000343
285374,-0.042145,0.895788,-0.229933,-0.110985,0.275391,-0.157279,-0.941863,116.348991,-0.000343
285378,-0.041532,0.895963,-0.230100,-0.109863,0.275384,-0.155267,-0.942330,114.596329,-0.000343
285381,-0.041039,0.896114,-0.230243,-0.108795,0.275305,-0.153711,-0.942732,112.161140,-0.000343
285384,-0.040517,0.896267,-0.230389,-0.107702,0.275224,-0.151953,-0.943166,111.098213,-0.000343
285388,-0.039871,0.896460,-0.230595,-0.106484,0.275510,-0.150153,-0.943509,109.340401,-0.000343
285392,-0.038636,0.896809,-0.230974,-0.103870,0.275692,-0.146013,-0.944397,106.859550,-0.000343
285395,-0.037731,0.897095,-0.231295,-0.101721,0.275773,-0.143501,-0.944992,104.913597,-0.000343
285399,-0.037227,0.897174,-0.231391,-0.101043,0.275579,-0.142180,-0.945321,104.048767,-0.000343
285402,-0.036934,0.897244,-0.231467,-0.100655,0.275480,-0.141526,-0.945489,102.323570,-0.000343
285406,-0.036247,0.897419,-0.231640,-0.099115,0.275779,-0.139119,-0.945922,99.932671,-0.000343
285409,-0.035801,0.897509,-0.231745,-0.098372,0.275819,-0.137792,-0.946182,98.047142,-0.000343
285413,-0.035414,0.897582,-0.231804,-0.097775,0.275706,-0.136444,-0.946472,97.188148,0.000000
285416,-0.035043,0.897672,-0.231911,-0.097069,0.275657,-0.135357,-0.946715,94.760513,-0.000343
285420,-0.034163,0.897910,-0.232206,-0.095061,0.276324,-0.132214,-0.947168,93.721619,-0.000343
285424,-0.032930,0.898233,-0.232674,-0.092382,0.276033,-0.128950,-0.947968,91.971016,-0.000343
285427,-0.032478,0.898289,-0.232784,-0.092060,0.275944,-0.127583,-0.948210,90.060768,-0.000343
285431,-0.032099,0.898350,-0.232901,-0.091389,0.275985,-0.126823,-0.948365,87.863503,-0.000343
285434,-0.031572,0.898446,-0.233014,-0.090533,0.275883,-0.124981,-0.948721,86.015396,-0.000343
285438,-0.031082,0.898557,-0.233082,-0.089464,0.275951,-0.123449,-0.949004,85.182838,-0.000343
285441,-0.030814,0.898610,-0.233107,-0.088868,0.275926,-0.122403,-0.949202,83.529396,-0.000343
285445,-0.030261,0.898719,-0.233253,-0.087847,0.275673,-0.120732,-0.949585,81.701202,-0.000343
285448,-0.029492,0.898901,-0.233507,-0.085779,0.276256,-0.118033,-0.949944,79.519386,-0.000343
285452,-0.028274,0.899207,-0.234001,-0.083247,0.276321,-0.114655,-0.950563,77.668877,-0.000343
285456,-0.027690,0.899274,-0.234186,-0.082554,0.275932,-0.113136,-0.950919,76.822243,-0.000343
285459,-0.027334,0.899340,-0.234327,-0.081832,0.275911,-0.112290,-0.951088,74.517174,-0.000343
285463,-0.026592,0.899485,-0.234517,-0.080394,0.275914,-0.109961,-0.951481,72.732582,-0.000343
285466,-0.026193,0.899543,-0.234595,-0.079637,0.275848,-0.108632,-0.951717,71.129951,-0.000343
285470,-0.025833,0.899582,-0.234626,-0.078835,0.276065,-0.107293,-0.951873,70.329666,-0.000343
285473,-0.025405,0.899664,-0.234740,-0.077966,0.275965,-0.106061,-0.952111,68.755875,-0.000343
285477,-0.024067,0.899894,-0.235162,-0.075111,0.275951,-0.101728,-0.952817,66.356392,-0.000343
285480,-0.023297,0.900059,-0.235480,-0.073451,0.276074,-0.099721,-0.953123,65.562286,-0.000343
285484,-0.022897,0.900095,-0.235629,-0.073102,0.276047,-0.098701,-0.953264,63.979568,0.000000
285488,-0.022352,0.900170,-0.235817,-0.072189,0.275825,-0.097307,-0.953541,61.824532,-0.000343
285491,-0.021869,0.900251,-0.235957,-0.070947,0.276070,-0.095491,-0.953747,60.124741,0.000000
285495,-0.021548,0.900278,-0.235978,-0.070434,0.275985,-0.094514,-0.953907,59.363594,0.000000
285498,-0.021270,0.900289,-0.235990,-0.069975,0.275737,-0.093441,-0.954118,57.859154,-0.000343
285502,-0.020735,0.900368,-0.236132,-0.068802,0.275895,-0.091919,-0.954306,55.766945,-0.000343
285505,-0.020313,0.900393,-0.236304,-0.067791,0.276415,-0.090106,-0.954400,54.128609,-0.000343
285509,-0.018815,0.900640,-0.236823,-0.064901,0.275856,-0.086103,-0.955132,53.371925,-0.000343
285512,-0.018117,0.900766,-0.237089,-0.063630,0.275699,-0.084311,-0.955423,51.328812,-0.000343
285516,-0.017768,0.900768,-0.237177,-0.063364,0.275416,-0.083753,-0.955571,49.756050,-0.000343
285519,-0.017442,0.900836,-0.237288,-0.062452,0.275596,-0.082747,-0.955667,48.351517,-0.000343
285523,-0.016901,0.900888,-0.237403,-0.061173,0.275894,-0.080731,-0.955836,47.102852,-0.000343
285526,-0.016633,0.900912,-0.237449,-0.060412,0.275851,-0.079751,-0.955979,45.591202,-0.000343
285530,-0.016265,0.900934,-0.237498,-0.059806,0.275339,-0.078608,-0.956260,44.915199,-0.000343
285534,-0.015805,0.900987,-0.237682,-0.058776,0.275880,-0.076964,-0.956301,43.000832,-0.000343
285537,-0.015362,0.901046,-0.237868,-0.057979,0.275760,-0.075879,-0.956471,41.657753,-0.000343
285541,-0.014729,0.901121,-0.238114,-0.056951,0.275315,-0.074278,-0.956787,40.198288,0.000000
285544,-0.014227,0.901143,-0.238274,-0.055907,0.275969,-0.072478,-0.956798,39.539795,-0.000343
285548,-0.012873,0.901291,-0.238730,-0.053018,0.275428,-0.068519,-0.957410,38.235855,0.000000
285551,-0.012460,0.901313,-0.238824,-0.052427,0.275188,-0.067397,-0.957591,36.463280,-0.000343
285555,-0.012497,0.901254,-0.238708,-0.052795,0.275625,-0.067307,-0.957452,35.121918,-0.000343
285559,-0.011983,0.901325,-0.238830,-0.051679,0.275187,-0.066042,-0.957726,33.924751,0.000000
285562,-0.011571,0.901341,-0.238901,-0.050948,0.275137,-0.064560,-0.957881,33.349342,-0.000343
285566,-0.011334,0.901358,-0.238993,-0.050355,0.275320,-0.063937,-0.957902,32.177925,0.000000
285569,-0.011034,0.901375,-0.239104,-0.049841,0.275271,-0.062987,-0.958005,30.569801,-0.000343
285573,-0.010494,0.901418,-0.239346,-0.048725,0.275112,-0.061555,-0.958202,29.856720,-0.000343
285576,-0.010160,0.901452,-0.239476,-0.047994,0.275246,-0.060467,-0.958269,28.738174,0.000000
285580,-0.009787,0.901476,-0.239596,-0.047362,0.275065,-0.059454,-0.958416,27.634048,0.000000
285583,-0.009495,0.901483,-0.239660,-0.046836,0.274982,-0.058425,-0.958529,26.105919,0.000000
285587,-0.009139,0.901461,-0.239739,-0.045845,0.275471,-0.057236,-0.958508,24.968147,-0.000343
285591,-0.007966,0.901524,-0.240059,-0.043714,0.274990,-0.053383,-0.958968,24.439430,-0.000343
285594,-0.007561,0.901575,-0.240220,-0.042861,0.274886,-0.052764,-0.959071,23.437614,-0.000343
285597,-0.007485,0.901568,-0.240217,-0.042783,0.274909,-0.052605,-0.959076,22.502747,-0.000343
285601,-0.007225,0.901603,-0.240336,-0.042264,0.275149,-0.052061,-0.959060,21.589851,0.000000
285605,-0.006803,0.901604,-0.240433,-0.041425,0.275184,-0.050255,-0.959183,20.679016,-0.000343
285608,-0.006741,0.901604,-0.240461,-0.041106,0.275182,-0.050210,-0.959200,19.424171,0.000000
285612,-0.006522,0.901611,-0.240514,-0.040722,0.274935,-0.049309,-0.959334,18.536339,0.000000
285615,-0.006290,0.901616,-0.240597,-0.040291,0.274841,-0.048620,-0.959414,17.599754,0.000000
285619,-0.005983,0.901638,-0.240716,-0.039486,0.275308,-0.047500,-0.959370,17.177811,0.000000
285622,-0.005693,0.901644,-0.240807,-0.039111,0.275123,-0.046885,-0.959468,16.367226,0.000000
285626,-0.005265,0.901647,-0.240903,-0.038553,0.274586,-0.045781,-0.959698,15.592690,-0.000343
285630,-0.005000,0.901658,-0.240979,-0.037961,0.274762,-0.045129,-0.959702,14.489594,0.000000
285633,-0.004800,0.901647,-0.241016,-0.037650,0.274794,-0.044348,-0.959742,14.128761,0.000000
285637,-0.004571,0.901649,-0.241088,-0.037201,0.274643,-0.043758,-0.959830,13.181877,0.000000
285640,-0.004424,0.901661,-0.241149,-0.036812,0.274763,-0.043201,-0.959835,12.468796,0.000000
285644,-0.004217,0.901663,-0.241222,-0.036345,0.274467,-0.042708,-0.959960,12.119293,0.000000
285647,-0.004096,0.901655,-0.241277,-0.036072,0.274513,-0.042003,-0.959988,11.497192,0.000000
285651,-0.003955,0.901666,-0.241346,-0.035693,0.274741,-0.041823,-0.959945,10.640602,0.000000
285654,-0.003667,0.901668,-0.241412,-0.035224,0.274713,-0.040784,-0.960015,9.982109,0.000000
285658,-0.003298,0.901691,-0.241562,-0.034549,0.274371,-0.039969,-0.960172,9.733543,0.000000
285661,-0.003144,0.901691,-0.241579,-0.034317,0.274556,-0.039309,-0.960154,9.175301,0.000000
285665,-0.002975,0.901690,-0.241617,-0.033964,0.274591,-0.039012,-0.960169,8.436470,0.000000
285668,-0.002777,0.901682,-0.241643,-0.033636,0.274391,-0.038359,-0.960264,7.894020,0.000000
285672,-0.002624,0.901678,-0.241686,-0.033243,0.274532,-0.037866,-0.960257,7.649918,0.000000
285676,-0.002425,0.901675,-0.241756,-0.032850,0.274344,-0.037101,-0.960354,7.206001,0.000000
285679,-0.002290,0.901673,-0.241829,-0.032589,0.274202,-0.036905,-0.960411,6.606903,0.000000
285683,-0.002122,0.901703,-0.241928,-0.032142,0.274560,-0.036174,-0.960352,6.134834,0.000000
285686,-0.001970,0.901706,-0.241991,-0.031875,0.274418,-0.035833,-0.960414,5.938454,0.000000
285690,-0.001754,0.901694,-0.242040,-0.031465,0.274205,-0.034960,-0.960520,5.369225,0.000000
285693,-0.001661,0.901690,-0.242047,-0.031267,0.274318,-0.034796,-0.960500,5.148468,0.000000
285697,-0.001519,0.901682,-0.242056,-0.031055,0.274289,-0.034256,-0.960535,4.607735,0.000343
285701,-0.001379,0.901679,-0.242081,-0.030773,0.274256,-0.034084,-0.960560,4.448433,0.000343
285704,-0.001290,0.901687,-0.242103,-0.030595,0.274457,-0.033644,-0.960523,4.136696,0.000000
285707,-0.001213,0.901688,-0.242127,-0.030447,0.274528,-0.033529,-0.960512,3.693466,0.000000
285711,-0.001056,0.901682,-0.242193,-0.030217,0.274154,-0.033029,-0.960643,3.550644,0.000000
285715,-0.001016,0.901689,-0.242231,-0.030043,0.274404,-0.033139,-0.960574,3.172302,0.000343
285718,-0.000939,0.901690,-0.242273,-0.029906,0.274396,-0.032724,-0.960595,2.878418,0.000000
285722,-0.000824,0.901689,-0.242316,-0.029712,0.274230,-0.032552,-0.960654,2.757225,0.000000
285725,-0.000757,0.901686,-0.242336,-0.029549,0.274408,-0.032199,-0.960620,2.535095,0.000000
285729,-0.000654,0.901686,-0.242354,-0.029364,0.274284,-0.032077,-0.960665,2.227135,0.000343
285733,-0.000565,0.901683,-0.242353,-0.029159,0.274375,-0.031635,-0.960660,2.012901,0.000343
285733,-0.000565,0.901683,-0.242353,-0.029159,0.274375,-0.031635,-0.960660,2.012901,0.000343
285736,-0.000531,0.901680,-0.242351,-0.029112,0.274492,-0.031719,-0.960625,1.718330,0.000343
285743,-0.000350,0.901674,-0.242390,-0.028898,0.274197,-0.031120,-0.960735,1.550789,0.000343
285747,-0.000340,0.901685,-0.242413,-0.028714,0.274597,-0.030869,-0.960635,1.393204,0.000343
285750,-0.000300,0.901682,-0.242435,-0.028674,0.274459,-0.030944,-0.960673,1.244545,0.000000
285754,-0.000228,0.901684,-0.242468,-0.028496,0.274311,-0.030460,-0.960736,1.043701,0.000000
285757,-0.000222,0.901686,-0.242478,-0.028470,0.274392,-0.030612,-0.960709,0.990143,0.000343
285761,-0.000154,0.901683,-0.242497,-0.028401,0.274298,-0.030253,-0.960749,0.866203,0.000343
285764,-0.000103,0.901689,-0.242505,-0.028314,0.274143,-0.030269,-0.960796,0.755997,0.000343
285768,-0.000104,0.901686,-0.242499,-0.028218,0.274552,-0.030132,-0.960686,0.605278,0.000000
285772,-0.000005,0.901684,-0.242515,-0.028175,0.274022,-0.030098,-0.960839,0.560989,0.000343
285775,0.000023,0.901684,-0.242519,-0.028073,0.274088,-0.029816,-0.960832,0.460739,0.000343
285779,-0.000015,0.901689,-0.242512,-0.028047,0.274334,-0.030142,-0.960753,0.416794,0.000343
285782,0.000013,0.901685,-0.242527,-0.027996,0.274283,-0.029807,-0.960779,0.339203,0.000343
285786,0.000029,0.901685,-0.242553,-0.027953,0.274190,-0.029931,-0.960803,0.278435,0.000343
285789,0.000021,0.901692,-0.242557,-0.027910,0.274415,-0.029777,-0.960745,0.259552,0.000343
285793,0.000072,0.901691,-0.242581,-0.027859,0.274063,-0.029808,-0.960846,0.205650,0.000343
285796,0.000095,0.901683,-0.242585,-0.027846,0.274051,-0.029585,-0.960857,0.133553,0.000343
285800,0.000049,0.901689,-0.242565,-0.027837,0.274359,-0.029882,-0.960760,0.116386,0.000343
285803,0.000085,0.901685,-0.242565,-0.027785,0.274304,-0.029735,-0.960782,0.089951,0.000343
285807,0.000135,0.901677,-0.242566,-0.027783,0.274049,-0.029608,-0.960858,0.056992,0.000343
285810,0.000142,0.901686,-0.242566,-0.027777,0.274227,-0.029581,-0.960809,0.047379,0.000343
285814,0.000155,0.901681,-0.242574,-0.027740,0.274173,-0.029629,-0.960824,0.030899,0.000343
285818,0.000170,0.901685,-0.242585,-0.027677,0.274213,-0.029325,-0.960823,0.016479,0.000343
285821,0.000143,0.901690,-0.242586,-0.027696,0.274308,-0.029588,-0.960788,0.003090,0.000343
285825,0.000180,0.901681,-0.242597,-0.027682,0.274090,-0.029241,-0.960861,-0.010300,0.000000
285828,0.000175,0.901683,-0.242601,-0.027702,0.274028,-0.029427,-0.960872,-0.011330,0.000343
285832,0.000114,0.901689,-0.242587,-0.027667,0.274439,-0.029322,-0.960759,-0.011330,0.000343
285835,0.000122,0.901689,-0.242583,-0.027658,0.274347,-0.029472,-0.960781,-0.011330,0.000343
285839,0.000180,0.901681,-0.242592,-0.027638,0.274114,-0.029172,-0.960857,-0.011330,0.000343
285843,0.000147,0.901685,-0.242579,-0.027669,0.274258,-0.029572,-0.960803,-0.011330,0.000343
285846,0.000189,0.901683,-0.242593,-0.027600,0.274160,-0.029252,-0.960843,-0.011330,0.000343
285850,0.000173,0.901682,-0.242593,-0.027646,0.274236,-0.029548,-0.960811,-0.011330,0.000343
285853,0.000161,0.901685,-0.242594,-0.027601,0.274404,-0.029336,-0.960771,-0.011330,0.000000
285857,0.000213,0.901681,-0.242611,-0.027651,0.273957,-0.029462,-0.960893,-0.011330,0.000343
285860,0.000214,0.901682,-0.242607,-0.027651,0.274010,-0.029231,-0.960885,-0.011330,0.000343
285864,0.000138,0.901687,-0.242593,-0.027644,0.274339,-0.029656,-0.960778,-0.011330,0.000000
285867,0.000162,0.901685,-0.242590,-0.027605,0.274251,-0.029409,-0.960812,-0.010986,0.000343
285871,0.000181,0.901683,-0.242589,-0.027666,0.274113,-0.029473,-0.960848,-0.010986,0.000343
285874,0.000170,0.901686,-0.242591,-0.027595,0.274261,-0.029399,-0.960810,-0.010643,0.000343
285878,0.000192,0.901681,-0.242593,-0.027680,0.274131,-0.029445,-0.960843,-0.009613,0.000343
285881,0.000213,0.901679,-0.242599,-0.027651,0.273997,-0.029344,-0.960885,-0.009270,0.000343
285885,0.000163,0.901688,-0.242593,-0.027583,0.274310,-0.029537,-0.960792,-0.007896,0.000343
285888,0.000156,0.901685,-0.242592,-0.027630,0.274332,-0.029552,-0.960784,-0.005493,0.000343
285892,0.000206,0.901683,-0.242611,-0.027588,0.274011,-0.029347,-0.960883,-0.004120,0.000343
285896,0.000152,0.901690,-0.242600,-0.027602,0.274432,-0.029268,-0.960765,-0.001030,0.000343
285899,0.000163,0.901690,-0.242603,-0.027611,0.274267,-0.029399,-0.960808,0.000687,0.000343
285903,0.000192,0.901686,-0.242613,-0.027554,0.274136,-0.029185,-0.960853,0.002747,0.000343
285906,0.000164,0.901687,-0.242598,-0.027593,0.274254,-0.029415,-0.960811,0.004463,0.000343
285910,0.000203,0.901682,-0.242602,-0.027578,0.274114,-0.029139,-0.960860,0.005150,0.000343
285914,0.000174,0.901685,-0.242586,-0.027595,0.274247,-0.029482,-0.960811,0.005836,0.000343
285917,0.000163,0.901686,-0.242580,-0.027573,0.274445,-0.029271,-0.960762,0.006180,0.000687
285921,0.000224,0.901678,-0.242590,-0.027591,0.273860,-0.029392,-0.960924,0.005836,0.000343
285924,0.000219,0.901677,-0.242585,-0.027596,0.273987,-0.029151,-0.960895,0.006180,0.000343
285928,0.000172,0.901691,-0.242582,-0.027593,0.274267,-0.029555,-0.960803,0.005836,0.000343
285931,0.000198,0.901683,-0.242596,-0.027588,0.274190,-0.029326,-0.960832,0.006180,0.000343
285935,0.000202,0.901686,-0.242606,-0.027594,0.274121,-0.029477,-0.960847,0.005836,0.000343
285939,0.000199,0.901684,-0.242615,-0.027572,0.274213,-0.029312,-0.960827,0.006180,0.000000
285942,0.000210,0.901679,-0.242614,-0.027651,0.274000,-0.029476,-0.960880,0.005836,0.000343
285945,0.000225,0.901685,-0.242616,-0.027572,0.273956,-0.029286,-0.960901,0.005836,0.000343
285949,0.000151,0.901689,-0.242597,-0.027642,0.274384,-0.029549,-0.960769,0.005836,0.000343
285952,0.000149,0.901684,-0.242592,-0.027623,0.274298,-0.029519,-0.960795,0.005836,0.000343
285956,0.000191,0.901683,-0.242604,-0.027620,0.274050,-0.029393,-0.960869,0.005836,0.000343
285960,0.000155,0.901693,-0.242597,-0.027608,0.274404,-0.029255,-0.960773,0.006180,0.000343
285963,0.000170,0.901684,-0.242607,-0.027613,0.274190,-0.029482,-0.960827,0.005836,0.000687
285967,0.000185,0.901684,-0.242611,-0.027571,0.274168,-0.029182,-0.960843,0.005836,0.000343
285970,0.000163,0.901693,-0.242599,-0.027590,0.274311,-0.029451,-0.960794,0.005836,0.000000
285974,0.000208,0.901684,-0.242608,-0.027555,0.274052,-0.029131,-0.960879,0.005836,0.000343
285977,0.000209,0.901677,-0.242600,-0.027612,0.274031,-0.029230,-0.960880,0.005836,0.000343
285981,0.000161,0.901688,-0.242586,-0.027576,0.274436,-0.029314,-0.960763,0.005836,0.000343
285985,0.000223,0.901680,-0.242595,-0.027598,0.273900,-0.029442,-0.960911,0.005836,0.000343
285988,0.000221,0.901680,-0.242599,-0.027572,0.274051,-0.029200,-0.960876,0.005836,0.000343
285992,0.000181,0.901687,-0.242593,-0.027607,0.274265,-0.029520,-0.960805,0.005836,0.000343
285995,0.000201,0.901682,-0.242600,-0.027609,0.274157,-0.029249,-0.960843,0.005836,0.000343
285999,0.000182,0.901684,-0.242599,-0.027591,0.274150,-0.029506,-0.960838,0.005493,0.000343
286002,0.000161,0.901690,-0.242595,-0.027576,0.274377,-0.029378,-0.960778,0.005493,0.000343
286006,0.000195,0.901679,-0.242599,-0.027623,0.273950,-0.029509,-0.960894,0.005493,0.000343
286009,0.000211,0.901684,-0.242608,-0.027588,0.273948,-0.029280,-0.960903,0.005150,0.000343
286013,0.000142,0.901688,-0.242590,-0.027655,0.274355,-0.029562,-0.960776,0.005150,0.000343
286017,0.000213,0.901682,-0.242609,-0.027565,0.274021,-0.029162,-0.960886,0.005150,0.000343
286020,0.000204,0.901688,-0.242613,-0.027617,0.274056,-0.029430,-0.960867,0.005150,0.000343
286023,0.000181,0.901688,-0.242604,-0.027582,0.274207,-0.029444,-0.960824,0.005150,0.000343
286027,0.000203,0.901685,-0.242611,-0.027597,0.274079,-0.029449,-0.960860,0.004807,0.000343
286031,0.000193,0.901688,-0.242596,-0.027568,0.274248,-0.029219,-0.960820,0.004463,0.000343
286034,0.000163,0.901688,-0.242584,-0.027587,0.274306,-0.029507,-0.960794,0.004463,0.000343
286038,0.000220,0.901679,-0.242591,-0.027580,0.274038,-0.029098,-0.960883,0.004120,0.000687
286041,0.000208,0.901677,-0.242583,-0.027621,0.273998,-0.029326,-0.960886,0.003777,0.000343
286045,0.000163,0.901691,-0.242578,-0.027538,0.274399,-0.029331,-0.960774,0.004120,0.000343
286048,0.000173,0.901685,-0.242583,-0.027615,0.274266,-0.029386,-0.960808,0.003433,0.000343
286052,0.000206,0.901684,-0.242596,-0.027564,0.274083,-0.029185,-0.960868,0.003433,0.000343
286056,0.000175,0.901682,-0.242597,-0.027610,0.274214,-0.029517,-0.960819,0.002747,0.000343
286059,0.000194,0.901683,-0.242602,-0.027608,0.274155,-0.029207,-0.960845,0.002403,0.000343
286063,0.000162,0.901686,-0.242602,-0.027607,0.274224,-0.029561,-0.960815,0.002403,0.000343
286066,0.000151,0.901689,-0.242597,-0.027602,0.274431,-0.029353,-0.960762,0.001717,0.000343
286070,0.000210,0.901686,-0.242609,-0.027619,0.273907,-0.029447,-0.960908,0.001373,0.000343
286073,0.000220,0.901685,-0.242613,-0.027567,0.273969,-0.029225,-0.960899,0.001030,0.000343
286077,0.000151,0.901688,-0.242595,-0.027660,0.274329,-0.029625,-0.960782,0.001030,0.000343
286080,0.000174,0.901682,-0.242603,-0.027594,0.274219,-0.029387,-0.960822,0.000343,0.000343
286084,0.000180,0.901681,-0.242599,-0.027608,0.274103,-0.029485,-0.960852,0.000000,0.000343
286087,0.000157,0.901684,-0.242597,-0.027590,0.274290,-0.029470,-0.960799,0.000000,0.000343
286091,0.000190,0.901682,-0.242607,-0.027615,0.274002,-0.029491,-0.960880,-0.000343,0.000343
286094,0.000204,0.901680,-0.242612,-0.027618,0.273932,-0.029366,-0.960904,-0.000343,0.000343
286098,0.000144,0.901691,-0.242596,-0.027611,0.274350,-0.029612,-0.960777,-0.000343,0.000343
286102,0.000204,0.901682,-0.242605,-0.027605,0.274040,-0.029160,-0.960880,-0.000687,0.000343
286105,0.000189,0.901679,-0.242593,-0.027625,0.274003,-0.029349,-0.960884,-0.000687,0.000343
286109,0.000154,0.901686,-0.242580,-0.027578,0.274370,-0.029284,-0.960782,-0.000687,0.000343
286112,0.000167,0.901680,-0.242578,-0.027635,0.274188,-0.029444,-0.960828,-0.000687,0.000343
286116,0.000190,0.901682,-0.242586,-0.027577,0.274164,-0.029165,-0.960845,-0.001030,0.000343
286119,0.000166,0.901684,-0.242586,-0.027617,0.274307,-0.029422,-0.960795,-0.001030,0.000343
286123,0.000206,0.901680,-0.242600,-0.027586,0.274058,-0.029180,-0.960874,-0.000687,0.000343
286127,0.000159,0.901689,-0.242604,-0.027610,0.274306,-0.029560,-0.960791,-0.001030,0.000343
286130,0.000147,0.901688,-0.242609,-0.027622,0.274451,-0.029302,-0.960757,-0.001030,0.000343
286134,0.000205,0.901681,-0.242629,-0.027616,0.273891,-0.029431,-0.960914,-0.001030,0.000687
286137,0.000202,0.901690,-0.242624,-0.027558,0.274010,-0.029183,-0.960889,-0.001030,0.000343
286141,0.000152,0.901691,-0.242607,-0.027643,0.274282,-0.029614,-0.960796,-0.001030,0.000343
286144,0.000190,0.901688,-0.242604,-0.027580,0.274159,-0.029320,-0.960841,-0.001030,0.000343
286148,0.000176,0.901684,-0.242584,-0.027638,0.274164,-0.029525,-0.960832,-0.001030,0.000343
286151,0.000164,0.901683,-0.242572,-0.027574,0.274322,-0.029392,-0.960793,-0.001030,0.000343
286155,0.000211,0.901680,-0.242577,-0.027650,0.273955,-0.029459,-0.960894,-0.001030,0.000343
286159,0.000155,0.901688,-0.242569,-0.027645,0.274386,-0.029370,-0.960774,-0.001030,0.000343
286162,0.000140,0.901693,-0.242569,-0.027643,0.274317,-0.029642,-0.960785,-0.001030,0.000343
286165,0.000149,0.901686,-0.242580,-0.027638,0.274274,-0.029434,-0.960804,-0.001030,0.000343
286169,0.000161,0.901683,-0.242592,-0.027645,0.274052,-0.029486,-0.960865,-0.001030,0.000343
286173,0.000136,0.901691,-0.242600,-0.027616,0.274327,-0.029302,-0.960793,-0.001373,0.000343
286176,0.000157,0.901688,-0.242602,-0.027690,0.274151,-0.029538,-0.960834,-0.001373,0.000343
286180,0.000171,0.901691,-0.242610,-0.027566,0.274211,-0.029225,-0.960830,-0.001030,0.000343
286183,0.000147,0.901689,-0.242602,-0.027635,0.274325,-0.029517,-0.960787,-0.001030,0.000343
286187,0.000199,0.901685,-0.242605,-0.027608,0.274063,-0.029133,-0.960874,-0.001030,0.000343
286190,0.000197,0.901681,-0.242602,-0.027646,0.274009,-0.029336,-0.960882,-0.001030,0.000343
286194,0.000132,0.901690,-0.242588,-0.027631,0.274445,-0.029273,-0.960760,-0.001030,0.000343
286198,0.000190,0.901679,-0.242609,-0.027607,0.273892,-0.029379,-0.960915,-0.001030,0.000343
286201,0.000180,0.901685,-0.242612,-0.027606,0.274091,-0.029172,-0.960865,-0.001030,0.000343
286205,0.000142,0.901687,-0.242608,-0.027659,0.274232,-0.029543,-0.960812,-0.001030,0.000343
286208,0.000177,0.901691,-0.242621,-0.027610,0.274122,-0.029218,-0.960854,-0.001030,0.000343
286212,0.000141,0.901687,-0.242600,-0.027622,0.274222,-0.029550,-0.960815,-0.001030,0.000343
286215,0.000138,0.901691,-0.242590,-0.027616,0.274406,-0.029343,-0.960769,-0.001030,0.000343
286219,0.000191,0.901681,-0.242590,-0.027658,0.273897,-0.029463,-0.960910,-0.001030,0.000343
286222,0.000197,0.901681,-0.242585,-0.027649,0.273982,-0.029218,-0.960893,-0.001030,0.000343
286226,0.000145,0.901692,-0.242580,-0.027673,0.274287,-0.029648,-0.960792,-0.001030,0.000343
286230,0.000192,0.901685,-0.242593,-0.027649,0.274025,-0.029290,-0.960879,-0.001030,0.000343
286233,0.000168,0.901686,-0.242597,-0.027619,0.274059,-0.029545,-0.960862,-0.001030,0.000343
286236,0.000155,0.901691,-0.242595,-0.027581,0.274265,-0.029416,-0.960808,-0.001030,0.000343
286240,0.000171,0.901685,-0.242600,-0.027668,0.274029,-0.029515,-0.960870,-0.001030,0.000343
286244,0.000158,0.901692,-0.242598,-0.027582,0.274273,-0.029353,-0.960808,-0.001030,0.000343
286247,0.000133,0.901689,-0.242586,-0.027651,0.274348,-0.029627,-0.960776,-0.001030,0.000343
286251,0.000202,0.901684,-0.242596,-0.027593,0.274011,-0.029156,-0.960889,-0.001030,0.000343
286254,0.000195,0.901681,-0.242591,-0.027647,0.273994,-0.029446,-0.960883,-0.001030,0.000000
286258,0.000144,0.901688,-0.242582,-0.027596,0.274417,-0.029326,-0.960767,-0.001030,0.000343
286261,0.000157,0.901684,-0.242590,-0.027661,0.274215,-0.029506,-0.960818,-0.001030,0.000343
286265,0.000172,0.901686,-0.242600,-0.027652,0.274188,-0.029186,-0.960835,-0.001030,0.000343
286269,0.000151,0.901685,-0.242608,-0.027617,0.274166,-0.029432,-0.960835,-0.001030,0.000343
286272,0.000177,0.901685,-0.242611,-0.027603,0.274060,-0.029201,-0.960873,-0.001030,0.000343
286276,0.000129,0.901691,-0.242599,-0.027637,0.274301,-0.029515,-0.960793,-0.001030,0.000343
286279,0.000128,0.901692,-0.242597,-0.027611,0.274450,-0.029291,-0.960759,-0.001030,0.000343
286283,0.000189,0.901683,-0.242598,-0.027681,0.273920,-0.029442,-0.960903,-0.001030,0.000343
286286,0.000197,0.901686,-0.242595,-0.027606,0.274018,-0.029188,-0.960885,-0.001030,0.000343
286290,0.000153,0.901689,-0.242579,-0.027637,0.274266,-0.029620,-0.960800,-0.001030,0.000343
286293,0.000180,0.901681,-0.242580,-0.027653,0.274187,-0.029300,-0.960832,-0.001030,0.000343
286297,0.000175,0.901683,-0.242585,-0.027650,0.274140,-0.029529,-0.960839,-0.001030,0.000343
286301,0.000168,0.901686,-0.242586,-0.027646,0.274160,-0.029466,-0.960835,-0.001373,0.000343
286304,0.000179,0.901682,-0.242597,-0.027662,0.273982,-0.029536,-0.960883,-0.001030,0.000343
286307,0.000195,0.901680,-0.242606,-0.027636,0.273957,-0.029232,-0.960900,-0.001030,0.000343
286311,0.000127,0.901693,-0.242595,-0.027656,0.274324,-0.029706,-0.960780,-0.001030,0.000343
286315,0.000197,0.901686,-0.242616,-0.027616,0.274023,-0.029255,-0.960881,-0.001030,0.000000
286318,0.000179,0.901687,-0.242609,-0.027623,0.273985,-0.029499,-0.960884,-0.001030,0.000343
286322,0.000152,0.901693,-0.242597,-0.027633,0.274348,-0.029384,-0.960784,-0.001030,0.000343
286325,0.000168,0.901685,-0.242595,-0.027662,0.274111,-0.029521,-0.960847,-0.001030,0.000687
286329,0.000169,0.901688,-0.242587,-0.027626,0.274199,-0.029300,-0.960830,-0.001030,0.000343
286332,0.000143,0.901688,-0.242579,-0.027674,0.274301,-0.029586,-0.960790,-0.001030,0.000000
286336,0.000196,0.901675,-0.242591,-0.027628,0.274035,-0.029194,-0.960879,-0.001030,0.000343
286340,0.000148,0.901690,-0.242585,-0.027645,0.274356,-0.029460,-0.960779,-0.001030,0.000343
286343,0.000149,0.901695,-0.242593,-0.027613,0.274452,-0.029347,-0.960756,-0.001030,0.000343
286347,0.000204,0.901685,-0.242601,-0.027671,0.273916,-0.029347,-0.960908,-0.001030,0.000343
286350,0.000190,0.901685,-0.242598,-0.027598,0.274073,-0.029183,-0.960870,-0.001030,0.000000
286354,0.000153,0.901693,-0.242585,-0.027622,0.274210,-0.029570,-0.960818,-0.001030,0.000343
286357,0.000176,0.901682,-0.242586,-0.027679,0.274128,-0.029231,-0.960850,-0.001030,0.000343
286361,0.000159,0.901688,-0.242580,-0.027629,0.274198,-0.029544,-0.960822,-0.001373,0.000343
286364,0.000144,0.901688,-0.242576,-0.027638,0.274435,-0.029341,-0.960761,-0.001030,0.000343
286368,0.000203,0.901684,-0.242597,-0.027644,0.273880,-0.029452,-0.960915,-0.001030,0.000343
286372,0.000133,0.901692,-0.242581,-0.027655,0.274348,-0.029515,-0.960779,-0.001030,0.000343
286375,0.000107,0.901688,-0.242576,-0.027682,0.274275,-0.029673,-0.960795,-0.001030,0.000343
286378,0.000123,0.901684,-0.242589,-0.027656,0.274233,-0.029408,-0.960816,-0.001030,0.000343
286382,0.000138,0.901688,-0.242602,-0.027682,0.274100,-0.029587,-0.960847,-0.001030,0.000343
286386,0.000156,0.901699,-0.242613,-0.027609,0.274231,-0.029417,-0.960817,-0.001373,0.000343
286389,0.000197,0.901692,-0.242616,-0.027663,0.274040,-0.029574,-0.960865,-0.001030,0.000343
286393,0.000186,0.901690,-0.242593,-0.027635,0.274284,-0.029373,-0.960803,-0.001030,0.000343
286396,0.000171,0.901689,-0.242573,-0.027690,0.274330,-0.029636,-0.960780,-0.001030,0.000343
286400,0.000219,0.901678,-0.242564,-0.027654,0.274000,-0.029219,-0.960888,-0.001030,0.000343
286403,0.000212,0.901680,-0.242560,-0.027700,0.273953,-0.029479,-0.960892,-0.001030,0.000000
286407,0.000170,0.901690,-0.242567,-0.027632,0.274388,-0.029334,-0.960774,-0.001030,0.000343
286411,0.000209,0.901683,-0.242594,-0.027644,0.273960,-0.029319,-0.960897,-0.001030,0.000343
286414,0.000179,0.901691,-0.242601,-0.027605,0.274142,-0.029268,-0.960847,-0.001030,0.000000
286418,0.000133,0.901686,-0.242600,-0.027694,0.274226,-0.029498,-0.960814,-0.001030,0.000000
286421,0.000153,0.901683,-0.242607,-0.027669,0.274099,-0.029220,-0.960859,-0.001030,0.000343
286425,0.000120,0.901688,-0.242597,-0.027648,0.274310,-0.029538,-0.960790,-0.001030,0.000343
286428,0.000125,0.901689,-0.242587,-0.027631,0.274450,-0.029339,-0.960756,-0.001030,0.000343
286432,0.000219,0.901686,-0.242601,-0.027632,0.273842,-0.029410,-0.960928,-0.001030,0.000343
286435,0.000223,0.901683,-0.242588,-0.027617,0.274019,-0.029210,-0.960884,-0.000687,0.000343
286439,0.000173,0.901687,-0.242570,-0.027694,0.274259,-0.029621,-0.960801,-0.001030,0.000000
286443,0.000209,0.901680,-0.242582,-0.027644,0.273999,-0.029389,-0.960883,-0.000687,0.000000
286446,0.000175,0.901683,-0.242580,-0.027685,0.274159,-0.029559,-0.960831,-0.001030,0.000343
286450,0.000170,0.901690,-0.242596,-0.027665,0.274137,-0.029486,-0.960840,-0.000687,0.000343
286453,0.000179,0.901682,-0.242600,-0.027677,0.273927,-0.029537,-0.960898,-0.001030,0.000343
286457,0.000124,0.901694,-0.242591,-0.027637,0.274293,-0.029495,-0.960796,-0.000687,0.000000
286460,0.000113,0.901690,-0.242590,-0.027691,0.274342,-0.029725,-0.960774,-0.000687,0.000000
286464,0.000175,0.901679,-0.242593,-0.027656,0.274010,-0.029353,-0.960881,-0.000687,0.000000
286467,0.000177,0.901681,-0.242591,-0.027698,0.274022,-0.029541,-0.960870,-0.000687,0.000000
286471,0.000170,0.901687,-0.242588,-0.027663,0.274351,-0.029410,-0.960782,-0.000687,0.000343
286475,0.000226,0.901684,-0.242594,-0.027637,0.274007,-0.029272,-0.960885,-0.000687,0.000343
286478,0.000206,0.901690,-0.242586,-0.027623,0.274228,-0.029333,-0.960820,-0.000687,0.000343
286482,0.000193,0.901683,-0.242584,-0.027664,0.274110,-0.029347,-0.960852,-0.000687,0.000000
286485,0.000200,0.901684,-0.242592,-0.027688,0.274062,-0.029232,-0.960869,-0.000687,0.000000
286489,0.000125,0.901687,-0.242579,-0.027686,0.274394,-0.029506,-0.960766,-0.000687,0.000000
286492,0.000116,0.901694,-0.242581,-0.027675,0.274470,-0.029347,-0.960749,-0.000687,0.000343
286496,0.000184,0.901689,-0.242602,-0.027669,0.273954,-0.029406,-0.960895,-0.000687,0.000000
286499,0.000168,0.901684,-0.242593,-0.027629,0.274091,-0.029239,-0.960862,-0.000687,0.000343
286503,0.000147,0.901687,-0.242588,-0.027690,0.274211,-0.029527,-0.960817,-0.000343,0.000000
286506,0.000177,0.901682,-0.242587,-0.027668,0.274108,-0.029242,-0.960856,-0.000343,0.000000
286510,0.000149,0.901683,-0.242574,-0.027658,0.274205,-0.029553,-0.960819,-0.000343,0.000000
286514,0.000180,0.901682,-0.242583,-0.027670,0.274047,-0.029539,-0.960864,0.000000,0.000000
286517,0.000192,0.901682,-0.242585,-0.027725,0.273913,-0.029467,-0.960903,-0.000343,0.000000
286521,0.000131,0.901696,-0.242578,-0.027687,0.274358,-0.029588,-0.960774,0.000000,0.000000
286524,0.000131,0.901694,-0.242578,-0.027682,0.274265,-0.029680,-0.960797,0.000000,0.000000
286528,0.000164,0.901685,-0.242582,-0.027676,0.274026,-0.029356,-0.960876,0.000000,0.000000
286531,0.000144,0.901689,-0.242577,-0.027662,0.274060,-0.029536,-0.960861,0.000000,0.000000
286535,0.000121,0.901688,-0.242565,-0.027697,0.274240,-0.029496,-0.960810,0.000343,0.000000
286538,0.000140,0.901684,-0.242565,-0.027722,0.274013,-0.029562,-0.960872,0.000343,0.000000
286542,0.000104,0.901690,-0.242554,-0.027648,0.274296,-0.029434,-0.960797,0.000343,0.000000
286545,0.000071,0.901691,-0.242548,-0.027702,0.274286,-0.029706,-0.960790,0.000687,0.000000
286549,0.000126,0.901687,-0.242578,-0.027649,0.274008,-0.029239,-0.960885,0.000343,0.000000
286553,0.000062,0.901693,-0.242581,-0.027662,0.274401,-0.029405,-0.960768,0.000687,0.000000
286556,0.000073,0.901697,-0.242596,-0.027659,0.274335,-0.029403,-0.960787,0.000687,0.000000
286558,0.000088,0.901698,-0.242610,-0.027654,0.274374,-0.029324,-0.960778,0.000687,0.000000
286563,0.000123,0.901696,-0.242626,-0.027630,0.274187,-0.029256,-0.960834,0.001030,0.000000
286567,0.000140,0.901698,-0.242627,-0.027658,0.274153,-0.029445,-0.960837,0.000687,0.000000
286570,0.000176,0.901696,-0.242628,-0.027659,0.274079,-0.029211,-0.960866,0.000687,0.000000
286574,0.000144,0.901706,-0.242609,-0.027648,0.274311,-0.029503,-0.960791,0.000687,0.000000
286577,0.000148,0.901704,-0.242609,-0.027635,0.274405,-0.029299,-0.960770,0.001030,0.000000
286581,0.000190,0.901697,-0.242613,-0.027697,0.273902,-0.029359,-0.960910,0.000687,0.000000
286585,0.000104,0.901712,-0.242593,-0.027680,0.274319,-0.029628,-0.960784,0.001030,0.000000
286588,0.000095,0.901708,-0.242600,-0.027704,0.274268,-0.029582,-0.960799,0.001030,0.000000
286592,0.000103,0.901706,-0.242610,-0.027697,0.274051,-0.029480,-0.960864,0.001030,0.000000
286595,0.000083,0.901708,-0.242617,-0.027681,0.274188,-0.029521,-0.960824,0.000687,0.000000
286599,0.000102,0.901708,-0.242635,-0.027691,0.274132,-0.029505,-0.960840,0.001373,0.000000
286602,0.000135,0.901706,-0.242659,-0.027702,0.273986,-0.029475,-0.960883,0.001030,0.000000
286606,0.000119,0.901725,-0.242668,-0.027647,0.274314,-0.029504,-0.960790,0.001030,0.000000
286609,0.000125,0.901724,-0.242672,-0.027681,0.274312,-0.029672,-0.960784,0.001030,0.000000
286613,0.000192,0.901715,-0.242677,-0.027627,0.273981,-0.029296,-0.960892,0.001030,0.000000
286617,0.000135,0.901716,-0.242635,-0.027611,0.274390,-0.029355,-0.960774,0.001030,0.000000
286620,0.000140,0.901720,-0.242618,-0.027658,0.274272,-0.029423,-0.960804,0.001373,0.000000
286624,0.000179,0.901715,-0.242601,-0.027664,0.274058,-0.029256,-0.960870,0.001030,0.000000
286627,0.000176,0.901722,-0.242595,-0.027632,0.274224,-0.029379,-0.960820,0.001373,0.000000
286631,0.000240,0.901718,-0.242599,-0.027648,0.274105,-0.029281,-0.960856,0.001373,0.000000
286634,0.000281,0.901720,-0.242602,-0.027610,0.273982,-0.029200,-0.960895,0.001030,0.000000
286638,0.000255,0.901734,-0.242584,-0.027561,0.274326,-0.029390,-0.960792,0.001030,-0.000343
286641,0.000240,0.901723,-0.242570,-0.027634,0.274392,-0.029322,-0.960774,0.001373,0.000000
286645,0.000283,0.901713,-0.242568,-0.027654,0.273914,-0.029289,-0.960910,0.001373,0.000000
286648,0.000252,0.901712,-0.242567,-0.027630,0.274119,-0.029196,-0.960855,0.001373,0.000000
286652,0.000197,0.901711,-0.242587,-0.027679,0.274160,-0.029452,-0.960834,0.001373,-0.000343
286656,0.000192,0.901722,-0.242632,-0.027639,0.274063,-0.029545,-0.960860,0.001030,0.000000
286659,0.000162,0.901733,-0.242662,-0.027606,0.274252,-0.029480,-0.960810,0.001030,-0.000343
286663,0.000181,0.901728,-0.242697,-0.027640,0.274012,-0.029566,-0.960874,0.001373,-0.000343
286666,0.000212,0.901731,-0.242709,-0.027613,0.273899,-0.029458,-0.960910,0.001030,-0.000343
286670,0.000150,0.901731,-0.242675,-0.027642,0.274347,-0.029631,-0.960777,0.001373,0.000000
286673,0.000172,0.901732,-0.242651,-0.027680,0.274311,-0.029656,-0.960785,0.001030,0.000000
286677,0.000244,0.901721,-0.242622,-0.027636,0.273972,-0.029414,-0.960890,0.001030,0.000000
286680,0.000229,0.901713,-0.242586,-0.027681,0.274073,-0.029534,-0.960857,0.001373,-0.000343
286684,0.000239,0.901714,-0.242566,-0.027684,0.274166,-0.029462,-0.960832,0.001030,-0.000343
286687,0.000245,0.901706,-0.242570,-0.027720,0.273972,-0.029494,-0.960886,0.001373,0.000000
286691,0.000188,0.901718,-0.242583,-0.027673,0.274247,-0.029438,-0.960810,0.001373,0.000000
286695,0.000209,0.901722,-0.242636,-0.027627,0.274045,-0.029219,-0.960876,0.001373,0.000000
286698,0.000188,0.901720,-0.242661,-0.027621,0.273971,-0.029314,-0.960894,0.001030,-0.000343
286702,0.000134,0.901733,-0.242678,-0.027574,0.274408,-0.029433,-0.960767,0.001030,0.000000
286705,0.000140,0.901732,-0.242671,-0.027651,0.274405,-0.029416,-0.960766,0.001030,0.000000
286709,0.000211,0.901727,-0.242656,-0.027639,0.274004,-0.029304,-0.960885,0.001373,0.000343
286712,0.000216,0.901724,-0.242632,-0.027621,0.274162,-0.029309,-0.960840,0.001030,0.000000
286716,0.000241,0.901715,-0.242600,-0.027711,0.274156,-0.029397,-0.960836,0.001030,-0.000343
286719,0.000287,0.901707,-0.242600,-0.027645,0.274019,-0.029196,-0.960883,0.001030,-0.000343
286723,0.000254,0.901712,-0.242602,-0.027621,0.274269,-0.029426,-0.960806,0.001030,-0.000343
286727,0.000271,0.901711,-0.242630,-0.027714,0.273914,-0.029512,-0.960902,0.001373,-0.000343
286730,0.000265,0.901718,-0.242659,-0.027634,0.273895,-0.029417,-0.960912,0.001030,-0.000343
286734,0.000161,0.901726,-0.242663,-0.027675,0.274320,-0.029698,-0.960781,0.001030,-0.000343
286737,0.000167,0.901729,-0.242682,-0.027696,0.274272,-0.029638,-0.960796,0.001030,-0.000343
286741,0.000203,0.901722,-0.242687,-0.027613,0.274017,-0.029507,-0.960876,0.001030,0.000000
286744,0.000198,0.901723,-0.242669,-0.027645,0.274163,-0.029539,-0.960832,0.001373,0.000000
286748,0.000242,0.901717,-0.242645,-0.027655,0.274094,-0.029539,-0.960851,0.001030,-0.000343
286751,0.000277,0.901709,-0.242621,-0.027666,0.273902,-0.029499,-0.960907,0.001373,-0.000343
286755,0.000246,0.901716,-0.242592,-0.027656,0.274263,-0.029531,-0.960803,0.001030,-0.000343
286758,0.000239,0.901715,-0.242585,-0.027698,0.274246,-0.029622,-0.960804,0.001373,-0.000343
286762,0.000270,0.901711,-0.242604,-0.027722,0.273992,-0.029322,-0.960885,0.001030,-0.000343
286766,0.000206,0.901729,-0.242618,-0.027623,0.274359,-0.029380,-0.960782,0.001030,-0.000343
286769,0.000196,0.901727,-0.242636,-0.027639,0.274255,-0.029458,-0.960808,0.001373,-0.000343
286773,0.000230,0.901731,-0.242652,-0.027634,0.274069,-0.029278,-0.960867,0.001030,-0.000343
286776,0.000200,0.901728,-0.242648,-0.027627,0.274239,-0.029346,-0.960817,0.001030,-0.000343
286780,0.000209,0.901715,-0.242634,-0.027659,0.274101,-0.029315,-0.960856,0.001030,-0.000343
286783,0.000238,0.901716,-0.242628,-0.027642,0.273973,-0.029247,-0.960895,0.001373,-0.000343
286787,0.000187,0.901722,-0.242599,-0.027660,0.274366,-0.029405,-0.960778,0.001030,-0.000343
286790,0.000178,0.901720,-0.242602,-0.027681,0.274405,-0.029336,-0.960768,0.001373,-0.000343
286794,0.000233,0.901715,-0.242626,-0.027673,0.273961,-0.029308,-0.960896,0.001030,-0.000343
286798,0.000149,0.901725,-0.242623,-0.027694,0.274273,-0.029707,-0.960794,0.001030,-0.000343
286801,0.000163,0.901722,-0.242644,-0.027663,0.274225,-0.029511,-0.960815,0.001030,-0.000343
286804,0.000188,0.901721,-0.242654,-0.027644,0.274126,-0.029241,-0.960851,0.001030,-0.000343
286808,0.000164,0.901726,-0.242639,-0.027673,0.274276,-0.029531,-0.960799,0.001030,-0.000343
286812,0.000216,0.901718,-0.242624,-0.027673,0.274012,-0.029575,-0.960873,0.001030,-0.000343
286815,0.000252,0.901716,-0.242606,-0.027711,0.273914,-0.029457,-0.960904,0.001030,0.000000
286819,0.000217,0.901719,-0.242579,-0.027666,0.274246,-0.029646,-0.960804,0.001030,0.000000
286822,0.000228,0.901716,-0.242573,-0.027699,0.274276,-0.029642,-0.960795,0.001030,0.000000
286826,0.000264,0.901709,-0.242592,-0.027686,0.273988,-0.029409,-0.960885,0.001030,-0.000343
286829,0.000231,0.901712,-0.242608,-0.027647,0.274023,-0.029574,-0.960871,0.001373,-0.000343
286833,0.000185,0.901722,-0.242628,-0.027674,0.274198,-0.029476,-0.960823,0.001030,-0.000343
286837,0.000181,0.901722,-0.242656,-0.027621,0.274132,-0.029263,-0.960850,0.001030,-0.000343
286840,0.000138,0.901731,-0.242651,-0.027636,0.274264,-0.029509,-0.960804,0.001030,-0.000343
286844,0.000171,0.901719,-0.242651,-0.027655,0.274105,-0.029276,-0.960856,0.001030,-0.000343
286847,0.000198,0.901715,-0.242635,-0.027667,0.273974,-0.029345,-0.960891,0.001030,-0.000343
286851,0.000169,0.901712,-0.242599,-0.027670,0.274424,-0.029421,-0.960760,0.001373,-0.000343
286854,0.000210,0.901716,-0.242590,-0.027678,0.274394,-0.029426,-0.960768,0.001030,0.000000
286858,0.000292,0.901705,-0.242598,-0.027673,0.273947,-0.029284,-0.960901,0.001030,-0.000343
286862,0.000242,0.901706,-0.242597,-0.027697,0.274237,-0.029663,-0.960806,0.001030,-0.000343
286865,0.000260,0.901701,-0.242618,-0.027637,0.274116,-0.029435,-0.960849,0.001030,0.000000
286869,0.000225,0.901716,-0.242628,-0.027703,0.274128,-0.029629,-0.960837,0.001030,-0.000343
286872,0.000206,0.901728,-0.242643,-0.027626,0.274324,-0.029540,-0.960787,0.001030,-0.000343
286876,0.000235,0.901723,-0.242638,-0.027643,0.273902,-0.029588,-0.960905,0.001030,-0.000343
286879,0.000231,0.901709,-0.242611,-0.027628,0.273850,-0.029442,-0.960925,0.001030,-0.000343
286883,0.000122,0.901707,-0.242536,-0.027684,0.274307,-0.029706,-0.960785,0.001030,-0.000343
286886,0.000077,0.901693,-0.242488,-0.027762,0.274247,-0.029636,-0.960802,0.001030,-0.000343
286890,0.000075,0.901692,-0.242470,-0.027832,0.274083,-0.029486,-0.960851,0.001030,-0.000343
286893,0.000033,0.901690,-0.242486,-0.027841,0.274217,-0.029587,-0.960809,0.001030,-0.000343
286897,0.000051,0.901695,-0.242555,-0.027768,0.274183,-0.029528,-0.960823,0.001030,-0.000343
286900,0.000107,0.901706,-0.242637,-0.027712,0.274000,-0.029531,-0.960877,0.001030,0.000000
286904,0.000099,0.901726,-0.242708,-0.027623,0.274276,-0.029587,-0.960799,0.001030,0.000000
286908,0.000164,0.901733,-0.242755,-0.027573,0.274043,-0.029259,-0.960877,0.001030,0.000000
286911,0.000154,0.901723,-0.242743,-0.027651,0.274020,-0.029373,-0.960878,0.000687,-0.000343
286915,0.000083,0.901722,-0.242662,-0.027653,0.274445,-0.029445,-0.960754,0.001030,-0.000343
286918,0.000081,0.901711,-0.242598,-0.027717,0.274347,-0.029497,-0.960779,0.000687,0.000000
286922,0.000118,0.901698,-0.242520,-0.027744,0.274053,-0.029309,-0.960867,0.000687,-0.000343
286925,0.000094,0.901701,-0.242477,-0.027730,0.274214,-0.029385,-0.960820,0.000687,-0.000343
286929,0.000130,0.901696,-0.242461,-0.027754,0.274164,-0.029377,-0.960833,0.000687,0.000000
286932,0.000164,0.901699,-0.242472,-0.027759,0.274021,-0.029267,-0.960877,0.000687,-0.000343
286936,0.000142,0.901709,-0.242505,-0.027677,0.274343,-0.029479,-0.960781,0.000343,-0.000343
286940,0.000181,0.901702,-0.242557,-0.027716,0.273889,-0.029572,-0.960907,0.000343,-0.000343
286943,0.000181,0.901707,-0.242586,-0.027686,0.273954,-0.029402,-0.960895,0.000687,-0.000343
286947,0.000116,0.901722,-0.242603,-0.027736,0.274335,-0.029754,-0.960774,0.000343,-0.000343
286950,0.000137,0.901710,-0.242623,-0.027703,0.274204,-0.029587,-0.960817,0.000343,-0.000343
286954,0.000167,0.901705,-0.242644,-0.027704,0.274079,-0.029560,-0.960853,0.000343,-0.000343
286957,0.000148,0.901707,-0.242646,-0.027658,0.274207,-0.029521,-0.960820,0.000343,-0.000343
286961,0.000176,0.901715,-0.242666,-0.027692,0.274044,-0.029600,-0.960863,0.000343,0.000000
286964,0.000180,0.901718,-0.242665,-0.027657,0.273908,-0.029531,-0.960905,0.000343,-0.000343
286968,0.000101,0.901720,-0.242632,-0.027680,0.274323,-0.029648,-0.960782,0.000000,0.000000
286972,0.000130,0.901708,-0.242610,-0.027688,0.274019,-0.029243,-0.960881,0.000343,-0.000343
286975,0.000111,0.901706,-0.242578,-0.027751,0.274023,-0.029491,-0.960870,0.000343,-0.000343
286979,0.000079,0.901712,-0.242546,-0.027716,0.274426,-0.029454,-0.960757,0.000343,-0.000343
286982,0.000126,0.901708,-0.242545,-0.027726,0.274224,-0.029507,-0.960813,0.000343,-0.000343
286986,0.000217,0.901705,-0.242562,-0.027701,0.274088,-0.029282,-0.960860,0.000000,-0.000343
286989,0.000226,0.901709,-0.242576,-0.027640,0.274201,-0.029394,-0.960826,0.000000,-0.000343
286993,0.000253,0.901704,-0.242601,-0.027681,0.274083,-0.029311,-0.960861,0.000000,-0.000343
286996,0.000234,0.901709,-0.242612,-0.027682,0.274008,-0.029331,-0.960882,-0.000343,0.000000
287000,0.000126,0.901717,-0.242610,-0.027693,0.274396,-0.029490,-0.960765,0.000000,-0.000343
287003,0.000081,0.901715,-0.242612,-0.027705,0.274431,-0.029488,-0.960755,0.000000,-0.000343
287007,0.000119,0.901714,-0.242628,-0.027686,0.274007,-0.029404,-0.960879,0.000000,-0.000343
287011,0.000060,0.901718,-0.242604,-0.027747,0.274311,-0.029824,-0.960778,-0.000343,-0.000343
287014,0.000107,0.901718,-0.242593,-0.027697,0.274234,-0.029583,-0.960809,-0.000343,0.000000
287018,0.000163,0.901716,-0.242573,-0.027717,0.274078,-0.029593,-0.960852,-0.000343,-0.000343
287021,0.000172,0.901711,-0.242547,-0.027707,0.274268,-0.029566,-0.960799,-0.001030,-0.000343
287025,0.000230,0.901700,-0.242536,-0.027735,0.273968,-0.029562,-0.960884,-0.000343,-0.000343
287028,0.000264,0.901699,-0.242540,-0.027737,0.273916,-0.029448,-0.960902,0.000000,-0.000343
287032,0.000199,0.901712,-0.242540,-0.027753,0.274312,-0.029734,-0.960780,-0.000343,-0.000343
287035,0.000198,0.901711,-0.242578,-0.027716,0.274242,-0.029689,-0.960803,-0.000343,-0.000343
287039,0.000225,0.901711,-0.242622,-0.027688,0.273992,-0.029560,-0.960879,-0.000343,-0.000343
287042,0.000193,0.901719,-0.242647,-0.027698,0.274139,-0.029597,-0.960835,-0.000343,-0.000343
287046,0.000181,0.901725,-0.242645,-0.027688,0.274184,-0.029608,-0.960823,-0.000687,0.000000
287050,0.000172,0.901722,-0.242622,-0.027642,0.274152,-0.029327,-0.960842,-0.000687,-0.000343
287053,0.000135,0.901719,-0.242589,-0.027715,0.274309,-0.029553,-0.960788,-0.000343,-0.000343
287057,0.000166,0.901702,-0.242538,-0.027740,0.274081,-0.029265,-0.960861,-0.000343,-0.000343
287060,0.000173,0.901693,-0.242517,-0.027778,0.273967,-0.029378,-0.960889,-0.000687,-0.000343
287064,0.000142,0.901706,-0.242501,-0.027729,0.274437,-0.029419,-0.960755,-0.000687,-0.000343
287067,0.000162,0.901709,-0.242514,-0.027723,0.274344,-0.029488,-0.960779,-0.000687,-0.000343
287071,0.000235,0.901709,-0.242573,-0.027656,0.273961,-0.029284,-0.960897,-0.000343,-0.000343
287075,0.000181,0.901716,-0.242599,-0.027722,0.274232,-0.029696,-0.960805,-0.000687,-0.000343
287078,0.000196,0.901714,-0.242625,-0.027657,0.274115,-0.029431,-0.960849,-0.000687,-0.000343
287082,0.000156,0.901716,-0.242640,-0.027722,0.274166,-0.029630,-0.960826,-0.000687,-0.000343
287085,0.000120,0.901713,-0.242635,-0.027711,0.274393,-0.029535,-0.960765,-0.000687,-0.000343
287089,0.000166,0.901710,-0.242639,-0.027716,0.273923,-0.029636,-0.960895,-0.000687,-0.000343
287092,0.000187,0.901707,-0.242631,-0.027701,0.273900,-0.029432,-0.960909,-0.000687,-0.000343
287096,0.000130,0.901713,-0.242596,-0.027714,0.274332,-0.029763,-0.960775,-0.000687,-0.000343
287100,0.000196,0.901708,-0.242587,-0.027707,0.274002,-0.029287,-0.960884,-0.000687,-0.000343
287103,0.000171,0.901710,-0.242556,-0.027725,0.273991,-0.029568,-0.960878,-0.000687,-0.000343
287106,0.000146,0.901703,-0.242538,-0.027734,0.274146,-0.029546,-0.960834,-0.000687,-0.000343
287110,0.000149,0.901703,-0.242525,-0.027759,0.274129,-0.029644,-0.960835,-0.000687,-0.000343
287114,0.000165,0.901710,-0.242533,-0.027719,0.274183,-0.029335,-0.960830,-0.000687,-0.000343
287117,0.000170,0.901711,-0.242544,-0.027714,0.274267,-0.029651,-0.960797,-0.000343,-0.000343
287117,0.000170,0.901711,-0.242544,-0.027714,0.274267,-0.029651,-0.960797,-0.000343,-0.000343
287117,0.000170,0.901711,-0.242544,-0.027714,0.274267,-0.029651,-0.960797,-0.000343,-0.000343
287117,0.000170,0.901711,-0.242544,-0.027714,0.274267,-0.029651,-0.960797,-0.000343,-0.000343
287117,0.000170,0.901711,-0.242544,-0.027714,0.274267,-0.029651,-0.960797,-0.000343,-0.000343
287117,0.000170,0.901711,-0.242544,-0.027714,0.274267,-0.029651,-0.960797,-0.000343,-0.000343
287117,0.000170,0.901711,-0.242544,-0.027714,0.274267,-0.029651,-0.960797,-0.000343,-0.000343
287117,0.000170,0.901711,-0.242544,-0.027714,0.274267,-0.029651,-0.960797,-0.000343,-0.000343
287117,0.000170,0.901711,-0.242544,-0.027714,0.274267,-0.029651,-0.960797,-0.000343,-0.000343
287117,0.000170,0.901711,-0.242544,-0.027714,0.274267,-0.029651,-0.960797,-0.000343,-0.000343
287117,0.000170,0.901711,-0.242544,-0.027714,0.274267,-0.029651,-0.960797,-0.000343,-0.000343
287117,0.000170,0.901711,-0.242544,-0.027714,0.274267,-0.029651,-0.960797,-0.000343,-0.000343
287117,0.000170,0.901711,-0.242544,-0.027714,0.274267,-0.029651,-0.960797,-0.000343,-0.000343
287117,0.000170,0.901711,-0.242544,-0.027714,0.274267,-0.029651,-0.960797,-0.000343,-0.000343
287117,0.000170,0.901711,-0.242544,-0.027714,0.274267,-0.029651,-0.960797,-0.000343,-0.000343
287117,0.000170,0.901711,-0.242544,-0.027714,0.274267,-0.029651,-0.960797,-0.000343,-0.000343
